1681136112011 2070.0 500
1681136112219 1483.0 1000
1681136112391 1772.0 1500
1681136112576 1939.0 2000
1681136112754 2066.0 2500
1681136112934 2159.0 3000
1681136113106 2241.0 3500
1681136113281 2303.0 4000
1681136113456 2354.0 4500
1681136113640 2386.0 5000
1681136113841 2394.0 5500
1681136114030 2413.0 6000
1681136114226 2424.0 6500
1681136114446 2412.0 7000
1681136114658 2408.0 7500
1681136114851 2419.0 8000
1681136115136 2366.0 8500
1681136115645 2195.0 9000
1681136115878 2192.0 9500
1681136116076 2206.0 10000
1681136116344 2007.0 10500
1681136116564 2131.0 11000
1681136116780 2191.0 11500
1681136117024 2153.0 12000
1681136117286 2099.0 12500
1681136117489 2152.0 13000
1681136117724 2149.0 13500
1681136117968 2136.0 14000
1681136118199 2138.0 14500
1681136118429 2142.0 15000
1681136118633 2167.0 15500
1681136118992 2071.0 16000
1681136119228 2074.0 16500
1681136119463 2078.0 17000
1681136119701 2079.0 17500
1681136119898 2103.0 18000
1681136120159 2091.0 18500
1681136120398 2091.0 19000
1681136120653 2084.0 19500
1681136120886 2087.0 20000
1681136121121 2190.0 20500
1681136121374 2076.0 21000
1681136121584 2168.0 21500
1681136121774 2268.0 22000
1681136122005 2247.0 22500
1681136122252 2206.0 23000
1681136122471 2217.0 23500
1681136122726 2181.0 24000
1681136122931 2208.0 24500
1681136123131 2234.0 25000
1681136123323 2263.0 25500
1681136123515 2288.0 26000
1681136123698 2316.0 26500
1681136123889 2336.0 27000
1681136124070 2360.0 27500
1681136124262 2374.0 28000
1681136124454 2386.0 28500
1681136124636 2404.0 29000
1681136124826 2415.0 29500
1681136125033 2415.0 30000
1681136125225 2704.0 30500
1681136125410 2703.0 31000
1681136125606 2648.0 31500
1681136125819 2566.0 32000
1681136126009 2579.0 32500
1681136126193 2602.0 33000
1681136126400 2573.0 33500
1681136126582 2594.0 34000
1681136126766 2607.0 34500
1681136126960 2604.0 35000
1681136127162 2591.0 35500
1681136127374 2570.0 36000
1681136127570 2569.0 36500
1681136127761 2572.0 37000
1681136127934 2591.0 37500
1681136128118 2598.0 38000
1681136128302 2605.0 38500
1681136128501 2600.0 39000
1681136128686 2605.0 39500
1681136128887 2599.0 40000
1681136129074 2783.0 40500
1681136129253 2786.0 41000
1681136129438 2761.0 41500
1681136129619 2761.0 42000
1681136129832 2665.0 42500
1681136130023 2658.0 43000
1681136130204 2673.0 43500
1681136130387 2680.0 44000
1681136130572 2682.0 44500
1681136130756 2685.0 45000
1681136130933 2697.0 45500
1681136131106 2712.0 46000
1681136131278 2726.0 46500
1681136131451 2738.0 47000
1681136131621 2750.0 47500
1681136131793 2760.0 48000
1681136131967 2766.0 48500
1681136132139 2774.0 49000
1681136132316 2776.0 49500
1681136132487 2783.0 50000
1681136132654 3130.0 50500
1681136132819 3076.0 51000
1681136132986 3046.0 51500
1681136133154 3030.0 52000
1681136133320 3026.0 52500
1681136133489 3014.0 53000
1681136133663 2995.0 53500
1681136133939 2768.0 54000
1681136134172 2682.0 54500
1681136134710 2256.0 55000
1681136135138 2080.0 55500
1681136135708 1866.0 56000
1681136136134 1785.0 56500
1681136136896 1590.0 57000
1681136137458 1510.0 57500
1681136138031 1444.0 58000
1681136138475 1421.0 58500
1681136139260 1330.0 59000
1681136139819 1296.0 59500
1681136140364 1270.0 60000
1681136140777 1232.0 60500
1681136141345 1026.0 61000
1681136141729 1104.0 61500
1681136142167 1113.0 62000
1681136142539 1153.0 62500
1681136143154 1078.0 63000
1681136143596 1085.0 63500
1681136144049 1087.0 64000
1681136144740 1030.0 64500
1681136145327 1009.0 65000
1681136145614 1049.0 65500
1681136145843 1096.0 66000
1681136146028 1149.0 66500
1681136146219 1197.0 67000
1681136146399 1244.0 67500
1681136146576 1289.0 68000
1681136146750 1332.0 68500
1681136146922 1373.0 69000
1681136147097 1412.0 69500
1681136147272 1449.0 70000
1681136147447 2960.0 70500
1681136147622 2909.0 71000
1681136147805 2849.0 71500
1681136147979 2855.0 72000
1681136148152 2862.0 72500
1681136148322 2874.0 73000
1681136148493 2881.0 73500
1681136148660 2895.0 74000
1681136148837 2886.0 74500
1681136149021 2869.0 75000
1681136149199 2864.0 75500
1681136149379 2856.0 76000
1681136149658 2731.0 76500
1681136149937 2632.0 77000
1681136150753 2158.0 77500
1681136151506 1892.0 78000
1681136151987 1805.0 78500
1681136152404 1756.0 79000
1681136153022 1654.0 79500
1681136153667 1565.0 80000
1681136154286 816.0 80500
1681136154879 829.0 81000
1681136155585 785.0 81500
1681136156244 778.0 82000
1681136156953 762.0 82500
1681136157539 776.0 83000
1681136158006 807.0 83500
1681136158420 842.0 84000
1681136158969 849.0 84500
1681136159407 872.0 85000
1681136159940 877.0 85500
1681136160344 899.0 86000
1681136160935 895.0 86500
1681136161430 902.0 87000
1681136162138 886.0 87500
1681136162822 874.0 88000
1681136163433 871.0 88500
1681136163969 874.0 89000
1681136164454 881.0 89500
1681136164793 899.0 90000
1681136165602 624.0 90500
1681136165974 852.0 91000
1681136166331 980.0 91500
1681136166598 1113.0 92000
1681136166845 1223.0 92500
1681136167268 1216.0 93000
1681136168338 989.0 93500
1681136168605 1051.0 94000
1681136169019 1066.0 94500
1681136169627 1036.0 95000
1681136169964 1065.0 95500
1681136170434 1065.0 96000
1681136170969 1053.0 96500
1681136171234 1088.0 97000
1681136171765 1076.0 97500
1681136172109 1094.0 98000
1681136172416 1116.0 98500
1681136173297 1059.0 99000
1681136173757 1060.0 99500
1681136174165 1067.0 100000
1681136175078 551.0 100500
1681136175486 761.0 101000
1681136176356 686.0 101500
1681136176588 827.0 102000
1681136177051 868.0 102500
1681136177350 943.0 103000
1681136177696 993.0 103500
1681136177918 1067.0 104000
1681136178136 1135.0 104500
1681136178558 1139.0 105000
1681136179253 1082.0 105500
1681136179468 1132.0 106000
1681136179685 1178.0 106500
1681136180002 1201.0 107000
1681136180255 1232.0 107500
1681136180479 1268.0 108000
1681136180692 1303.0 108500
1681136180880 1341.0 109000
1681136181072 1376.0 109500
1681136181257 1411.0 110000
1681136181454 2651.0 110500
1681136181632 2730.0 111000
1681136181812 2747.0 111500
1681136181998 2732.0 112000
1681136182179 2738.0 112500
1681136182362 2737.0 113000
1681136182541 2743.0 113500
1681136182719 2753.0 114000
1681136182901 2752.0 114500
1681136183080 2755.0 115000
1681136183272 2741.0 115500
1681136183455 2740.0 116000
1681136183633 2746.0 116500
1681136183809 2752.0 117000
1681136183988 2754.0 117500
1681136184164 2760.0 118000
1681136184340 2764.0 118500
1681136184514 2770.0 119000
1681136184687 2776.0 119500
1681136184867 2777.0 120000
1681136185047 2894.0 120500
1681136185221 2886.0 121000
1681136185391 2907.0 121500
1681136185563 2904.0 122000
1681136185737 2899.0 122500
1681136185914 2885.0 123000
1681136186112 2849.0 123500
1681136186322 2763.0 124000
1681136186486 2792.0 124500
1681136186646 2822.0 125000
1681136186808 2845.0 125500
1681136186965 2869.0 126000
1681136187125 2888.0 126500
1681136187288 2903.0 127000
1681136187455 2906.0 127500
1681136187661 2871.0 128000
1681136187822 2883.0 128500
1681136187984 2894.0 129000
1681136188150 2900.0 129500
1681136188313 2908.0 130000
1681136188478 3162.0 130500
1681136188644 3093.0 131000
1681136188808 3079.0 131500
1681136188981 3025.0 132000
1681136189145 3031.0 132500
1681136189310 3032.0 133000
1681136189476 3029.0 133500
1681136189646 3018.0 134000
1681136189825 2990.0 134500
1681136190025 2933.0 135000
1681136190206 2916.0 135500
1681136190384 2907.0 136000
1681136190574 2884.0 136500
1681136190757 2873.0 137000
1681136190958 2843.0 137500
1681136191151 2826.0 138000
1681136191393 2766.0 138500
1681136191614 2732.0 139000
1681136191820 2714.0 139500
1681136192075 2663.0 140000
1681136192361 1790.0 140500
1681136192624 1843.0 141000
1681136193067 1521.0 141500
1681136193678 1252.0 142000
1681136193982 1315.0 142500
1681136194708 1142.0 143000
1681136195430 1045.0 143500
1681136195830 1067.0 144000
1681136196198 1093.0 144500
1681136196595 1107.0 145000
1681136197136 1088.0 145500
1681136197979 1017.0 146000
1681136198498 1013.0 146500
1681136199266 974.0 147000
1681136199784 973.0 147500
1681136200509 949.0 148000
1681136200875 966.0 148500
1681136201306 975.0 149000
1681136201680 989.0 149500
1681136202135 994.0 150000
1681136202517 1332.0 150500
1681136202994 1173.0 151000
1681136203409 1184.0 151500
1681136203881 1150.0 152000
1681136204418 1098.0 152500
1681136205236 969.0 153000
1681136205676 990.0 153500
1681136206163 994.0 154000
1681136206745 977.0 154500
1681136207717 896.0 155000
1681136208197 908.0 155500
1681136208829 897.0 156000
1681136209219 918.0 156500
1681136209794 914.0 157000
1681136210297 919.0 157500
1681136210794 924.0 158000
1681136211131 945.0 158500
1681136211514 960.0 159000
1681136212077 956.0 159500
1681136212870 932.0 160000
1681136213383 991.0 160500
1681136214207 752.0 161000
1681136214604 869.0 161500
1681136215093 903.0 162000
1681136215576 926.0 162500
1681136216191 905.0 163000
1681136216620 935.0 163500
1681136217223 920.0 164000
1681136217659 941.0 164500
1681136218354 913.0 165000
1681136218793 930.0 165500
1681136219410 918.0 166000
1681136219809 937.0 166500
1681136220313 941.0 167000
1681136220799 946.0 167500
1681136221651 912.0 168000
1681136222223 909.0 168500
1681136223166 874.0 169000
1681136223732 875.0 169500
1681136224481 861.0 170000
1681136224975 1028.0 170500
1681136225612 890.0 171000
1681136226066 950.0 171500
1681136226647 926.0 172000
1681136227207 919.0 172500
1681136227869 887.0 173000
1681136228520 868.0 173500
1681136229507 797.0 174000
1681136229997 816.0 174500
1681136230734 800.0 175000
1681136231025 841.0 175500
1681136231570 847.0 176000
1681136231974 868.0 176500
1681136233031 819.0 177000
1681136233506 831.0 177500
1681136233916 848.0 178000
1681136234845 820.0 178500
1681136235231 837.0 179000
1681136235580 856.0 179500
1681136236205 853.0 180000
1681136236582 1356.0 180500
1681136237413 833.0 181000
1681136237858 912.0 181500
1681136238115 1052.0 182000
1681136238400 1143.0 182500
1681136238702 1205.0 183000
1681136239533 1054.0 183500
1681136239975 1063.0 184000
1681136240343 1089.0 184500
1681136240715 1110.0 185000
1681136241469 1046.0 185500
1681136242058 1026.0 186000
1681136242838 981.0 186500
1681136243505 960.0 187000
1681136244452 910.0 187500
1681136245108 899.0 188000
1681136245977 870.0 188500
1681136246557 870.0 189000
1681136247240 861.0 189500
1681136247727 868.0 190000
1681136248290 900.0 190500
1681136248717 1018.0 191000
1681136249015 1171.0 191500
1681136249583 1082.0 192000
1681136250399 938.0 192500
1681136250948 933.0 193000
1681136251827 855.0 193500
1681136252259 884.0 194000
1681136252821 884.0 194500
1681136253444 875.0 195000
1681136254515 811.0 195500
1681136254988 827.0 196000
1681136255683 817.0 196500
1681136256225 824.0 197000
1681136257091 801.0 197500
1681136257526 817.0 198000
1681136258201 812.0 198500
1681136258730 818.0 199000
1681136259637 798.0 199500
1681136259918 820.0 200000
1681136260861 534.0 200500
1681136261502 634.0 201000
1681136262218 654.0 201500
1681136262739 710.0 202000
1681136263341 731.0 202500
1681136263760 782.0 203000
1681136264152 828.0 203500
1681136264926 800.0 204000
1681136265364 827.0 204500
1681136266199 796.0 205000
1681136266527 833.0 205500
1681136267496 792.0 206000
1681136267882 816.0 206500
1681136268278 838.0 207000
1681136268895 836.0 207500
1681136269304 853.0 208000
1681136270004 843.0 208500
1681136270250 871.0 209000
1681136270601 889.0 209500
1681136271455 867.0 210000
1681136271877 1208.0 210500
1681136272653 840.0 211000
1681136273039 952.0 211500
1681136273322 1076.0 212000
1681136273682 1126.0 212500
1681136274013 1176.0 213000
1681136274235 1262.0 213500
1681136274558 1292.0 214000
1681136274810 1344.0 214500
1681136275120 1367.0 215000
1681136275429 1386.0 215500
1681136275681 1422.0 216000
1681136276110 1398.0 216500
1681136276472 1397.0 217000
1681136276721 1426.0 217500
1681136277022 1439.0 218000
1681136277268 1464.0 218500
1681136277505 1489.0 219000
1681136277771 1506.0 219500
1681136278016 1525.0 220000
1681136278228 2442.0 220500
1681136278477 2205.0 221000
1681136278707 2195.0 221500
1681136278910 2256.0 222000
1681136279174 2173.0 222500
1681136279453 2097.0 223000
1681136279717 2067.0 223500
1681136280065 1958.0 224000
1681136280338 1944.0 224500
1681136280610 1932.0 225000
1681136280887 1920.0 225500
1681136281148 1920.0 226000
1681136281386 1933.0 226500
1681136281625 1943.0 227000
1681136281889 1940.0 227500
1681136282093 1965.0 228000
1681136282294 1990.0 228500
1681136282539 1992.0 229000
1681136282794 1991.0 229500
1681136283011 2005.0 230000
1681136283221 2455.0 230500
1681136283399 2623.0 231000
1681136283580 2666.0 231500
1681136283759 2698.0 232000
1681136283937 2719.0 232500
1681136284123 2714.0 233000
1681136284312 2703.0 233500
1681136284484 2728.0 234000
1681136284663 2734.0 234500
1681136284841 2742.0 235000
1681136285019 2748.0 235500
1681136285233 2709.0 236000
1681136285410 2716.0 236500
1681136285592 2718.0 237000
1681136285771 2724.0 237500
1681136285954 2724.0 238000
1681136286127 2733.0 238500
1681136286302 2740.0 239000
1681136286485 2739.0 239500
1681136286694 2720.0 240000
1681136286887 2716.0 240500
1681136287070 2722.0 241000
1681136287247 2756.0 241500
1681136287434 2733.0 242000
1681136287621 2720.0 242500
1681136287810 2708.0 243000
1681136288056 2589.0 243500
1681136288248 2587.0 244000
1681136288437 2593.0 244500
1681136288670 2540.0 245000
1681136289454 1998.0 245500
1681136289888 1883.0 246000
1681136290666 1640.0 246500
1681136290933 1654.0 247000
1681136291402 1596.0 247500
1681136291923 1532.0 248000
1681136292838 1385.0 248500
1681136293181 1389.0 249000
1681136293602 1376.0 249500
1681136294019 1366.0 250000
1681136294646 812.0 250500
1681136295101 933.0 251000
1681136295910 798.0 251500
1681136296349 862.0 252000
1681136297042 829.0 252500
1681136297451 877.0 253000
1681136298061 868.0 253500
1681136298363 923.0 254000
1681136298758 951.0 254500
1681136299134 979.0 255000
1681136299636 981.0 255500
1681136300076 992.0 256000
1681136300646 982.0 256500
1681136300977 1007.0 257000
1681136301531 999.0 257500
1681136301993 1004.0 258000
1681136302808 968.0 258500
1681136303197 981.0 259000
1681136303759 976.0 259500
1681136304249 978.0 260000
1681136305196 531.0 260500
1681136305588 750.0 261000
1681136306223 762.0 261500
1681136306716 813.0 262000
1681136307672 732.0 262500
1681136308051 790.0 263000
1681136308687 789.0 263500
1681136309120 822.0 264000
1681136309833 806.0 264500
1681136310274 830.0 265000
1681136310925 824.0 265500
1681136311354 845.0 266000
1681136311887 851.0 266500
1681136312280 872.0 267000
1681136312857 871.0 267500
1681136313281 886.0 268000
1681136314086 864.0 268500
1681136314499 878.0 269000
1681136315149 872.0 269500
1681136315607 881.0 270000
1681136316433 610.0 270500
1681136316816 831.0 271000
1681136317475 805.0 271500
1681136317916 868.0 272000
1681136318714 806.0 272500
1681136319254 824.0 273000
1681136320388 733.0 273500
1681136320818 768.0 274000
1681136321458 770.0 274500
1681136321879 798.0 275000
1681136322547 793.0 275500
1681136323005 811.0 276000
1681136323900 784.0 276500
1681136324295 806.0 277000
1681136324979 800.0 277500
1681136325427 815.0 278000
1681136326273 797.0 278500
1681136326655 815.0 279000
1681136327259 815.0 279500
1681136327654 830.0 280000
1681136328393 683.0 280500
1681136328729 937.0 281000
1681136329269 933.0 281500
1681136329740 962.0 282000
1681136330600 851.0 282500
1681136331071 879.0 283000
1681136331839 837.0 283500
1681136332303 861.0 284000
1681136333130 823.0 284500
1681136333545 849.0 285000
1681136334348 822.0 285500
1681136334718 850.0 286000
1681136335283 853.0 286500
1681136335698 871.0 287000
1681136336184 880.0 287500
1681136336613 893.0 288000
1681136337366 875.0 288500
1681136337810 886.0 289000
1681136338596 868.0 289500
1681136338947 886.0 290000
1681136339503 910.0 290500
1681136339875 1086.0 291000
1681136340365 1062.0 291500
1681136340758 1108.0 292000
1681136341453 1000.0 292500
1681136341948 1002.0 293000
1681136342660 944.0 293500
1681136343073 971.0 294000
1681136343844 920.0 294500
1681136344332 929.0 295000
1681136345144 888.0 295500
1681136345568 907.0 296000
1681136346274 887.0 296500
1681136346641 910.0 297000
1681136347305 898.0 297500
1681136347694 915.0 298000
1681136348329 906.0 298500
1681136348765 917.0 299000
1681136349556 896.0 299500
1681136349937 910.0 300000
