1681136112013 100.0 500
1681136112219 200.0 1000
1681136112391 300.0 1500
1681136112576 400.0 2000
1681136112754 500.0 2500
1681136112934 600.0 3000
1681136113106 700.0 3500
1681136113281 800.0 4000
1681136113456 900.0 4500
1681136113640 1000.0 5000
1681136113841 1100.0 5500
1681136114030 1200.0 6000
1681136114226 1300.0 6500
1681136114447 1400.0 7000
1681136114659 1500.0 7500
1681136114851 1600.0 8000
1681136115137 1700.0 8500
1681136115645 1800.0 9000
1681136115879 1900.0 9500
1681136116076 2000.0 10000
1681136116345 100.0 10500
1681136116565 200.0 11000
1681136116780 300.0 11500
1681136117024 400.0 12000
1681136117286 500.0 12500
1681136117490 600.0 13000
1681136117724 700.0 13500
1681136117968 800.0 14000
1681136118200 900.0 14500
1681136118429 1000.0 15000
1681136118633 1100.0 15500
1681136118992 1200.0 16000
1681136119229 1300.0 16500
1681136119463 1400.0 17000
1681136119702 1500.0 17500
1681136119898 1600.0 18000
1681136120160 1700.0 18500
1681136120398 1800.0 19000
1681136120653 1900.0 19500
1681136120886 2000.0 20000
1681136121121 100.0 20500
1681136121375 200.0 21000
1681136121585 300.0 21500
1681136121775 400.0 22000
1681136122005 500.0 22500
1681136122253 600.0 23000
1681136122471 700.0 23500
1681136122726 800.0 24000
1681136122931 900.0 24500
1681136123131 1000.0 25000
1681136123323 1100.0 25500
1681136123515 1200.0 26000
1681136123699 1300.0 26500
1681136123889 1400.0 27000
1681136124070 1500.0 27500
1681136124263 1600.0 28000
1681136124455 1700.0 28500
1681136124636 1800.0 29000
1681136124827 1900.0 29500
1681136125033 2000.0 30000
1681136125225 100.0 30500
1681136125410 200.0 31000
1681136125607 300.0 31500
1681136125820 400.0 32000
1681136126010 500.0 32500
1681136126193 600.0 33000
1681136126400 700.0 33500
1681136126582 800.0 34000
1681136126766 900.0 34500
1681136126960 1000.0 35000
1681136127163 1100.0 35500
1681136127374 1200.0 36000
1681136127570 1300.0 36500
1681136127762 1400.0 37000
1681136127935 1500.0 37500
1681136128119 1600.0 38000
1681136128303 1700.0 38500
1681136128501 1800.0 39000
1681136128687 1900.0 39500
1681136128888 2000.0 40000
1681136129074 100.0 40500
1681136129254 200.0 41000
1681136129438 300.0 41500
1681136129619 400.0 42000
1681136129833 500.0 42500
1681136130023 600.0 43000
1681136130204 700.0 43500
1681136130387 800.0 44000
1681136130572 900.0 44500
1681136130756 1000.0 45000
1681136130934 1100.0 45500
1681136131106 1200.0 46000
1681136131279 1300.0 46500
1681136131451 1400.0 47000
1681136131621 1500.0 47500
1681136131793 1600.0 48000
1681136131967 1700.0 48500
1681136132139 1800.0 49000
1681136132316 1900.0 49500
1681136132487 2000.0 50000
1681136132654 100.0 50500
1681136132819 200.0 51000
1681136132987 300.0 51500
1681136133154 400.0 52000
1681136133320 500.0 52500
1681136133490 600.0 53000
1681136133663 700.0 53500
1681136133939 800.0 54000
1681136134172 900.0 54500
1681136134710 1000.0 55000
1681136135138 1100.0 55500
1681136135708 1200.0 56000
1681136136134 1300.0 56500
1681136136896 1400.0 57000
1681136137459 1500.0 57500
1681136138032 1600.0 58000
1681136138475 1700.0 58500
1681136139260 1800.0 59000
1681136139820 1900.0 59500
1681136140364 2000.0 60000
1681136140777 100.0 60500
1681136141345 200.0 61000
1681136141729 300.0 61500
1681136142168 400.0 62000
1681136142539 500.0 62500
1681136143154 600.0 63000
1681136143596 700.0 63500
1681136144049 800.0 64000
1681136144740 900.0 64500
1681136145327 1000.0 65000
1681136145614 1100.0 65500
1681136145844 1200.0 66000
1681136146028 1300.0 66500
1681136146219 1400.0 67000
1681136146399 1500.0 67500
1681136146576 1600.0 68000
1681136146751 1700.0 68500
1681136146922 1800.0 69000
1681136147098 1900.0 69500
1681136147272 2000.0 70000
1681136147448 100.0 70500
1681136147623 200.0 71000
1681136147805 300.0 71500
1681136147979 400.0 72000
1681136148152 500.0 72500
1681136148322 600.0 73000
1681136148493 700.0 73500
1681136148661 800.0 74000
1681136148838 900.0 74500
1681136149022 1000.0 75000
1681136149199 1100.0 75500
1681136149379 1200.0 76000
1681136149659 1300.0 76500
1681136149938 1400.0 77000
1681136150753 1500.0 77500
1681136151507 1600.0 78000
1681136151988 1700.0 78500
1681136152404 1800.0 79000
1681136153022 1900.0 79500
1681136153668 2000.0 80000
1681136154287 100.0 80500
1681136154880 200.0 81000
1681136155585 300.0 81500
1681136156244 400.0 82000
1681136156954 500.0 82500
1681136157539 600.0 83000
1681136158006 700.0 83500
1681136158421 800.0 84000
1681136158969 900.0 84500
1681136159407 1000.0 85000
1681136159941 1100.0 85500
1681136160345 1200.0 86000
1681136160935 1300.0 86500
1681136161430 1400.0 87000
1681136162139 1500.0 87500
1681136162823 1600.0 88000
1681136163433 1700.0 88500
1681136163970 1800.0 89000
1681136164455 1900.0 89500
1681136164794 2000.0 90000
1681136165602 100.0 90500
1681136165974 200.0 91000
1681136166331 300.0 91500
1681136166598 400.0 92000
1681136166845 500.0 92500
1681136167268 600.0 93000
1681136168338 700.0 93500
1681136168606 800.0 94000
1681136169019 900.0 94500
1681136169628 1000.0 95000
1681136169964 1100.0 95500
1681136170435 1200.0 96000
1681136170969 1300.0 96500
1681136171234 1400.0 97000
1681136171765 1500.0 97500
1681136172109 1600.0 98000
1681136172416 1700.0 98500
1681136173298 1800.0 99000
1681136173757 1900.0 99500
1681136174165 2000.0 100000
1681136175078 100.0 100500
1681136175486 200.0 101000
1681136176356 300.0 101500
1681136176589 400.0 102000
1681136177052 500.0 102500
1681136177351 600.0 103000
1681136177697 700.0 103500
1681136177918 800.0 104000
1681136178136 900.0 104500
1681136178559 1000.0 105000
1681136179254 1100.0 105500
1681136179468 1200.0 106000
1681136179686 1300.0 106500
1681136180002 1400.0 107000
1681136180256 1500.0 107500
1681136180479 1600.0 108000
1681136180693 1700.0 108500
1681136180881 1800.0 109000
1681136181073 1900.0 109500
1681136181257 2000.0 110000
1681136181455 100.0 110500
1681136181632 200.0 111000
1681136181812 300.0 111500
1681136181998 400.0 112000
1681136182179 500.0 112500
1681136182362 600.0 113000
1681136182542 700.0 113500
1681136182719 800.0 114000
1681136182901 900.0 114500
1681136183080 1000.0 115000
1681136183272 1100.0 115500
1681136183456 1200.0 116000
1681136183633 1300.0 116500
1681136183810 1400.0 117000
1681136183989 1500.0 117500
1681136184164 1600.0 118000
1681136184341 1700.0 118500
1681136184515 1800.0 119000
1681136184688 1900.0 119500
1681136184867 2000.0 120000
1681136185048 100.0 120500
1681136185221 200.0 121000
1681136185391 300.0 121500
1681136185564 400.0 122000
1681136185737 500.0 122500
1681136185915 600.0 123000
1681136186113 700.0 123500
1681136186322 800.0 124000
1681136186486 900.0 124500
1681136186646 1000.0 125000
1681136186808 1100.0 125500
1681136186966 1200.0 126000
1681136187125 1300.0 126500
1681136187288 1400.0 127000
1681136187455 1500.0 127500
1681136187661 1600.0 128000
1681136187822 1700.0 128500
1681136187984 1800.0 129000
1681136188151 1900.0 129500
1681136188314 2000.0 130000
1681136188479 100.0 130500
1681136188644 200.0 131000
1681136188808 300.0 131500
1681136188982 400.0 132000
1681136189145 500.0 132500
1681136189310 600.0 133000
1681136189476 700.0 133500
1681136189646 800.0 134000
1681136189825 900.0 134500
1681136190025 1000.0 135000
1681136190207 1100.0 135500
1681136190384 1200.0 136000
1681136190574 1300.0 136500
1681136190757 1400.0 137000
1681136190959 1500.0 137500
1681136191152 1600.0 138000
1681136191394 1700.0 138500
1681136191614 1800.0 139000
1681136191820 1900.0 139500
1681136192075 2000.0 140000
1681136192362 100.0 140500
1681136192625 200.0 141000
1681136193068 300.0 141500
1681136193679 400.0 142000
1681136193983 500.0 142500
1681136194708 600.0 143000
1681136195431 700.0 143500
1681136195831 800.0 144000
1681136196198 900.0 144500
1681136196595 1000.0 145000
1681136197136 1100.0 145500
1681136197979 1200.0 146000
1681136198498 1300.0 146500
1681136199266 1400.0 147000
1681136199784 1500.0 147500
1681136200509 1600.0 148000
1681136200876 1700.0 148500
1681136201306 1800.0 149000
1681136201681 1900.0 149500
1681136202135 2000.0 150000
1681136202518 100.0 150500
1681136202995 200.0 151000
1681136203409 300.0 151500
1681136203881 400.0 152000
1681136204418 500.0 152500
1681136205236 600.0 153000
1681136205676 700.0 153500
1681136206164 800.0 154000
1681136206746 900.0 154500
1681136207717 1000.0 155000
1681136208197 1100.0 155500
1681136208829 1200.0 156000
1681136209220 1300.0 156500
1681136209794 1400.0 157000
1681136210297 1500.0 157500
1681136210794 1600.0 158000
1681136211131 1700.0 158500
1681136211514 1800.0 159000
1681136212077 1900.0 159500
1681136212871 2000.0 160000
1681136213383 100.0 160500
1681136214207 200.0 161000
1681136214604 300.0 161500
1681136215093 400.0 162000
1681136215577 500.0 162500
1681136216192 600.0 163000
1681136216620 700.0 163500
1681136217223 800.0 164000
1681136217659 900.0 164500
1681136218354 1000.0 165000
1681136218794 1100.0 165500
1681136219410 1200.0 166000
1681136219809 1300.0 166500
1681136220314 1400.0 167000
1681136220799 1500.0 167500
1681136221651 1600.0 168000
1681136222223 1700.0 168500
1681136223166 1800.0 169000
1681136223732 1900.0 169500
1681136224481 2000.0 170000
1681136224975 100.0 170500
1681136225612 200.0 171000
1681136226067 300.0 171500
1681136226647 400.0 172000
1681136227207 500.0 172500
1681136227870 600.0 173000
1681136228520 700.0 173500
1681136229508 800.0 174000
1681136229997 900.0 174500
1681136230735 1000.0 175000
1681136231025 1100.0 175500
1681136231571 1200.0 176000
1681136231974 1300.0 176500
1681136233032 1400.0 177000
1681136233507 1500.0 177500
1681136233916 1600.0 178000
1681136234846 1700.0 178500
1681136235231 1800.0 179000
1681136235580 1900.0 179500
1681136236206 2000.0 180000
1681136236583 100.0 180500
1681136237414 200.0 181000
1681136237858 300.0 181500
1681136238115 400.0 182000
1681136238401 500.0 182500
1681136238703 600.0 183000
1681136239533 700.0 183500
1681136239975 800.0 184000
1681136240344 900.0 184500
1681136240715 1000.0 185000
1681136241470 1100.0 185500
1681136242058 1200.0 186000
1681136242838 1300.0 186500
1681136243506 1400.0 187000
1681136244453 1500.0 187500
1681136245109 1600.0 188000
1681136245977 1700.0 188500
1681136246557 1800.0 189000
1681136247240 1900.0 189500
1681136247728 2000.0 190000
1681136248291 100.0 190500
1681136248718 200.0 191000
1681136249016 300.0 191500
1681136249584 400.0 192000
1681136250400 500.0 192500
1681136250948 600.0 193000
1681136251828 700.0 193500
1681136252259 800.0 194000
1681136252821 900.0 194500
1681136253444 1000.0 195000
1681136254515 1100.0 195500
1681136254988 1200.0 196000
1681136255683 1300.0 196500
1681136256226 1400.0 197000
1681136257092 1500.0 197500
1681136257526 1600.0 198000
1681136258202 1700.0 198500
1681136258731 1800.0 199000
1681136259637 1900.0 199500
1681136259919 2000.0 200000
1681136260861 100.0 200500
1681136261502 200.0 201000
1681136262219 300.0 201500
1681136262740 400.0 202000
1681136263341 500.0 202500
1681136263761 600.0 203000
1681136264152 700.0 203500
1681136264926 800.0 204000
1681136265364 900.0 204500
1681136266200 1000.0 205000
1681136266527 1100.0 205500
1681136267496 1200.0 206000
1681136267882 1300.0 206500
1681136268278 1400.0 207000
1681136268896 1500.0 207500
1681136269304 1600.0 208000
1681136270004 1700.0 208500
1681136270251 1800.0 209000
1681136270602 1900.0 209500
1681136271455 2000.0 210000
1681136271877 100.0 210500
1681136272653 200.0 211000
1681136273039 300.0 211500
1681136273322 400.0 212000
1681136273682 500.0 212500
1681136274014 600.0 213000
1681136274236 700.0 213500
1681136274559 800.0 214000
1681136274810 900.0 214500
1681136275121 1000.0 215000
1681136275429 1100.0 215500
1681136275681 1200.0 216000
1681136276111 1300.0 216500
1681136276473 1400.0 217000
1681136276721 1500.0 217500
1681136277023 1600.0 218000
1681136277268 1700.0 218500
1681136277505 1800.0 219000
1681136277771 1900.0 219500
1681136278016 2000.0 220000
1681136278229 100.0 220500
1681136278477 200.0 221000
1681136278707 300.0 221500
1681136278910 400.0 222000
1681136279174 500.0 222500
1681136279454 600.0 223000
1681136279717 700.0 223500
1681136280066 800.0 224000
1681136280338 900.0 224500
1681136280611 1000.0 225000
1681136280887 1100.0 225500
1681136281149 1200.0 226000
1681136281386 1300.0 226500
1681136281626 1400.0 227000
1681136281889 1500.0 227500
1681136282093 1600.0 228000
1681136282294 1700.0 228500
1681136282540 1800.0 229000
1681136282795 1900.0 229500
1681136283011 2000.0 230000
1681136283222 100.0 230500
1681136283399 200.0 231000
1681136283580 300.0 231500
1681136283759 400.0 232000
1681136283937 500.0 232500
1681136284124 600.0 233000
1681136284313 700.0 233500
1681136284484 800.0 234000
1681136284663 900.0 234500
1681136284841 1000.0 235000
1681136285019 1100.0 235500
1681136285233 1200.0 236000
1681136285410 1300.0 236500
1681136285593 1400.0 237000
1681136285771 1500.0 237500
1681136285955 1600.0 238000
1681136286128 1700.0 238500
1681136286302 1800.0 239000
1681136286485 1900.0 239500
1681136286695 2000.0 240000
1681136286887 100.0 240500
1681136287070 200.0 241000
1681136287247 300.0 241500
1681136287434 400.0 242000
1681136287622 500.0 242500
1681136287811 600.0 243000
1681136288056 700.0 243500
1681136288249 800.0 244000
1681136288438 900.0 244500
1681136288671 1000.0 245000
1681136289455 1100.0 245500
1681136289888 1200.0 246000
1681136290667 1300.0 246500
1681136290933 1400.0 247000
1681136291402 1500.0 247500
1681136291923 1600.0 248000
1681136292839 1700.0 248500
1681136293181 1800.0 249000
1681136293602 1900.0 249500
1681136294019 2000.0 250000
1681136294646 100.0 250500
1681136295101 200.0 251000
1681136295910 300.0 251500
1681136296349 400.0 252000
1681136297042 500.0 252500
1681136297451 600.0 253000
1681136298062 700.0 253500
1681136298363 800.0 254000
1681136298759 900.0 254500
1681136299135 1000.0 255000
1681136299636 1100.0 255500
1681136300076 1200.0 256000
1681136300647 1300.0 256500
1681136300977 1400.0 257000
1681136301531 1500.0 257500
1681136301993 1600.0 258000
1681136302808 1700.0 258500
1681136303197 1800.0 259000
1681136303759 1900.0 259500
1681136304249 2000.0 260000
1681136305196 100.0 260500
1681136305589 200.0 261000
1681136306223 300.0 261500
1681136306716 400.0 262000
1681136307672 500.0 262500
1681136308052 600.0 263000
1681136308687 700.0 263500
1681136309121 800.0 264000
1681136309833 900.0 264500
1681136310275 1000.0 265000
1681136310925 1100.0 265500
1681136311354 1200.0 266000
1681136311888 1300.0 266500
1681136312281 1400.0 267000
1681136312858 1500.0 267500
1681136313282 1600.0 268000
1681136314087 1700.0 268500
1681136314499 1800.0 269000
1681136315149 1900.0 269500
1681136315607 2000.0 270000
1681136316434 100.0 270500
1681136316817 200.0 271000
1681136317475 300.0 271500
1681136317917 400.0 272000
1681136318715 500.0 272500
1681136319255 600.0 273000
1681136320389 700.0 273500
1681136320819 800.0 274000
1681136321461 900.0 274500
1681136321879 1000.0 275000
1681136322548 1100.0 275500
1681136323005 1200.0 276000
1681136323901 1300.0 276500
1681136324296 1400.0 277000
1681136324980 1500.0 277500
1681136325427 1600.0 278000
1681136326273 1700.0 278500
1681136326655 1800.0 279000
1681136327259 1900.0 279500
1681136327654 2000.0 280000
1681136328394 100.0 280500
1681136328730 200.0 281000
1681136329269 300.0 281500
1681136329741 400.0 282000
1681136330600 500.0 282500
1681136331072 600.0 283000
1681136331839 700.0 283500
1681136332303 800.0 284000
1681136333130 900.0 284500
1681136333545 1000.0 285000
1681136334348 1100.0 285500
1681136334718 1200.0 286000
1681136335284 1300.0 286500
1681136335698 1400.0 287000
1681136336184 1500.0 287500
1681136336614 1600.0 288000
1681136337366 1700.0 288500
1681136337810 1800.0 289000
1681136338596 1900.0 289500
1681136338947 2000.0 290000
1681136339503 100.0 290500
1681136339875 200.0 291000
1681136340366 300.0 291500
1681136340758 400.0 292000
1681136341453 500.0 292500
1681136341948 600.0 293000
1681136342660 700.0 293500
1681136343073 800.0 294000
1681136343844 900.0 294500
1681136344332 1000.0 295000
1681136345145 1100.0 295500
1681136345568 1200.0 296000
1681136346275 1300.0 296500
1681136346641 1400.0 297000
1681136347305 1500.0 297500
1681136347694 1600.0 298000
1681136348329 1700.0 298500
1681136348765 1800.0 299000
1681136349556 1900.0 299500
1681136349938 2000.0 300000
