1681136112014 0.0 500
1681136112220 0.0 1000
1681136112392 0.0 1500
1681136112577 1.0 2000
1681136112755 1.0 2500
1681136112934 1.0 3000
1681136113107 1.0 3500
1681136113281 1.0 4000
1681136113457 1.0 4500
1681136113640 2.0 5000
1681136113842 2.0 5500
1681136114031 2.0 6000
1681136114226 2.0 6500
1681136114447 2.0 7000
1681136114659 3.0 7500
1681136114852 3.0 8000
1681136115137 3.0 8500
1681136115645 4.0 9000
1681136115879 4.0 9500
1681136116077 4.0 10000
1681136116345 0.0 10500
1681136116565 0.0 11000
1681136116780 0.0 11500
1681136117025 0.0 12000
1681136117287 1.0 12500
1681136117490 1.0 13000
1681136117724 1.0 13500
1681136117968 1.0 14000
1681136118200 2.0 14500
1681136118430 2.0 15000
1681136118634 2.0 15500
1681136118992 2.0 16000
1681136119229 3.0 16500
1681136119464 3.0 17000
1681136119702 3.0 17500
1681136119899 3.0 18000
1681136120160 4.0 18500
1681136120399 4.0 19000
1681136120654 4.0 19500
1681136120886 4.0 20000
1681136121122 0.0 20500
1681136121375 0.0 21000
1681136121585 0.0 21500
1681136121775 0.0 22000
1681136122006 1.0 22500
1681136122253 1.0 23000
1681136122472 1.0 23500
1681136122727 1.0 24000
1681136122932 2.0 24500
1681136123131 2.0 25000
1681136123324 2.0 25500
1681136123515 2.0 26000
1681136123699 2.0 26500
1681136123890 2.0 27000
1681136124071 3.0 27500
1681136124263 3.0 28000
1681136124455 3.0 28500
1681136124636 3.0 29000
1681136124827 3.0 29500
1681136125034 4.0 30000
1681136125226 0.0 30500
1681136125411 0.0 31000
1681136125607 0.0 31500
1681136125820 0.0 32000
1681136126010 0.0 32500
1681136126194 1.0 33000
1681136126401 1.0 33500
1681136126582 1.0 34000
1681136126766 1.0 34500
1681136126961 1.0 35000
1681136127163 2.0 35500
1681136127375 2.0 36000
1681136127570 2.0 36500
1681136127762 2.0 37000
1681136127935 2.0 37500
1681136128119 3.0 38000
1681136128303 3.0 38500
1681136128502 3.0 39000
1681136128687 3.0 39500
1681136128888 3.0 40000
1681136129075 0.0 40500
1681136129254 0.0 41000
1681136129438 0.0 41500
1681136129619 0.0 42000
1681136129833 0.0 42500
1681136130024 1.0 43000
1681136130205 1.0 43500
1681136130387 1.0 44000
1681136130573 1.0 44500
1681136130757 1.0 45000
1681136130934 2.0 45500
1681136131107 2.0 46000
1681136131279 2.0 46500
1681136131451 2.0 47000
1681136131622 2.0 47500
1681136131794 2.0 48000
1681136131968 3.0 48500
1681136132139 3.0 49000
1681136132317 3.0 49500
1681136132488 3.0 50000
1681136132654 0.0 50500
1681136132820 0.0 51000
1681136132987 0.0 51500
1681136133155 0.0 52000
1681136133321 0.0 52500
1681136133490 0.0 53000
1681136133663 1.0 53500
1681136133940 1.0 54000
1681136134172 1.0 54500
1681136134711 2.0 55000
1681136135139 2.0 55500
1681136135709 3.0 56000
1681136136135 3.0 56500
1681136136897 4.0 57000
1681136137459 4.0 57500
1681136138032 5.0 58000
1681136138475 5.0 58500
1681136139260 6.0 59000
1681136139820 7.0 59500
1681136140365 7.0 60000
1681136140778 0.0 60500
1681136141346 0.0 61000
1681136141730 1.0 61500
1681136142168 1.0 62000
1681136142539 2.0 62500
1681136143154 2.0 63000
1681136143596 3.0 63500
1681136144049 3.0 64000
1681136144741 4.0 64500
1681136145327 4.0 65000
1681136145614 5.0 65500
1681136145844 5.0 66000
1681136146029 5.0 66500
1681136146220 5.0 67000
1681136146400 6.0 67500
1681136146576 6.0 68000
1681136146751 6.0 68500
1681136146923 6.0 69000
1681136147098 6.0 69500
1681136147272 6.0 70000
1681136147448 0.0 70500
1681136147623 0.0 71000
1681136147806 0.0 71500
1681136147980 0.0 72000
1681136148153 0.0 72500
1681136148323 1.0 73000
1681136148494 1.0 73500
1681136148661 1.0 74000
1681136148838 1.0 74500
1681136149022 1.0 75000
1681136149199 1.0 75500
1681136149380 2.0 76000
1681136149659 2.0 76500
1681136149938 2.0 77000
1681136150754 3.0 77500
1681136151507 4.0 78000
1681136151988 4.0 78500
1681136152404 5.0 79000
1681136153022 5.0 79500
1681136153668 6.0 80000
1681136154287 0.0 80500
1681136154880 1.0 81000
1681136155585 1.0 81500
1681136156244 2.0 82000
1681136156954 3.0 82500
1681136157540 3.0 83000
1681136158007 4.0 83500
1681136158421 4.0 84000
1681136158970 5.0 84500
1681136159407 5.0 85000
1681136159941 6.0 85500
1681136160345 6.0 86000
1681136160935 7.0 86500
1681136161431 7.0 87000
1681136162139 8.0 87500
1681136162823 9.0 88000
1681136163433 9.0 88500
1681136163970 10.0 89000
1681136164455 10.0 89500
1681136164794 11.0 90000
1681136165603 0.0 90500
1681136165974 1.0 91000
1681136166332 1.0 91500
1681136166598 1.0 92000
1681136166846 2.0 92500
1681136167269 2.0 93000
1681136168338 3.0 93500
1681136168606 3.0 94000
1681136169020 4.0 94500
1681136169628 4.0 95000
1681136169965 5.0 95500
1681136170435 5.0 96000
1681136170969 6.0 96500
1681136171235 6.0 97000
1681136171766 6.0 97500
1681136172109 7.0 98000
1681136172416 7.0 98500
1681136173298 8.0 99000
1681136173758 8.0 99500
1681136174165 9.0 100000
1681136175079 0.0 100500
1681136175486 1.0 101000
1681136176357 2.0 101500
1681136176589 2.0 102000
1681136177052 2.0 102500
1681136177351 3.0 103000
1681136177697 3.0 103500
1681136177918 3.0 104000
1681136178137 3.0 104500
1681136178559 4.0 105000
1681136179254 5.0 105500
1681136179469 5.0 106000
1681136179686 5.0 106500
1681136180003 5.0 107000
1681136180256 6.0 107500
1681136180480 6.0 108000
1681136180693 6.0 108500
1681136180881 6.0 109000
1681136181073 6.0 109500
1681136181257 7.0 110000
1681136181455 0.0 110500
1681136181633 0.0 111000
1681136181813 0.0 111500
1681136181998 0.0 112000
1681136182180 0.0 112500
1681136182363 1.0 113000
1681136182542 1.0 113500
1681136182719 1.0 114000
1681136182901 1.0 114500
1681136183081 1.0 115000
1681136183273 2.0 115500
1681136183456 2.0 116000
1681136183633 2.0 116500
1681136183810 2.0 117000
1681136183989 2.0 117500
1681136184165 2.0 118000
1681136184341 3.0 118500
1681136184515 3.0 119000
1681136184688 3.0 119500
1681136184867 3.0 120000
1681136185048 0.0 120500
1681136185222 0.0 121000
1681136185391 0.0 121500
1681136185564 0.0 122000
1681136185738 0.0 122500
1681136185915 1.0 123000
1681136186114 1.0 123500
1681136186323 1.0 124000
1681136186487 1.0 124500
1681136186647 1.0 125000
1681136186808 1.0 125500
1681136186966 2.0 126000
1681136187126 2.0 126500
1681136187289 2.0 127000
1681136187456 2.0 127500
1681136187662 2.0 128000
1681136187823 2.0 128500
1681136187985 3.0 129000
1681136188151 3.0 129500
1681136188314 3.0 130000
1681136188479 0.0 130500
1681136188645 0.0 131000
1681136188808 0.0 131500
1681136188982 0.0 132000
1681136189146 0.0 132500
1681136189310 0.0 133000
1681136189476 1.0 133500
1681136189646 1.0 134000
1681136189826 1.0 134500
1681136190026 1.0 135000
1681136190207 1.0 135500
1681136190385 2.0 136000
1681136190575 2.0 136500
1681136190757 2.0 137000
1681136190959 2.0 137500
1681136191153 2.0 138000
1681136191394 3.0 138500
1681136191614 3.0 139000
1681136191820 3.0 139500
1681136192075 3.0 140000
1681136192362 0.0 140500
1681136192625 0.0 141000
1681136193068 0.0 141500
1681136193680 1.0 142000
1681136193983 1.0 142500
1681136194709 2.0 143000
1681136195431 3.0 143500
1681136195831 3.0 144000
1681136196199 4.0 144500
1681136196595 4.0 145000
1681136197137 5.0 145500
1681136197980 5.0 146000
1681136198499 6.0 146500
1681136199266 7.0 147000
1681136199784 7.0 147500
1681136200510 8.0 148000
1681136200876 8.0 148500
1681136201307 9.0 149000
1681136201681 9.0 149500
1681136202136 10.0 150000
1681136202518 0.0 150500
1681136202995 0.0 151000
1681136203409 1.0 151500
1681136203882 1.0 152000
1681136204419 2.0 152500
1681136205237 3.0 153000
1681136205677 3.0 153500
1681136206164 4.0 154000
1681136206746 4.0 154500
1681136207718 5.0 155000
1681136208198 6.0 155500
1681136208829 6.0 156000
1681136209220 7.0 156500
1681136209795 7.0 157000
1681136210298 8.0 157500
1681136210795 8.0 158000
1681136211132 8.0 158500
1681136211515 9.0 159000
1681136212077 9.0 159500
1681136212871 10.0 160000
1681136213384 0.0 160500
1681136214207 1.0 161000
1681136214605 1.0 161500
1681136215094 2.0 162000
1681136215577 2.0 162500
1681136216192 3.0 163000
1681136216621 3.0 163500
1681136217224 4.0 164000
1681136217660 4.0 164500
1681136218355 5.0 165000
1681136218795 5.0 165500
1681136219411 6.0 166000
1681136219810 6.0 166500
1681136220314 7.0 167000
1681136220800 7.0 167500
1681136221651 8.0 168000
1681136222224 9.0 168500
1681136223166 10.0 169000
1681136223733 10.0 169500
1681136224481 11.0 170000
1681136224976 0.0 170500
1681136225613 1.0 171000
1681136226067 1.0 171500
1681136226648 2.0 172000
1681136227207 2.0 172500
1681136227870 3.0 173000
1681136228521 4.0 173500
1681136229508 5.0 174000
1681136229998 5.0 174500
1681136230735 6.0 175000
1681136231026 6.0 175500
1681136231571 7.0 176000
1681136231975 7.0 176500
1681136233032 8.0 177000
1681136233507 9.0 177500
1681136233916 9.0 178000
1681136234846 10.0 178500
1681136235232 10.0 179000
1681136235581 11.0 179500
1681136236206 11.0 180000
1681136236583 0.0 180500
1681136237414 1.0 181000
1681136237858 1.0 181500
1681136238115 1.0 182000
1681136238401 2.0 182500
1681136238703 2.0 183000
1681136239534 3.0 183500
1681136239975 3.0 184000
1681136240344 4.0 184500
1681136240715 4.0 185000
1681136241470 5.0 185500
1681136242059 5.0 186000
1681136242839 6.0 186500
1681136243507 7.0 187000
1681136244453 8.0 187500
1681136245109 8.0 188000
1681136245978 9.0 188500
1681136246558 10.0 189000
1681136247240 11.0 189500
1681136247728 11.0 190000
1681136248291 0.0 190500
1681136248718 0.0 191000
1681136249016 1.0 191500
1681136249584 1.0 192000
1681136250400 2.0 192500
1681136250948 3.0 193000
1681136251828 4.0 193500
1681136252259 4.0 194000
1681136252821 5.0 194500
1681136253444 5.0 195000
1681136254516 6.0 195500
1681136254989 7.0 196000
1681136255684 7.0 196500
1681136256226 8.0 197000
1681136257092 9.0 197500
1681136257527 9.0 198000
1681136258202 10.0 198500
1681136258731 10.0 199000
1681136259637 11.0 199500
1681136259919 12.0 200000
1681136260862 0.0 200500
1681136261503 1.0 201000
1681136262219 2.0 201500
1681136262740 2.0 202000
1681136263342 3.0 202500
1681136263761 3.0 203000
1681136264152 4.0 203500
1681136264927 4.0 204000
1681136265365 5.0 204500
1681136266200 6.0 205000
1681136266528 6.0 205500
1681136267497 7.0 206000
1681136267882 7.0 206500
1681136268279 8.0 207000
1681136268897 8.0 207500
1681136269305 9.0 208000
1681136270004 10.0 208500
1681136270251 10.0 209000
1681136270602 10.0 209500
1681136271455 11.0 210000
1681136271877 0.0 210500
1681136272654 1.0 211000
1681136273039 1.0 211500
1681136273322 1.0 212000
1681136273683 2.0 212500
1681136274014 2.0 213000
1681136274236 2.0 213500
1681136274559 3.0 214000
1681136274810 3.0 214500
1681136275121 3.0 215000
1681136275430 3.0 215500
1681136275681 4.0 216000
1681136276111 4.0 216500
1681136276473 5.0 217000
1681136276722 5.0 217500
1681136277023 5.0 218000
1681136277268 5.0 218500
1681136277505 6.0 219000
1681136277772 6.0 219500
1681136278017 6.0 220000
1681136278229 0.0 220500
1681136278478 0.0 221000
1681136278707 0.0 221500
1681136278910 0.0 222000
1681136279175 1.0 222500
1681136279454 1.0 223000
1681136279717 1.0 223500
1681136280066 2.0 224000
1681136280338 2.0 224500
1681136280611 2.0 225000
1681136280888 2.0 225500
1681136281149 3.0 226000
1681136281387 3.0 226500
1681136281626 3.0 227000
1681136281890 3.0 227500
1681136282093 4.0 228000
1681136282295 4.0 228500
1681136282540 4.0 229000
1681136282795 4.0 229500
1681136283011 4.0 230000
1681136283222 0.0 230500
1681136283399 0.0 231000
1681136283581 0.0 231500
1681136283760 0.0 232000
1681136283938 0.0 232500
1681136284124 1.0 233000
1681136284313 1.0 233500
1681136284485 1.0 234000
1681136284664 1.0 234500
1681136284842 1.0 235000
1681136285019 2.0 235500
1681136285233 2.0 236000
1681136285411 2.0 236500
1681136285593 2.0 237000
1681136285771 2.0 237500
1681136285955 2.0 238000
1681136286128 3.0 238500
1681136286302 3.0 239000
1681136286486 3.0 239500
1681136286695 3.0 240000
1681136286888 0.0 240500
1681136287070 0.0 241000
1681136287248 0.0 241500
1681136287435 0.0 242000
1681136287622 0.0 242500
1681136287811 1.0 243000
1681136288057 1.0 243500
1681136288249 1.0 244000
1681136288438 1.0 244500
1681136288671 1.0 245000
1681136289455 2.0 245500
1681136289888 3.0 246000
1681136290667 3.0 246500
1681136290934 4.0 247000
1681136291402 4.0 247500
1681136291923 5.0 248000
1681136292839 6.0 248500
1681136293182 6.0 249000
1681136293602 6.0 249500
1681136294020 7.0 250000
1681136294646 0.0 250500
1681136295102 1.0 251000
1681136295910 1.0 251500
1681136296350 2.0 252000
1681136297043 3.0 252500
1681136297451 3.0 253000
1681136298062 4.0 253500
1681136298364 4.0 254000
1681136298759 4.0 254500
1681136299135 5.0 255000
1681136299637 5.0 255500
1681136300077 6.0 256000
1681136300647 6.0 256500
1681136300978 6.0 257000
1681136301532 7.0 257500
1681136301993 7.0 258000
1681136302809 8.0 258500
1681136303198 9.0 259000
1681136303760 9.0 259500
1681136304249 10.0 260000
1681136305197 0.0 260500
1681136305589 1.0 261000
1681136306224 1.0 261500
1681136306717 2.0 262000
1681136307673 3.0 262500
1681136308052 3.0 263000
1681136308687 4.0 263500
1681136309121 4.0 264000
1681136309833 5.0 264500
1681136310275 6.0 265000
1681136310925 6.0 265500
1681136311355 7.0 266000
1681136311888 7.0 266500
1681136312281 8.0 267000
1681136312858 8.0 267500
1681136313282 9.0 268000
1681136314088 9.0 268500
1681136314500 10.0 269000
1681136315150 10.0 269500
1681136315607 11.0 270000
1681136316434 0.0 270500
1681136316817 1.0 271000
1681136317476 1.0 271500
1681136317917 2.0 272000
1681136318715 3.0 272500
1681136319255 3.0 273000
1681136320389 4.0 273500
1681136320819 5.0 274000
1681136321463 5.0 274500
1681136321880 6.0 275000
1681136322548 6.0 275500
1681136323005 7.0 276000
1681136323901 8.0 276500
1681136324296 8.0 277000
1681136324980 9.0 277500
1681136325428 9.0 278000
1681136326273 10.0 278500
1681136326656 11.0 279000
1681136327260 11.0 279500
1681136327655 12.0 280000
1681136328394 0.0 280500
1681136328730 1.0 281000
1681136329270 1.0 281500
1681136329741 2.0 282000
1681136330600 2.0 282500
1681136331072 3.0 283000
1681136331840 4.0 283500
1681136332304 4.0 284000
1681136333131 5.0 284500
1681136333546 5.0 285000
1681136334349 6.0 285500
1681136334718 7.0 286000
1681136335284 7.0 286500
1681136335699 8.0 287000
1681136336184 8.0 287500
1681136336614 8.0 288000
1681136337367 9.0 288500
1681136337810 10.0 289000
1681136338597 10.0 289500
1681136338947 11.0 290000
1681136339504 0.0 290500
1681136339876 0.0 291000
1681136340366 1.0 291500
1681136340759 1.0 292000
1681136341453 2.0 292500
1681136341948 2.0 293000
1681136342661 3.0 293500
1681136343074 4.0 294000
1681136343844 4.0 294500
1681136344333 5.0 295000
1681136345145 6.0 295500
1681136345569 6.0 296000
1681136346275 7.0 296500
1681136346641 7.0 297000
1681136347305 8.0 297500
1681136347695 8.0 298000
1681136348330 9.0 298500
1681136348766 9.0 299000
1681136349557 10.0 299500
1681136349938 10.0 300000
