1681136112014 500.0 500
1681136112220 1000.0 1000
1681136112392 1500.0 1500
1681136112577 2000.0 2000
1681136112755 2500.0 2500
1681136112935 3000.0 3000
1681136113107 3500.0 3500
1681136113282 4000.0 4000
1681136113457 4500.0 4500
1681136113641 5000.0 5000
1681136113842 5500.0 5500
1681136114031 6000.0 6000
1681136114227 6500.0 6500
1681136114448 7000.0 7000
1681136114659 7500.0 7500
1681136114852 8000.0 8000
1681136115137 8500.0 8500
1681136115646 9000.0 9000
1681136115879 9500.0 9500
1681136116077 10000.0 10000
1681136116345 10500.0 10500
1681136116565 11000.0 11000
1681136116781 11500.0 11500
1681136117025 12000.0 12000
1681136117287 12500.0 12500
1681136117490 13000.0 13000
1681136117725 13500.0 13500
1681136117969 14000.0 14000
1681136118200 14500.0 14500
1681136118430 15000.0 15000
1681136118634 15500.0 15500
1681136118993 16000.0 16000
1681136119229 16500.0 16500
1681136119464 17000.0 17000
1681136119702 17500.0 17500
1681136119899 18000.0 18000
1681136120161 18500.0 18500
1681136120399 19000.0 19000
1681136120654 19500.0 19500
1681136120887 20000.0 20000
1681136121122 20500.0 20500
1681136121375 21000.0 21000
1681136121586 21500.0 21500
1681136121775 22000.0 22000
1681136122006 22500.0 22500
1681136122254 23000.0 23000
1681136122472 23500.0 23500
1681136122727 24000.0 24000
1681136122932 24500.0 24500
1681136123132 25000.0 25000
1681136123324 25500.0 25500
1681136123516 26000.0 26000
1681136123699 26500.0 26500
1681136123890 27000.0 27000
1681136124071 27500.0 27500
1681136124263 28000.0 28000
1681136124456 28500.0 28500
1681136124637 29000.0 29000
1681136124827 29500.0 29500
1681136125034 30000.0 30000
1681136125226 30500.0 30500
1681136125411 31000.0 31000
1681136125608 31500.0 31500
1681136125820 32000.0 32000
1681136126010 32500.0 32500
1681136126194 33000.0 33000
1681136126401 33500.0 33500
1681136126583 34000.0 34000
1681136126767 34500.0 34500
1681136126961 35000.0 35000
1681136127163 35500.0 35500
1681136127375 36000.0 36000
1681136127571 36500.0 36500
1681136127762 37000.0 37000
1681136127935 37500.0 37500
1681136128119 38000.0 38000
1681136128303 38500.0 38500
1681136128502 39000.0 39000
1681136128687 39500.0 39500
1681136128889 40000.0 40000
1681136129075 40500.0 40500
1681136129254 41000.0 41000
1681136129439 41500.0 41500
1681136129620 42000.0 42000
1681136129834 42500.0 42500
1681136130024 43000.0 43000
1681136130205 43500.0 43500
1681136130388 44000.0 44000
1681136130573 44500.0 44500
1681136130757 45000.0 45000
1681136130934 45500.0 45500
1681136131107 46000.0 46000
1681136131279 46500.0 46500
1681136131452 47000.0 47000
1681136131622 47500.0 47500
1681136131794 48000.0 48000
1681136131968 48500.0 48500
1681136132140 49000.0 49000
1681136132317 49500.0 49500
1681136132488 50000.0 50000
1681136132655 50500.0 50500
1681136132820 51000.0 51000
1681136132987 51500.0 51500
1681136133155 52000.0 52000
1681136133321 52500.0 52500
1681136133491 53000.0 53000
1681136133664 53500.0 53500
1681136133940 54000.0 54000
1681136134173 54500.0 54500
1681136134711 55000.0 55000
1681136135139 55500.0 55500
1681136135709 56000.0 56000
1681136136135 56500.0 56500
1681136136897 57000.0 57000
1681136137459 57500.0 57500
1681136138032 58000.0 58000
1681136138476 58500.0 58500
1681136139261 59000.0 59000
1681136139820 59500.0 59500
1681136140365 60000.0 60000
1681136140778 60500.0 60500
1681136141346 61000.0 61000
1681136141730 61500.0 61500
1681136142169 62000.0 62000
1681136142540 62500.0 62500
1681136143155 63000.0 63000
1681136143597 63500.0 63500
1681136144050 64000.0 64000
1681136144741 64500.0 64500
1681136145328 65000.0 65000
1681136145615 65500.0 65500
1681136145844 66000.0 66000
1681136146029 66500.0 66500
1681136146220 67000.0 67000
1681136146400 67500.0 67500
1681136146577 68000.0 68000
1681136146752 68500.0 68500
1681136146923 69000.0 69000
1681136147098 69500.0 69500
1681136147273 70000.0 70000
1681136147448 70500.0 70500
1681136147623 71000.0 71000
1681136147806 71500.0 71500
1681136147980 72000.0 72000
1681136148153 72500.0 72500
1681136148323 73000.0 73000
1681136148494 73500.0 73500
1681136148661 74000.0 74000
1681136148838 74500.0 74500
1681136149022 75000.0 75000
1681136149200 75500.0 75500
1681136149380 76000.0 76000
1681136149659 76500.0 76500
1681136149938 77000.0 77000
1681136150754 77500.0 77500
1681136151507 78000.0 78000
1681136151988 78500.0 78500
1681136152405 79000.0 79000
1681136153023 79500.0 79500
1681136153668 80000.0 80000
1681136154287 80500.0 80500
1681136154881 81000.0 81000
1681136155586 81500.0 81500
1681136156245 82000.0 82000
1681136156954 82500.0 82500
1681136157540 83000.0 83000
1681136158007 83500.0 83500
1681136158421 84000.0 84000
1681136158970 84500.0 84500
1681136159408 85000.0 85000
1681136159942 85500.0 85500
1681136160345 86000.0 86000
1681136160936 86500.0 86500
1681136161431 87000.0 87000
1681136162139 87500.0 87500
1681136162823 88000.0 88000
1681136163434 88500.0 88500
1681136163971 89000.0 89000
1681136164455 89500.0 89500
1681136164795 90000.0 90000
1681136165603 90500.0 90500
1681136165975 91000.0 91000
1681136166332 91500.0 91500
1681136166599 92000.0 92000
1681136166846 92500.0 92500
1681136167269 93000.0 93000
1681136168339 93500.0 93500
1681136168606 94000.0 94000
1681136169020 94500.0 94500
1681136169629 95000.0 95000
1681136169965 95500.0 95500
1681136170435 96000.0 96000
1681136170970 96500.0 96500
1681136171235 97000.0 97000
1681136171766 97500.0 97500
1681136172110 98000.0 98000
1681136172417 98500.0 98500
1681136173298 99000.0 99000
1681136173758 99500.0 99500
1681136174166 100000.0 100000
1681136175079 100500.0 100500
1681136175487 101000.0 101000
1681136176357 101500.0 101500
1681136176589 102000.0 102000
1681136177053 102500.0 102500
1681136177351 103000.0 103000
1681136177697 103500.0 103500
1681136177919 104000.0 104000
1681136178137 104500.0 104500
1681136178559 105000.0 105000
1681136179255 105500.0 105500
1681136179469 106000.0 106000
1681136179686 106500.0 106500
1681136180003 107000.0 107000
1681136180257 107500.0 107500
1681136180480 108000.0 108000
1681136180694 108500.0 108500
1681136180882 109000.0 109000
1681136181073 109500.0 109500
1681136181258 110000.0 110000
1681136181456 110500.0 110500
1681136181633 111000.0 111000
1681136181813 111500.0 111500
1681136181999 112000.0 112000
1681136182180 112500.0 112500
1681136182363 113000.0 113000
1681136182543 113500.0 113500
1681136182720 114000.0 114000
1681136182902 114500.0 114500
1681136183081 115000.0 115000
1681136183273 115500.0 115500
1681136183456 116000.0 116000
1681136183634 116500.0 116500
1681136183810 117000.0 117000
1681136183990 117500.0 117500
1681136184165 118000.0 118000
1681136184342 118500.0 118500
1681136184515 119000.0 119000
1681136184689 119500.0 119500
1681136184868 120000.0 120000
1681136185049 120500.0 120500
1681136185222 121000.0 121000
1681136185392 121500.0 121500
1681136185564 122000.0 122000
1681136185738 122500.0 122500
1681136185915 123000.0 123000
1681136186115 123500.0 123500
1681136186323 124000.0 124000
1681136186487 124500.0 124500
1681136186647 125000.0 125000
1681136186809 125500.0 125500
1681136186966 126000.0 126000
1681136187126 126500.0 126500
1681136187290 127000.0 127000
1681136187456 127500.0 127500
1681136187662 128000.0 128000
1681136187823 128500.0 128500
1681136187985 129000.0 129000
1681136188151 129500.0 129500
1681136188314 130000.0 130000
1681136188479 130500.0 130500
1681136188645 131000.0 131000
1681136188809 131500.0 131500
1681136188982 132000.0 132000
1681136189146 132500.0 132500
1681136189311 133000.0 133000
1681136189477 133500.0 133500
1681136189647 134000.0 134000
1681136189826 134500.0 134500
1681136190026 135000.0 135000
1681136190207 135500.0 135500
1681136190385 136000.0 136000
1681136190575 136500.0 136500
1681136190758 137000.0 137000
1681136190959 137500.0 137500
1681136191154 138000.0 138000
1681136191394 138500.0 138500
1681136191615 139000.0 139000
1681136191821 139500.0 139500
1681136192076 140000.0 140000
1681136192362 140500.0 140500
1681136192625 141000.0 141000
1681136193069 141500.0 141500
1681136193680 142000.0 142000
1681136193983 142500.0 142500
1681136194709 143000.0 143000
1681136195431 143500.0 143500
1681136195832 144000.0 144000
1681136196199 144500.0 144500
1681136196596 145000.0 145000
1681136197137 145500.0 145500
1681136197980 146000.0 146000
1681136198499 146500.0 146500
1681136199267 147000.0 147000
1681136199785 147500.0 147500
1681136200510 148000.0 148000
1681136200876 148500.0 148500
1681136201307 149000.0 149000
1681136201681 149500.0 149500
1681136202136 150000.0 150000
1681136202519 150500.0 150500
1681136202996 151000.0 151000
1681136203410 151500.0 151500
1681136203882 152000.0 152000
1681136204419 152500.0 152500
1681136205237 153000.0 153000
1681136205677 153500.0 153500
1681136206165 154000.0 154000
1681136206746 154500.0 154500
1681136207718 155000.0 155000
1681136208198 155500.0 155500
1681136208830 156000.0 156000
1681136209220 156500.0 156500
1681136209795 157000.0 157000
1681136210298 157500.0 157500
1681136210795 158000.0 158000
1681136211132 158500.0 158500
1681136211515 159000.0 159000
1681136212078 159500.0 159500
1681136212872 160000.0 160000
1681136213384 160500.0 160500
1681136214208 161000.0 161000
1681136214605 161500.0 161500
1681136215094 162000.0 162000
1681136215577 162500.0 162500
1681136216192 163000.0 163000
1681136216621 163500.0 163500
1681136217224 164000.0 164000
1681136217660 164500.0 164500
1681136218355 165000.0 165000
1681136218796 165500.0 165500
1681136219411 166000.0 166000
1681136219810 166500.0 166500
1681136220315 167000.0 167000
1681136220800 167500.0 167500
1681136221652 168000.0 168000
1681136222224 168500.0 168500
1681136223167 169000.0 169000
1681136223733 169500.0 169500
1681136224482 170000.0 170000
1681136224976 170500.0 170500
1681136225613 171000.0 171000
1681136226068 171500.0 171500
1681136226648 172000.0 172000
1681136227208 172500.0 172500
1681136227870 173000.0 173000
1681136228521 173500.0 173500
1681136229509 174000.0 174000
1681136229998 174500.0 174500
1681136230735 175000.0 175000
1681136231026 175500.0 175500
1681136231572 176000.0 176000
1681136231975 176500.0 176500
1681136233032 177000.0 177000
1681136233509 177500.0 177500
1681136233917 178000.0 178000
1681136234847 178500.0 178500
1681136235232 179000.0 179000
1681136235581 179500.0 179500
1681136236207 180000.0 180000
1681136236583 180500.0 180500
1681136237414 181000.0 181000
1681136237859 181500.0 181500
1681136238116 182000.0 182000
1681136238401 182500.0 182500
1681136238704 183000.0 183000
1681136239534 183500.0 183500
1681136239976 184000.0 184000
1681136240344 184500.0 184500
1681136240716 185000.0 185000
1681136241470 185500.0 185500
1681136242059 186000.0 186000
1681136242839 186500.0 186500
1681136243507 187000.0 187000
1681136244454 187500.0 187500
1681136245109 188000.0 188000
1681136245978 188500.0 188500
1681136246558 189000.0 189000
1681136247241 189500.0 189500
1681136247728 190000.0 190000
1681136248291 190500.0 190500
1681136248718 191000.0 191000
1681136249016 191500.0 191500
1681136249584 192000.0 192000
1681136250401 192500.0 192500
1681136250949 193000.0 193000
1681136251828 193500.0 193500
1681136252260 194000.0 194000
1681136252822 194500.0 194500
1681136253445 195000.0 195000
1681136254516 195500.0 195500
1681136254989 196000.0 196000
1681136255684 196500.0 196500
1681136256227 197000.0 197000
1681136257092 197500.0 197500
1681136257527 198000.0 198000
1681136258202 198500.0 198500
1681136258731 199000.0 199000
1681136259638 199500.0 199500
1681136259919 200000.0 200000
1681136260862 200500.0 200500
1681136261503 201000.0 201000
1681136262220 201500.0 201500
1681136262741 202000.0 202000
1681136263342 202500.0 202500
1681136263762 203000.0 203000
1681136264153 203500.0 203500
1681136264927 204000.0 204000
1681136265365 204500.0 204500
1681136266200 205000.0 205000
1681136266528 205500.0 205500
1681136267497 206000.0 206000
1681136267883 206500.0 206500
1681136268279 207000.0 207000
1681136268897 207500.0 207500
1681136269305 208000.0 208000
1681136270005 208500.0 208500
1681136270251 209000.0 209000
1681136270603 209500.0 209500
1681136271456 210000.0 210000
1681136271878 210500.0 210500
1681136272654 211000.0 211000
1681136273040 211500.0 211500
1681136273323 212000.0 212000
1681136273683 212500.0 212500
1681136274015 213000.0 213000
1681136274237 213500.0 213500
1681136274559 214000.0 214000
1681136274811 214500.0 214500
1681136275121 215000.0 215000
1681136275430 215500.0 215500
1681136275682 216000.0 216000
1681136276112 216500.0 216500
1681136276473 217000.0 217000
1681136276722 217500.0 217500
1681136277024 218000.0 218000
1681136277269 218500.0 218500
1681136277506 219000.0 219000
1681136277772 219500.0 219500
1681136278017 220000.0 220000
1681136278229 220500.0 220500
1681136278478 221000.0 221000
1681136278708 221500.0 221500
1681136278911 222000.0 222000
1681136279175 222500.0 222500
1681136279454 223000.0 223000
1681136279718 223500.0 223500
1681136280066 224000.0 224000
1681136280339 224500.0 224500
1681136280611 225000.0 225000
1681136280888 225500.0 225500
1681136281149 226000.0 226000
1681136281387 226500.0 226500
1681136281626 227000.0 227000
1681136281890 227500.0 227500
1681136282094 228000.0 228000
1681136282295 228500.0 228500
1681136282541 229000.0 229000
1681136282796 229500.0 229500
1681136283012 230000.0 230000
1681136283222 230500.0 230500
1681136283400 231000.0 231000
1681136283581 231500.0 231500
1681136283760 232000.0 232000
1681136283938 232500.0 232500
1681136284124 233000.0 233000
1681136284314 233500.0 233500
1681136284485 234000.0 234000
1681136284664 234500.0 234500
1681136284842 235000.0 235000
1681136285020 235500.0 235500
1681136285234 236000.0 236000
1681136285411 236500.0 236500
1681136285593 237000.0 237000
1681136285772 237500.0 237500
1681136285956 238000.0 238000
1681136286128 238500.0 238500
1681136286303 239000.0 239000
1681136286486 239500.0 239500
1681136286696 240000.0 240000
1681136286888 240500.0 240500
1681136287071 241000.0 241000
1681136287248 241500.0 241500
1681136287435 242000.0 242000
1681136287623 242500.0 242500
1681136287811 243000.0 243000
1681136288057 243500.0 243500
1681136288249 244000.0 244000
1681136288438 244500.0 244500
1681136288671 245000.0 245000
1681136289455 245500.0 245500
1681136289889 246000.0 246000
1681136290668 246500.0 246500
1681136290934 247000.0 247000
1681136291403 247500.0 247500
1681136291924 248000.0 248000
1681136292840 248500.0 248500
1681136293182 249000.0 249000
1681136293603 249500.0 249500
1681136294020 250000.0 250000
1681136294647 250500.0 250500
1681136295102 251000.0 251000
1681136295911 251500.0 251500
1681136296350 252000.0 252000
1681136297043 252500.0 252500
1681136297452 253000.0 253000
1681136298062 253500.0 253500
1681136298364 254000.0 254000
1681136298759 254500.0 254500
1681136299135 255000.0 255000
1681136299637 255500.0 255500
1681136300077 256000.0 256000
1681136300647 256500.0 256500
1681136300978 257000.0 257000
1681136301532 257500.0 257500
1681136301994 258000.0 258000
1681136302809 258500.0 258500
1681136303198 259000.0 259000
1681136303760 259500.0 259500
1681136304250 260000.0 260000
1681136305197 260500.0 260500
1681136305589 261000.0 261000
1681136306224 261500.0 261500
1681136306717 262000.0 262000
1681136307673 262500.0 262500
1681136308052 263000.0 263000
1681136308688 263500.0 263500
1681136309121 264000.0 264000
1681136309834 264500.0 264500
1681136310275 265000.0 265000
1681136310926 265500.0 265500
1681136311355 266000.0 266000
1681136311889 266500.0 266500
1681136312282 267000.0 267000
1681136312858 267500.0 267500
1681136313283 268000.0 268000
1681136314088 268500.0 268500
1681136314500 269000.0 269000
1681136315150 269500.0 269500
1681136315608 270000.0 270000
1681136316434 270500.0 270500
1681136316818 271000.0 271000
1681136317476 271500.0 271500
1681136317917 272000.0 272000
1681136318715 272500.0 272500
1681136319255 273000.0 273000
1681136320390 273500.0 273500
1681136320820 274000.0 274000
1681136321465 274500.0 274500
1681136321880 275000.0 275000
1681136322548 275500.0 275500
1681136323006 276000.0 276000
1681136323902 276500.0 276500
1681136324296 277000.0 277000
1681136324980 277500.0 277500
1681136325428 278000.0 278000
1681136326274 278500.0 278500
1681136326656 279000.0 279000
1681136327260 279500.0 279500
1681136327655 280000.0 280000
1681136328395 280500.0 280500
1681136328731 281000.0 281000
1681136329270 281500.0 281500
1681136329742 282000.0 282000
1681136330601 282500.0 282500
1681136331073 283000.0 283000
1681136331840 283500.0 283500
1681136332304 284000.0 284000
1681136333131 284500.0 284500
1681136333546 285000.0 285000
1681136334349 285500.0 285500
1681136334719 286000.0 286000
1681136335285 286500.0 286500
1681136335699 287000.0 287000
1681136336185 287500.0 287500
1681136336614 288000.0 288000
1681136337367 288500.0 288500
1681136337811 289000.0 289000
1681136338597 289500.0 289500
1681136338948 290000.0 290000
1681136339504 290500.0 290500
1681136339876 291000.0 291000
1681136340366 291500.0 291500
1681136340759 292000.0 292000
1681136341454 292500.0 292500
1681136341949 293000.0 293000
1681136342661 293500.0 293500
1681136343074 294000.0 294000
1681136343845 294500.0 294500
1681136344333 295000.0 295000
1681136345146 295500.0 295500
1681136345569 296000.0 296000
1681136346275 296500.0 296500
1681136346642 297000.0 297000
1681136347306 297500.0 297500
1681136347695 298000.0 298000
1681136348330 298500.0 298500
1681136348766 299000.0 299000
1681136349557 299500.0 299500
1681136349938 300000.0 300000
