1681550400682 -0.5433495044708252 500
1681550400873 -1.1455552577972412 1000
1681550401068 -1.362754464149475 1500
1681550401249 -1.2430756092071533 2000
1681550401430 -1.2169474363327026 2500
1681550401619 -1.3414703607559204 3000
1681550401831 -0.8920291662216187 3500
1681550402029 -0.8224459886550903 4000
1681550402245 -0.8440452814102173 4500
1681550402459 -0.547085702419281 5000
1681550402807 -1.3291901350021362 5500
1681550403499 -0.885739803314209 6000
1681550403817 -0.675300121307373 6500
1681550404049 -0.9829951524734497 7000
1681550404406 -0.40667638182640076 7500
1681550404648 -0.5365060567855835 8000
1681550404856 -0.6398995518684387 8500
1681550405098 -0.6134001612663269 9000
1681550405325 -0.2311035394668579 9500
1681550405580 -0.6149811148643494 10000
1681550405845 -0.12593790888786316 10500
1681550406162 -0.681567370891571 11000
1681550406518 -0.7355440855026245 11500
1681550406803 -0.765390932559967 12000
1681550407081 -0.5428112745285034 12500
1681550407409 -0.10442803055047989 13000
1681550407636 -0.16485033929347992 13500
1681550407868 -0.056635938584804535 14000
1681550408066 -0.7751031517982483 14500
1681550408512 -0.6098411679267883 15000
1681550408973 -0.3906552195549011 15500
1681550409205 -0.6471037268638611 16000
1681550409434 -0.3229009211063385 16500
1681550409635 -0.7177875638008118 17000
1681550409876 -0.43557968735694885 17500
1681550410113 -0.6721798181533813 18000
1681550410584 -0.8827149271965027 18500
1681550410979 -0.2507115304470062 19000
1681550411185 -0.8355703353881836 19500
1681550411384 -0.6697975397109985 20000
1681550411594 -0.4137975573539734 20500
1681550411826 -0.29795241355895996 21000
1681550412017 -0.7170459628105164 21500
1681550412233 -0.029785815626382828 22000
1681550412438 -0.670124888420105 22500
1681550412626 -1.1257050037384033 23000
1681550412871 -0.25365370512008667 23500
1681550413076 -0.1934099644422531 24000
1681550413283 -0.40549713373184204 24500
1681550413649 -0.6957433819770813 25000
1681550413961 -1.0088289976119995 25500
1681550414199 -0.2561987042427063 26000
1681550414407 -0.2630614638328552 26500
1681550414629 -0.44200125336647034 27000
1681550414882 -0.44314879179000854 27500
1681550415087 -0.5933747291564941 28000
1681550415292 -0.10670368373394012 28500
1681550415518 -0.653568685054779 29000
1681550415840 -0.5205141305923462 29500
1681550416115 -0.3680248260498047 30000
1681550416318 -0.133812814950943 30500
1681550416506 -0.6158972978591919 31000
1681550416701 -0.628200352191925 31500
1681550416899 -0.22148752212524414 32000
1681550417089 -0.6322008371353149 32500
1681550417287 -0.23129205405712128 33000
1681550417491 -0.5221972465515137 33500
1681550417680 -0.14662344753742218 34000
1681550417869 -0.06773631274700165 34500
1681550418116 -0.004905827343463898 35000
1681550418315 -0.8826615214347839 35500
1681550418596 -0.040536560118198395 36000
1681550418800 -0.70609050989151 36500
1681550419053 -0.4619140625 37000
1681550419270 -0.045035772025585175 37500
1681550419494 -0.6594998240470886 38000
1681550419774 -1.1524661779403687 38500
1681550419968 -0.34100425243377686 39000
1681550420160 -0.34780508279800415 39500
1681550420385 -1.0202701091766357 40000
1681550420589 -0.3056049942970276 40500
1681550420783 -0.948555588722229 41000
1681550420972 -0.5019681453704834 41500
1681550421157 -0.46061474084854126 42000
1681550421376 -1.0626347064971924 42500
1681550421573 -1.0853124856948853 43000
1681550421853 -0.9555882215499878 43500
1681550422122 -0.6464073657989502 44000
1681550422321 -0.6005581617355347 44500
1681550422556 -1.010379433631897 45000
1681550422842 -1.1895842552185059 45500
1681550423038 -0.006245232652872801 46000
1681550423260 -0.8767512440681458 46500
1681550423452 -0.20887458324432373 47000
1681550423694 -0.3448962867259979 47500
1681550423914 -0.00026021836674772203 48000
1681550424096 -0.9021385908126831 48500
1681550424282 -0.6254368424415588 49000
1681550424469 -0.02120548114180565 49500
1681550424657 -0.5387604236602783 50000
1681550424840 -0.4761011004447937 50500
1681550425028 -0.9431049227714539 51000
1681550425208 -1.0532146692276 51500
1681550425389 -0.8268092274665833 52000
1681550425568 -1.0090243816375732 52500
1681550425743 -0.7470935583114624 53000
1681550425919 -0.6438539028167725 53500
1681550426095 -0.002039575483649969 54000
1681550426277 -1.1351877450942993 54500
1681550426456 -0.4192018508911133 55000
1681550426631 -0.9055536389350891 55500
1681550426813 -0.8879871368408203 56000
1681550426998 -0.6778860688209534 56500
1681550427183 -1.0667531490325928 57000
1681550427374 -1.1044785976409912 57500
1681550427600 -0.4074225425720215 58000
1681550428056 -1.1012165546417236 58500
1681550428949 -0.9845949411392212 59000
1681550429333 -1.0742835998535156 59500
1681550430086 -0.7714497447013855 60000
1681550430415 -0.9785752296447754 60500
1681550430958 -0.45447516441345215 61000
1681550431349 -1.000529408454895 61500
1681550431975 -1.2054506540298462 62000
1681550432310 -0.6185318231582642 62500
1681550432859 -0.5681963562965393 63000
1681550433133 -0.7452873587608337 63500
1681550433761 -1.0345981121063232 64000
1681550434580 -0.9183753132820129 64500
1681550435023 -0.6803873181343079 65000
1681550435529 -0.172977015376091 65500
1681550435861 -0.3880273401737213 66000
1681550436107 -0.5238529443740845 66500
1681550436325 -0.3346397280693054 67000
1681550436576 -0.6867510676383972 67500
1681550437033 -0.8222538232803345 68000
1681550438259 -0.5312925577163696 68500
1681550438491 -0.08572867512702942 69000
1681550438706 -0.5041462182998657 69500
1681550439195 -0.6926146149635315 70000
1681550439910 -0.5686702728271484 70500
1681550440102 -0.8477208018302917 71000
1681550440300 -0.028182465583086014 71500
1681550440494 -0.4338129162788391 72000
1681550440688 -0.5251396894454956 72500
1681550440872 -0.008744712918996811 73000
1681550441075 -0.5404561758041382 73500
1681550441263 -0.5170677900314331 74000
1681550441452 -0.0016536072362214327 74500
1681550441635 -0.6051167249679565 75000
1681550441828 -0.31657591462135315 75500
1681550442015 -0.41379809379577637 76000
1681550442205 -0.5700020790100098 76500
1681550442389 -0.17213742434978485 77000
1681550442572 -0.5219259262084961 77500
1681550442760 -0.42508649826049805 78000
1681550442944 -0.4759412705898285 78500
1681550443127 -0.5090211629867554 79000
1681550443306 -0.32209721207618713 79500
1681550443487 -0.29381197690963745 80000
1681550443669 -0.5224748849868774 80500
1681550443845 -0.43146878480911255 81000
1681550444024 -6.823942385381088e-05 81500
1681550444202 -0.06102726608514786 82000
1681550444381 -0.821751594543457 82500
1681550444556 -0.6052515506744385 83000
1681550444739 -1.0069878101348877 83500
1681550444919 -0.588424801826477 84000
1681550445097 -1.015690565109253 84500
1681550445276 -0.7638505697250366 85000
1681550445463 -0.2565021812915802 85500
1681550445648 -0.00010648660827428102 86000
1681550445830 -0.5961371660232544 86500
1681550446019 -0.00017387121624778956 87000
1681550446197 -0.44616231322288513 87500
1681550446375 -0.5798383951187134 88000
1681550446565 -0.1686842143535614 88500
1681550446742 -0.45305031538009644 89000
1681550446917 -0.5123165845870972 89500
1681550447094 -2.4597004085080698e-05 90000
1681550447271 -0.7156614065170288 90500
1681550447446 -0.25660011172294617 91000
1681550447622 -0.9408466219902039 91500
1681550447796 -0.5925540328025818 92000
1681550447970 -0.5161131620407104 92500
1681550448143 -0.7266265749931335 93000
1681550448318 -0.9727935791015625 93500
1681550448490 -0.6976264715194702 94000
1681550448663 -0.6807914972305298 94500
1681550448836 -0.9777292013168335 95000
1681550449011 -0.8564815521240234 95500
1681550449186 -0.3325248956680298 96000
1681550449363 -1.0035499334335327 96500
1681550449539 -0.7130469083786011 97000
1681550449712 -0.7228320837020874 97500
1681550449885 -0.721550703048706 98000
1681550450062 -0.7441138029098511 98500
1681550450259 -0.9454158544540405 99000
1681550450440 -0.8616893887519836 99500
1681550450618 -2.7014039005734958e-05 100000
1681550450801 -0.6557127833366394 100500
1681550450985 -0.5048592686653137 101000
1681550451169 -1.001291036605835 101500
1681550451358 -0.9468021392822266 102000
1681550451548 -0.825252890586853 102500
1681550451750 -0.8339096903800964 103000
1681550451942 -0.0005990936770103872 103500
1681550452135 -0.4390830397605896 104000
1681550452327 -0.013459855690598488 104500
1681550452516 -0.9284834861755371 105000
1681550452704 -1.05747389793396 105500
1681550452897 -0.942791759967804 106000
1681550453094 -0.8448279500007629 106500
1681550453311 -0.8159255981445312 107000
1681550453514 -0.0012767069274559617 107500
1681550453719 -0.8156492114067078 108000
1681550453949 -0.024472905322909355 108500
1681550454140 -0.7234308123588562 109000
1681550454360 -0.870578408241272 109500
1681550454570 -0.7859275937080383 110000
1681550454804 -0.00012021481234114617 110500
1681550455039 -0.8451166152954102 111000
1681550455500 -0.7156780362129211 111500
1681550455909 -0.4054683744907379 112000
1681550456504 -0.83440762758255 112500
1681550456998 -0.9566966891288757 113000
1681550457736 -1.0521037578582764 113500
1681550458072 -0.14339108765125275 114000
1681550458854 -0.018273083493113518 114500
1681550459281 -0.8207006454467773 115000
1681550460002 -0.6927366256713867 115500
1681550460402 -0.2532002925872803 116000
1681550461179 -0.7876560688018799 116500
1681550461631 -0.4919070601463318 117000
1681550462515 -0.7097796201705933 117500
1681550462979 -0.9286799430847168 118000
1681550463732 -0.7346200346946716 118500
1681550464144 -0.7928465008735657 119000
1681550464706 -0.18284651637077332 119500
1681550465101 -0.8268526196479797 120000
1681550465981 -0.6113723516464233 120500
1681550466402 -0.42974773049354553 121000
1681550467063 -4.225409065838903e-05 121500
1681550467448 -0.19416961073875427 122000
1681550468084 -0.5830710530281067 122500
1681550468501 -0.5861733555793762 123000
1681550469748 -0.31829461455345154 123500
1681550470276 -0.5575424432754517 124000
1681550471087 -0.01938067004084587 124500
1681550471513 -0.6541610360145569 125000
1681550472348 -0.7029475569725037 125500
1681550472799 -0.5358058214187622 126000
1681550473695 -0.6675428152084351 126500
1681550474146 -0.6588503122329712 127000
1681550474826 -0.37678733468055725 127500
1681550475221 -0.32306259870529175 128000
1681550475974 -0.5292731523513794 128500
1681550476392 -0.5369211435317993 129000
1681550477169 -0.6189264059066772 129500
1681550477585 -0.3144078850746155 130000
1681550478236 -0.10548050701618195 130500
1681550478614 -0.7225903272628784 131000
1681550479384 -0.6268669962882996 131500
1681550479874 -0.494108110666275 132000
1681550481084 -0.011526834219694138 132500
1681550481801 -0.7405286431312561 133000
1681550482725 -0.8088042140007019 133500
1681550483063 -0.20642323791980743 134000
1681550483604 -0.904474139213562 134500
1681550484023 -0.2951410412788391 135000
1681550484641 -0.5348271131515503 135500
1681550484914 -0.14019569754600525 136000
1681550485179 -0.09625706821680069 136500
1681550485461 -0.34998849034309387 137000
1681550485669 -0.2961916923522949 137500
1681550486094 -0.3575783669948578 138000
1681550486418 -0.04059373587369919 138500
1681550486646 -0.04398014396429062 139000
1681550486840 -0.5034873485565186 139500
1681550487058 -0.2873573899269104 140000
1681550487256 -0.06213542819023132 140500
1681550487552 -0.1944146752357483 141000
1681550487789 -0.21519318222999573 141500
1681550487995 -0.40142306685447693 142000
1681550488185 -0.002101547783240676 142500
1681550488382 -0.3664943277835846 143000
1681550488577 -0.10342434793710709 143500
1681550488891 -5.58524698135443e-05 144000
1681550489217 -0.12359966337680817 144500
1681550489506 -0.3097609579563141 145000
1681550489846 -0.11272959411144257 145500
1681550490086 -0.2472255676984787 146000
1681550490337 -3.3037380831046903e-07 146500
1681550490543 -0.41664305329322815 147000
1681550490748 -0.39207723736763 147500
1681550490947 -0.2688950002193451 148000
1681550491184 -0.4883095622062683 148500
1681550491424 -0.45630139112472534 149000
1681550491636 -0.5678117275238037 149500
1681550491885 -0.313368558883667 150000
1681550492075 -0.3025969862937927 150500
1681550492264 -0.2803892493247986 151000
1681550492465 -0.4590988755226135 151500
1681550492660 -0.08336895704269409 152000
1681550492854 -0.7028858661651611 152500
1681550493049 -0.5634040236473083 153000
1681550493239 -0.43578043580055237 153500
1681550493423 -0.03958521783351898 154000
1681550493674 -0.4900839924812317 154500
1681550493861 -0.08860805630683899 155000
1681550494038 -0.42279666662216187 155500
1681550494222 -0.3258488178253174 156000
1681550494396 -0.5274323225021362 156500
1681550494574 -0.4074191153049469 157000
1681550494750 -0.3825930058956146 157500
1681550494921 -0.5944728851318359 158000
1681550495087 -0.06410031020641327 158500
1681550495256 -0.6290758848190308 159000
1681550495431 -0.4676979184150696 159500
1681550495600 -0.09332264214754105 160000
1681550495782 -0.4126914143562317 160500
1681550495952 -0.693862795829773 161000
1681550496114 -0.5961431264877319 161500
1681550496282 -0.3353289067745209 162000
1681550496450 -0.37322288751602173 162500
1681550496649 -0.577241837978363 163000
1681550496839 -0.0027793054468929768 163500
1681550497012 -0.23919415473937988 164000
1681550497187 -0.09457114338874817 164500
1681550497363 -0.0023386171087622643 165000
1681550497540 -0.44441476464271545 165500
1681550497717 -0.4549877643585205 166000
1681550497890 -0.5811468958854675 166500
1681550498065 -0.5029111504554749 167000
1681550498250 -0.3552813231945038 167500
1681550498440 -0.4952731132507324 168000
1681550498616 -0.21985316276550293 168500
1681550498782 -0.270172119140625 169000
1681550498956 -0.5456819534301758 169500
1681550499141 -0.5316830277442932 170000
1681550499347 -0.8048897981643677 170500
1681550499522 -0.07930153608322144 171000
1681550499698 -0.4748823642730713 171500
1681550499880 -0.20906725525856018 172000
1681550500053 -0.25302690267562866 172500
1681550500221 -0.5711476802825928 173000
1681550500403 -0.0017753982683643699 173500
1681550500586 -0.09334565699100494 174000
1681550500785 -0.03646860271692276 174500
1681550500960 -0.45161327719688416 175000
1681550501156 -0.6730062365531921 175500
1681550501346 -0.5706878900527954 176000
1681550501552 -0.5665003061294556 176500
1681550501800 -0.7104888558387756 177000
1681550501993 -0.07299380749464035 177500
1681550502203 -0.6127516031265259 178000
1681550502419 -0.6419937014579773 178500
1681550502648 -0.09261947125196457 179000
1681550502934 -0.06929546594619751 179500
1681550503114 -0.6861981153488159 180000
1681550503302 -0.7174636721611023 180500
1681550503476 -0.5453988313674927 181000
1681550503651 -0.5932449102401733 181500
1681550503833 -0.35309770703315735 182000
1681550504014 -0.7901924252510071 182500
1681550504207 -0.3079386353492737 183000
1681550504478 -0.6592212915420532 183500
1681550504765 -0.00013627503358293325 184000
1681550504958 -0.6983979940414429 184500
1681550505146 -0.5440298318862915 185000
1681550505357 -0.654427707195282 185500
1681550505560 -0.6836823225021362 186000
1681550505742 -0.8998150825500488 186500
1681550505948 -0.03173123672604561 187000
1681550506140 -0.8849201202392578 187500
1681550506329 -0.5955761075019836 188000
1681550506517 -0.607265293598175 188500
1681550506697 -0.5601875185966492 189000
1681550506877 -0.008414804935455322 189500
1681550507057 -0.06468874216079712 190000
1681550507286 -0.003191940486431122 190500
1681550507494 -0.5436917543411255 191000
1681550507692 -1.3293350775711588e-07 191500
1681550507916 -0.7115460634231567 192000
1681550508111 -0.5762234330177307 192500
1681550508301 -0.6442537307739258 193000
1681550508506 -0.4712342321872711 193500
1681550508720 -0.4214697778224945 194000
1681550508989 -0.67580646276474 194500
1681550509195 -0.39681512117385864 195000
1681550509404 -0.6406065225601196 195500
1681550509691 -0.42806559801101685 196000
1681550510167 -0.19717904925346375 196500
1681550510411 -0.5372263193130493 197000
1681550510617 -0.2401643693447113 197500
1681550510889 -0.4137522280216217 198000
1681550511118 -0.4258710741996765 198500
1681550511361 -0.36873361468315125 199000
1681550511604 -0.3449050486087799 199500
1681550511913 -0.7212346196174622 200000
1681550512145 -0.6073564291000366 200500
1681550512388 -0.49602794647216797 201000
1681550512596 -0.7168331146240234 201500
1681550512821 -0.4410736560821533 202000
1681550513012 -0.017834879457950592 202500
1681550513214 -0.7308807373046875 203000
1681550513462 -0.4508393406867981 203500
1681550513669 -0.41911977529525757 204000
1681550513876 -9.323622180090751e-06 204500
1681550514123 -0.36019831895828247 205000
1681550514325 -0.6758690476417542 205500
1681550514532 -0.6029818654060364 206000
1681550514745 -0.33595022559165955 206500
1681550514998 -0.32636600732803345 207000
1681550515254 -0.018232231959700584 207500
1681550515477 -0.41352590918540955 208000
1681550515705 -0.10421416908502579 208500
1681550515895 -0.509736955165863 209000
1681550516105 -0.7767807245254517 209500
1681550516321 -0.3158266544342041 210000
1681550516577 -0.20581388473510742 210500
1681550516832 -3.812577006101492e-06 211000
1681550517172 -0.39932262897491455 211500
1681550517449 -0.4852638244628906 212000
1681550517753 -0.4318857192993164 212500
1681550518060 -0.019941681995987892 213000
1681550518277 -0.48482751846313477 213500
1681550518589 -0.4176340699195862 214000
1681550518917 -0.2614475190639496 214500
1681550519169 -0.336136132478714 215000
1681550519445 -0.6867232322692871 215500
1681550519721 -0.36360472440719604 216000
1681550519945 -0.5327082276344299 216500
1681550520262 -0.49423447251319885 217000
1681550520560 -0.567115068435669 217500
1681550520836 -0.609399139881134 218000
1681550521227 -0.4053937792778015 218500
1681550521688 -0.4374542236328125 219000
1681550521994 -0.48627251386642456 219500
1681550522368 -0.3217553198337555 220000
1681550522852 -0.17040246725082397 220500
1681550523297 -0.004537250380963087 221000
1681550523679 -0.3443804383277893 221500
1681550524320 -0.27403780817985535 222000
1681550524649 -0.6726998686790466 222500
1681550525186 -0.24867042899131775 223000
1681550525533 -0.1409820318222046 223500
1681550525910 -0.39332208037376404 224000
1681550526315 -0.27717238664627075 224500
1681550526888 -0.34980839490890503 225000
1681550527339 -0.413884699344635 225500
1681550528057 -0.3755844533443451 226000
1681550528587 -0.16489888727664948 226500
1681550529034 -0.4411284327507019 227000
1681550529327 -0.25281471014022827 227500
1681550529788 -0.46663999557495117 228000
1681550530081 -0.4199170470237732 228500
1681550530386 -0.2662588655948639 229000
1681550530772 -0.2940443158149719 229500
1681550531109 -0.5274532437324524 230000
1681550531550 -0.31709355115890503 230500
1681550532026 -0.47397056221961975 231000
1681550532778 -0.402698814868927 231500
1681550533149 -0.3828611671924591 232000
1681550533590 -0.2709355354309082 232500
1681550533974 -0.3408801853656769 233000
1681550534510 -0.4612073004245758 233500
1681550534934 -0.5197687745094299 234000
1681550535676 -0.5052177309989929 234500
1681550536176 -0.4549689292907715 235000
1681550536792 -0.3670983910560608 235500
1681550537211 -0.42996492981910706 236000
1681550537886 -0.34472838044166565 236500
1681550538321 -0.22097226977348328 237000
1681550538835 -0.12396713346242905 237500
1681550539372 -0.12621745467185974 238000
1681550540219 -0.3731839060783386 238500
1681550540650 -0.20502552390098572 239000
1681550541246 -0.2581973671913147 239500
1681550541689 -0.5452325940132141 240000
1681550542537 -0.7492643594741821 240500
1681550543019 -0.641734778881073 241000
1681550543484 -0.5465856790542603 241500
1681550543994 -0.6317471265792847 242000
1681550544862 -0.423842191696167 242500
1681550545330 -0.6332218050956726 243000
1681550545843 -0.5423007607460022 243500
1681550546308 -0.735595166683197 244000
1681550546766 -0.6644483804702759 244500
1681550547594 -0.43004274368286133 245000
1681550547941 -0.4252682626247406 245500
1681550548495 -0.2559674382209778 246000
1681550548821 -0.0004630637704394758 246500
1681550549148 -0.4849194586277008 247000
1681550550001 -0.5209332704544067 247500
1681550550370 -0.30766603350639343 248000
1681550551395 -0.41839176416397095 248500
1681550551717 -0.08962473273277283 249000
1681550552333 -0.4534990191459656 249500
1681550552748 -0.46426457166671753 250000
1681550553595 -0.3586007058620453 250500
1681550553955 -0.4485805928707123 251000
1681550554691 -0.3010290265083313 251500
1681550555109 -0.4457697868347168 252000
1681550555836 -0.6235572099685669 252500
1681550556283 -0.4288557171821594 253000
1681550557438 -0.11902391910552979 253500
1681550557812 -0.5767172574996948 254000
1681550558654 -0.2993132472038269 254500
1681550559027 -0.4274967312812805 255000
1681550559567 -0.3758009374141693 255500
1681550560030 -0.5240697264671326 256000
1681550560806 -0.15143245458602905 256500
1681550561233 -0.5352460145950317 257000
1681550561961 -0.4474964737892151 257500
1681550562334 -0.7098218202590942 258000
1681550562707 -0.5133391618728638 258500
1681550562984 -0.2581215500831604 259000
1681550563402 -0.3965842127799988 259500
1681550564028 -0.5680652260780334 260000
1681550564553 -0.22343087196350098 260500
1681550565244 -0.5067944526672363 261000
1681550565632 -0.24804143607616425 261500
1681550565879 -0.28339117765426636 262000
1681550566441 -0.47301656007766724 262500
1681550566968 -0.6345981359481812 263000
1681550567526 -0.4068128168582916 263500
1681550567889 -0.2610865831375122 264000
1681550568126 -0.6730554103851318 264500
1681550568608 -0.4794073700904846 265000
1681550569002 -0.4728476107120514 265500
1681550569596 -0.5344105958938599 266000
1681550570020 -0.00010396633297204971 266500
1681550570356 -0.6775119304656982 267000
1681550570828 -0.454866886138916 267500
1681550571091 -0.4338952600955963 268000
1681550571416 -0.40921884775161743 268500
1681550572080 -0.5574232935905457 269000
1681550572525 -0.3486874997615814 269500
1681550572901 -0.5045965313911438 270000
1681550573254 -0.4419306218624115 270500
1681550573722 -0.5702883005142212 271000
1681550574451 -0.002787328325212002 271500
1681550574753 -0.2581399083137512 272000
1681550575220 -0.31657975912094116 272500
1681550575728 -0.2572271227836609 273000
1681550576242 -0.4508933126926422 273500
1681550576659 -0.44606199860572815 274000
1681550577615 -0.29838961362838745 274500
1681550577915 -0.21627211570739746 275000
1681550578354 -0.5019958019256592 275500
1681550578761 -0.34163254499435425 276000
1681550579345 -0.32781845331192017 276500
1681550579594 -0.3115158677101135 277000
1681550579920 -0.21913103759288788 277500
1681550580605 -0.3366599678993225 278000
1681550581124 -0.32001084089279175 278500
1681550581642 -0.5786760449409485 279000
1681550581948 -0.44908180832862854 279500
1681550582451 -0.4661685824394226 280000
1681550583175 -0.4531923830509186 280500
1681550583703 -0.4624488353729248 281000
1681550584593 -0.30730047821998596 281500
1681550584964 -0.24123868346214294 282000
1681550585464 -0.2942555546760559 282500
1681550585701 -0.3790208697319031 283000
1681550585989 -0.4668663442134857 283500
1681550586464 -0.34564828872680664 284000
1681550587028 -0.27733635902404785 284500
1681550587530 -0.3306291699409485 285000
1681550588136 -0.500817596912384 285500
1681550588569 -0.5455883145332336 286000
1681550589609 -0.15892311930656433 286500
1681550589934 -0.44468075037002563 287000
1681550590452 -0.5695980787277222 287500
1681550590790 -0.4841008186340332 288000
1681550591350 -0.6699120998382568 288500
1681550591550 -0.45520132780075073 289000
1681550591792 -0.20630359649658203 289500
1681550592125 -0.6690977811813354 290000
1681550592586 -0.6766809821128845 290500
1681550593024 -0.2884860634803772 291000
1681550593605 -0.45344096422195435 291500
1681550594009 -0.4045397639274597 292000
1681550594292 -0.6343865990638733 292500
1681550594617 -0.5744099617004395 293000
1681550595115 -0.6233478784561157 293500
1681550595792 -0.25635066628456116 294000
1681550596266 -0.44760650396347046 294500
1681550596694 -0.5022751092910767 295000
1681550597360 -0.6398463845252991 295500
1681550597880 -0.63005530834198 296000
1681550598735 -0.48759832978248596 296500
1681550599417 -0.506212592124939 297000
1681550599849 -0.6491361856460571 297500
1681550600248 -0.38156017661094666 298000
1681550600524 -0.714425265789032 298500
1681550601069 -0.527772068977356 299000
1681550602051 -0.5939835906028748 299500
1681550602545 -0.4740520417690277 300000
