1681550400683 -0.017456412315368652 500
1681550400873 0.125329852104187 1000
1681550401069 0.03917771577835083 1500
1681550401250 0.0037199854850769043 2000
1681550401430 0.021871328353881836 2500
1681550401619 0.0004813075065612793 3000
1681550401832 -7.963180541992188e-05 3500
1681550402030 0.00047785043716430664 4000
1681550402246 0.0021956562995910645 4500
1681550402460 -8.58306884765625e-06 5000
1681550402807 0.0021723508834838867 5500
1681550403499 -0.043317556381225586 6000
1681550403817 -0.0009834766387939453 6500
1681550404049 -0.0013927221298217773 7000
1681550404406 0.12696772813796997 7500
1681550404649 0.07746148109436035 8000
1681550404856 -0.024447917938232422 8500
1681550405099 0.1929873824119568 9000
1681550405326 -0.16149652004241943 9500
1681550405580 0.0117989182472229 10000
1681550405846 -0.1687544584274292 10500
1681550406163 -0.6924188137054443 11000
1681550406518 -1.3621933460235596 11500
1681550406803 0.0919719934463501 12000
1681550407081 0.040784358978271484 12500
1681550407409 -5.024532794952393 13000
1681550407637 0.08655083179473877 13500
1681550407868 0.1808079481124878 14000
1681550408067 -0.25968384742736816 14500
1681550408513 0.357110857963562 15000
1681550408974 -0.08146166801452637 15500
1681550409205 -0.0302731990814209 16000
1681550409434 -0.8188451528549194 16500
1681550409636 0.3741333484649658 17000
1681550409876 0.028407037258148193 17500
1681550410114 -0.9622575044631958 18000
1681550410584 -0.03328096866607666 18500
1681550410979 0.05670386552810669 19000
1681550411186 0.25231921672821045 19500
1681550411384 -0.001885056495666504 20000
1681550411594 0.6646014451980591 20500
1681550411826 0.18398195505142212 21000
1681550412017 0.8480907827615738 21500
1681550412233 -4.449422836303711 22000
1681550412439 -0.025950312614440918 22500
1681550412626 -2.9130287170410156 23000
1681550412872 0.3244491219520569 23500
1681550413077 0.913554310798645 24000
1681550413284 -0.009763121604919434 24500
1681550413649 -0.4141730070114136 25000
1681550413961 -5.522459983825684 25500
1681550414199 0.8166889995336533 26000
1681550414407 -0.14287841320037842 26500
1681550414630 0.6927708983421326 27000
1681550414883 0.5123607218265533 27500
1681550415088 0.13990342617034912 28000
1681550415293 -0.09733879566192627 28500
1681550415518 0.2206621766090393 29000
1681550415841 0.005606710910797119 29500
1681550416115 -0.21957731246948242 30000
1681550416318 0.9817728977650404 30500
1681550416506 0.5916589200496674 31000
1681550416702 0.004767775535583496 31500
1681550416899 -4.883471965789795 32000
1681550417090 0.9521214850246906 32500
1681550417288 -2.1561567783355713 33000
1681550417491 0.3855503797531128 33500
1681550417681 -1.0171997547149658 34000
1681550417870 -1.41092848777771 34500
1681550418116 -0.24155032634735107 35000
1681550418316 -2.1905202865600586 35500
1681550418597 -49.923397064208984 36000
1681550418800 0.6678959429264069 36500
1681550419054 0.3640083074569702 37000
1681550419270 0.5631655156612396 37500
1681550419494 -0.6217812299728394 38000
1681550419774 -1.3113842010498047 38500
1681550419969 0.0651288628578186 39000
1681550420160 0.9008731171488762 39500
1681550420385 0.880381666123867 40000
1681550420589 -0.21518933773040771 40500
1681550420783 0.9267304986715317 41000
1681550420972 0.9027291834354401 41500
1681550421157 0.24144035577774048 42000
1681550421376 0.5145459175109863 42500
1681550421573 0.9701092969626188 43000
1681550421853 0.9574961066246033 43500
1681550422123 0.39087480306625366 44000
1681550422322 0.5560520887374878 44500
1681550422556 0.8068404495716095 45000
1681550422842 -0.764533281326294 45500
1681550423039 0.316292941570282 46000
1681550423261 0.7653360664844513 46500
1681550423452 -21.151697158813477 47000
1681550423694 -0.23580527305603027 47500
1681550423914 0.4310372471809387 48000
1681550424096 0.7727173268795013 48500
1681550424282 0.9517895802855492 49000
1681550424470 -1.078197956085205 49500
1681550424658 0.4153439998626709 50000
1681550424841 -0.016830921173095703 50500
1681550425028 0.7737908661365509 51000
1681550425209 -0.41473114490509033 51500
1681550425389 0.8755388185381889 52000
1681550425569 0.5229747891426086 52500
1681550425744 0.8470703065395355 53000
1681550425920 0.37738168239593506 53500
1681550426096 0.9523116238415241 54000
1681550426277 0.8039641678333282 54500
1681550426456 -1.6162188053131104 55000
1681550426632 0.7746543884277344 55500
1681550426814 0.8263094276189804 56000
1681550426998 0.9466200955212116 56500
1681550427184 0.7256996631622314 57000
1681550427374 0.8163264840841293 57500
1681550427600 0.3056309223175049 58000
1681550428056 0.522616982460022 58500
1681550428949 0.5285753905773163 59000
1681550429334 -0.3839609622955322 59500
1681550430086 -0.28383898735046387 60000
1681550430416 0.18198513984680176 60500
1681550430958 0.31206589937210083 61000
1681550431349 0.06219065189361572 61500
1681550431975 -0.5822435617446899 62000
1681550432311 0.35180824995040894 62500
1681550432859 0.5610418021678925 63000
1681550433134 0.3256113529205322 63500
1681550433762 -0.1286715269088745 64000
1681550434581 -0.4629713296890259 64500
1681550435024 -0.14237916469573975 65000
1681550435529 0.13473176956176758 65500
1681550435861 0.8564337491989136 66000
1681550436107 -5.164161682128906 66500
1681550436325 0.401494562625885 67000
1681550436576 -0.3490774631500244 67500
1681550437034 0.8998680710792542 68000
1681550438260 -2.1684587001800537 68500
1681550438491 0.4603426456451416 69000
1681550438707 0.3933349847793579 69500
1681550439195 0.11640536785125732 70000
1681550439910 0.9845733987167478 70500
1681550440102 0.6297372877597809 71000
1681550440300 -1.478919267654419 71500
1681550440495 0.8934102952480316 72000
1681550440688 0.47794002294540405 72500
1681550440872 -4.320836544036865 73000
1681550441076 -50.7797737121582 73500
1681550441263 0.9718524608761072 74000
1681550441452 0.49532032012939453 74500
1681550441636 0.9093446210026741 75000
1681550441828 0.9090946391224861 75500
1681550442015 0.8392072021961212 76000
1681550442205 0.7593784332275391 76500
1681550442389 -1.3665289878845215 77000
1681550442572 0.768249973654747 77500
1681550442761 0.8738532066345215 78000
1681550442945 -0.0983957052230835 78500
1681550443127 0.922301322221756 79000
1681550443307 0.9777672477066517 79500
1681550443487 -3.494886875152588 80000
1681550443670 0.2992662191390991 80500
1681550443845 -1.9234580993652344 81000
1681550444025 0.5337491929531097 81500
1681550444202 0.9715681113302708 82000
1681550444381 0.7462052702903748 82500
1681550444556 0.6466313600540161 83000
1681550444739 -1.7699534893035889 83500
1681550444919 0.3727806806564331 84000
1681550445098 0.8435858637094498 84500
1681550445276 0.9413841441273689 85000
1681550445463 -0.6742420196533203 85500
1681550445649 -18.009227752685547 86000
1681550445830 0.8877797275781631 86500
1681550446019 -2.068361520767212 87000
1681550446198 0.9587067514657974 87500
1681550446376 0.022558212280273438 88000
1681550446565 0.3877750635147095 88500
1681550446743 0.954974751919508 89000
1681550446918 0.9572145342826843 89500
1681550447095 0.9363012462854385 90000
1681550447271 0.9962345606181771 90500
1681550447446 0.15644890069961548 91000
1681550447623 0.9338661208748817 91500
1681550447797 0.6459676623344421 92000
1681550447970 0.8684609532356262 92500
1681550448143 0.9268197938799858 93000
1681550448319 0.288139283657074 93500
1681550448491 0.9926274660974741 94000
1681550448664 0.5707308351993561 94500
1681550448837 0.5826074779033661 95000
1681550449011 -1.0328664779663086 95500
1681550449186 0.7147667407989502 96000
1681550449363 0.47434234619140625 96500
1681550449540 0.9071732461452484 97000
1681550449713 -11.904094696044922 97500
1681550449885 0.7774600237607956 98000
1681550450062 0.9584982991218567 98500
1681550450260 0.9156587719917297 99000
1681550450441 0.9867907362058759 99500
1681550450618 0.9612794481217861 100000
1681550450802 0.9348858967423439 100500
1681550450985 0.9678514823317528 101000
1681550451170 0.9802384898066521 101500
1681550451358 0.9761129729449749 102000
1681550451548 0.9475534521043301 102500
1681550451750 0.9969208550173789 103000
1681550451943 0.01579052209854126 103500
1681550452136 0.9339211508631706 104000
1681550452327 0.8856379017233849 104500
1681550452516 0.7852366715669632 105000
1681550452704 0.7859721779823303 105500
1681550452897 0.979804702103138 106000
1681550453095 0.9393367767333984 106500
1681550453311 0.48002201318740845 107000
1681550453514 0.3713643550872803 107500
1681550453720 0.6679151356220245 108000
1681550453950 0.7137970328330994 108500
1681550454141 0.8575719594955444 109000
1681550454360 0.8025158792734146 109500
1681550454571 0.6246216893196106 110000
1681550454805 0.41928285360336304 110500
1681550455040 0.9630429670214653 111000
1681550455501 -0.43010592460632324 111500
1681550455909 0.055694758892059326 112000
1681550456505 0.8095907866954803 112500
1681550456998 0.7886223942041397 113000
1681550457737 0.889445997774601 113500
1681550458072 -1.2608675956726074 114000
1681550458855 0.9461054280400276 114500
1681550459282 0.5294061303138733 115000
1681550460002 0.22021329402923584 115500
1681550460402 0.613418847322464 116000
1681550461180 -0.4826977252960205 116500
1681550461632 0.47361457347869873 117000
1681550462516 0.41404610872268677 117500
1681550462979 -0.41982829570770264 118000
1681550463732 0.6218202710151672 118500
1681550464144 0.5787038803100586 119000
1681550464706 0.6567676663398743 119500
1681550465102 0.8057364672422409 120000
1681550465981 0.545147567987442 120500
1681550466403 0.915329784154892 121000
1681550467063 0.016648292541503906 121500
1681550467448 -0.29311084747314453 122000
1681550468084 0.6489132344722748 122500
1681550468501 0.7481626272201538 123000
1681550469748 -0.08870589733123779 123500
1681550470276 0.91286651045084 124000
1681550471088 0.08192521333694458 124500
1681550471513 0.9532134607434273 125000
1681550472349 0.8777038976550102 125500
1681550472799 0.7815589010715485 126000
1681550473695 0.44705021381378174 126500
1681550474146 -0.18760788440704346 127000
1681550474826 0.36733478307724 127500
1681550475222 0.6607861220836639 128000
1681550475975 -0.37380218505859375 128500
1681550476393 0.4807749390602112 129000
1681550477170 -0.6317945718765259 129500
1681550477585 0.5629744231700897 130000
1681550478236 0.5441747605800629 130500
1681550478614 0.6333917081356049 131000
1681550479384 0.49237948656082153 131500
1681550479874 0.9851606916636229 132000
1681550481085 -0.02391958236694336 132500
1681550481801 0.1283930540084839 133000
1681550482726 -0.051825761795043945 133500
1681550483063 0.8728966414928436 134000
1681550483604 0.0005232691764831543 134500
1681550484023 0.9105352386832237 135000
1681550484642 0.33723366260528564 135500
1681550484915 0.4705196022987366 136000
1681550485179 0.4585699439048767 136500
1681550485462 0.24937337636947632 137000
1681550485669 0.46575480699539185 137500
1681550486094 0.7427768707275391 138000
1681550486419 -0.032593369483947754 138500
1681550486647 0.30772966146469116 139000
1681550486841 -1.327319622039795 139500
1681550487058 0.563358336687088 140000
1681550487256 0.8967227935791016 140500
1681550487553 0.7257867753505707 141000
1681550487789 0.31184786558151245 141500
1681550487995 0.8714856058359146 142000
1681550488185 0.036790668964385986 142500
1681550488383 0.9066166281700134 143000
1681550488578 -0.7427527904510498 143500
1681550488891 0.7562175542116165 144000
1681550489217 0.9927294044755399 144500
1681550489507 -1.7143394947052002 145000
1681550489847 -10.325671195983887 145500
1681550490087 0.9406538009643555 146000
1681550490338 -7.368412971496582 146500
1681550490543 0.9416761212050915 147000
1681550490748 0.9932465422898531 147500
1681550490947 -10.45592975616455 148000
1681550491184 -6.596560955047607 148500
1681550491424 0.9550955556333065 149000
1681550491640 0.965536393225193 149500
1681550491886 -19.755231857299805 150000
1681550492076 0.819622278213501 150500
1681550492265 -4.616960525512695 151000
1681550492465 -0.2514106035232544 151500
1681550492661 -0.10724735260009766 152000
1681550492854 -1.5858969688415527 152500
1681550493049 0.9137793406844139 153000
1681550493239 -6.30426549911499 153500
1681550493424 -0.7187032699584961 154000
1681550493675 0.4994547367095947 154500
1681550493862 -0.4011756181716919 155000
1681550494039 0.9240761026740074 155500
1681550494223 0.9678543023765087 156000
1681550494397 -4.415763854980469 156500
1681550494575 0.7516529709100723 157000
1681550494750 0.991282794624567 157500
1681550494921 -1.2056772708892822 158000
1681550495087 0.9815315958112478 158500
1681550495256 0.9752318672835827 159000
1681550495431 0.822547510266304 159500
1681550495600 0.9394222423434258 160000
1681550495782 0.9073463678359985 160500
1681550495952 0.9388018250465393 161000
1681550496114 0.3075750470161438 161500
1681550496283 0.8902572616934776 162000
1681550496450 0.9509513340890408 162500
1681550496649 0.7874384969472885 163000
1681550496839 0.9203558787703514 163500
1681550497012 0.9635191448032856 164000
1681550497188 0.8611730635166168 164500
1681550497363 -1.1660325527191162 165000
1681550497540 0.4176153540611267 165500
1681550497718 0.07235985994338989 166000
1681550497890 0.7854935377836227 166500
1681550498066 -14.02182674407959 167000
1681550498251 -0.29301226139068604 167500
1681550498440 0.9227651432156563 168000
1681550498616 0.9394135475158691 168500
1681550498782 0.9656062908470631 169000
1681550498957 0.906592570245266 169500
1681550499141 0.9041726961731911 170000
1681550499348 0.8734691888093948 170500
1681550499522 0.8908675462007523 171000
1681550499698 0.949137344956398 171500
1681550499880 0.9151734933257103 172000
1681550500053 0.5853837132453918 172500
1681550500221 0.6635264158248901 173000
1681550500403 0.9882323183119297 173500
1681550500587 0.8270645290613174 174000
1681550500786 0.9717891365289688 174500
1681550500960 0.902037039399147 175000
1681550501157 0.8045058995485306 175500
1681550501346 0.9902498247101903 176000
1681550501552 0.8836179152131081 176500
1681550501800 0.9883841359987855 177000
1681550501993 0.9920879043638706 177500
1681550502203 0.9193518310785294 178000
1681550502419 0.8049927651882172 178500
1681550502649 0.9246070235967636 179000
1681550502934 0.4214763641357422 179500
1681550503115 0.7556481957435608 180000
1681550503302 0.9874426322057843 180500
1681550503477 0.9406521320343018 181000
1681550503652 0.9934156509116292 181500
1681550503833 0.9977056547068059 182000
1681550504015 0.001047372817993164 182500
1681550504207 -0.0006669759750366211 183000
1681550504479 0.9637146443128586 183500
1681550504766 -0.0007690191268920898 184000
1681550504959 0.962910421192646 184500
1681550505146 0.9384139589965343 185000
1681550505357 0.9640713557600975 185500
1681550505560 0.9922475959174335 186000
1681550505742 0.8506274223327637 186500
1681550505948 -1.9247870445251465 187000
1681550506140 0.6586422920227051 187500
1681550506330 0.93788206204772 188000
1681550506518 0.974901994690299 188500
1681550506698 0.8636762946844101 189000
1681550506877 0.9578607641160488 189500
1681550507058 0.9504336230456829 190000
1681550507286 -0.09727108478546143 190500
1681550507494 0.8704273253679276 191000
1681550507692 -0.0026830434799194336 191500
1681550507916 0.7424348890781403 192000
1681550508111 -1.3616774082183838 192500
1681550508302 0.8928023055195808 193000
1681550508507 0.9892827309668064 193500
1681550508721 -1.4689037799835205 194000
1681550508990 0.9501859247684479 194500
1681550509196 0.642785906791687 195000
1681550509404 0.623334139585495 195500
1681550509691 0.006230533123016357 196000
1681550510167 0.06722772121429443 196500
1681550510412 0.12610381841659546 197000
1681550510618 -0.13039934635162354 197500
1681550510890 0.7063690721988678 198000
1681550511118 0.9325851798057556 198500
1681550511362 0.930926114320755 199000
1681550511604 -2.001629590988159 199500
1681550511913 0.7540940940380096 200000
1681550512146 0.46984338760375977 200500
1681550512388 -0.45132267475128174 201000
1681550512597 -1.6599996089935303 201500
1681550512822 -1.3750765323638916 202000
1681550513013 0.8298336714506149 202500
1681550513214 0.8037397414445877 203000
1681550513463 0.8497680723667145 203500
1681550513669 0.7827375531196594 204000
1681550513876 -10.597989082336426 204500
1681550514124 -6.093137741088867 205000
1681550514326 0.7545421421527863 205500
1681550514533 0.5349985957145691 206000
1681550514746 -0.14019036293029785 206500
1681550514999 0.5471268594264984 207000
1681550515254 -0.33406686782836914 207500
1681550515477 0.856884777545929 208000
1681550515705 -0.13849341869354248 208500
1681550515895 0.7373021841049194 209000
1681550516106 0.6668491959571838 209500
1681550516321 0.5701044797897339 210000
1681550516578 -65.8658676147461 210500
1681550516833 -0.7877156734466553 211000
1681550517172 -1.4738214015960693 211500
1681550517449 -0.20178163051605225 212000
1681550517754 -2.2020225524902344 212500
1681550518061 -0.5822676420211792 213000
1681550518278 -6.977387428283691 213500
1681550518590 -0.35512709617614746 214000
1681550518917 0.5387078523635864 214500
1681550519170 0.8248405754566193 215000
1681550519446 -5.3622565269470215 215500
1681550519722 -2.346754312515259 216000
1681550519946 0.6408437192440033 216500
1681550520262 0.48008233308792114 217000
1681550520560 0.06534034013748169 217500
1681550520837 0.9097305685281754 218000
1681550521228 -0.5609211921691895 218500
1681550521689 -3.4405407905578613 219000
1681550521995 0.7211863696575165 219500
1681550522369 -0.3399587869644165 220000
1681550522853 0.9745743274688721 220500
1681550523297 0.0002783536911010742 221000
1681550523680 0.5342738032341003 221500
1681550524320 -0.0653308629989624 222000
1681550524650 0.14477688074111938 222500
1681550525186 0.7581102102994919 223000
1681550525534 -19.276424407958984 223500
1681550525910 0.6461212038993835 224000
1681550526316 -0.6839896440505981 224500
1681550526888 0.45763200521469116 225000
1681550527339 0.46009141206741333 225500
1681550528057 0.4224056601524353 226000
1681550528587 -2.081956624984741 226500
1681550529035 0.5632368922233582 227000
1681550529328 -0.11282026767730713 227500
1681550529789 0.43563592433929443 228000
1681550530081 0.6375643610954285 228500
1681550530387 0.09454965591430664 229000
1681550530773 -0.7061256170272827 229500
1681550531110 -0.23774075508117676 230000
1681550531550 -0.06853091716766357 230500
1681550532026 -0.6410281658172607 231000
1681550532779 0.3916603922843933 231500
1681550533150 0.4721270203590393 232000
1681550533590 0.8198871314525604 232500
1681550533975 -0.8384871482849121 233000
1681550534511 -0.0418170690536499 233500
1681550534934 0.8843262121081352 234000
1681550535677 0.03198295831680298 234500
1681550536176 -0.7825602293014526 235000
1681550536793 0.40491312742233276 235500
1681550537211 0.4068005681037903 236000
1681550537887 0.4332200884819031 236500
1681550538321 0.9769230000674725 237000
1681550538835 -2.131291151046753 237500
1681550539373 0.3703420162200928 238000
1681550540219 0.8831552639603615 238500
1681550540651 0.30806392431259155 239000
1681550541247 0.21318554878234863 239500
1681550541690 -0.08235573768615723 240000
1681550542537 -0.08675384521484375 240500
1681550543019 0.14972078800201416 241000
1681550543485 0.8089849054813385 241500
1681550543994 0.980864305049181 242000
1681550544862 0.4351581931114197 242500
1681550545331 0.9351840391755104 243000
1681550545843 0.9870447162538767 243500
1681550546308 0.21548247337341309 244000
1681550546766 0.49423837661743164 244500
1681550547594 0.8496227115392685 245000
1681550547941 -0.5829533338546753 245500
1681550548495 0.9528539963066578 246000
1681550548822 -0.07435357570648193 246500
1681550549149 0.6957266628742218 247000
1681550550002 0.9141328558325768 247500
1681550550370 0.9523232169449329 248000
1681550551395 0.9360873624682426 248500
1681550551717 0.9878319064155221 249000
1681550552334 0.5858554840087891 249500
1681550552749 -5.38677978515625 250000
1681550553595 0.9213049337267876 250500
1681550553955 0.9700137861073017 251000
1681550554692 0.9047035872936249 251500
1681550555110 0.9679167307913303 252000
1681550555836 0.6640234589576721 252500
1681550556283 0.42564982175827026 253000
1681550557438 0.7386558353900909 253500
1681550557813 -0.046741604804992676 254000
1681550558655 0.6843152344226837 254500
1681550559028 0.9913445878773928 255000
1681550559568 -6.036877632141113 255500
1681550560030 0.7401266098022461 256000
1681550560807 0.9861476421356201 256500
1681550561234 0.30297940969467163 257000
1681550561961 0.16148340702056885 257500
1681550562335 0.9664349555969238 258000
1681550562708 0.9366221278905869 258500
1681550562985 0.9977843910455704 259000
1681550563402 0.9893316272646189 259500
1681550564029 0.9095905125141144 260000
1681550564554 0.8451332449913025 260500
1681550565245 0.7973797917366028 261000
1681550565632 0.6624003052711487 261500
1681550565879 0.7778755724430084 262000
1681550566441 0.4076181650161743 262500
1681550566969 0.6847923696041107 263000
1681550567526 -0.17351257801055908 263500
1681550567889 0.9337974414229393 264000
1681550568126 0.983586510643363 264500
1681550568609 0.7795240581035614 265000
1681550569002 0.7071319818496704 265500
1681550569597 0.9663776159286499 266000
1681550570020 0.06503486633300781 266500
1681550570356 0.9576884619891644 267000
1681550570829 0.7850934565067291 267500
1681550571092 0.8890915587544441 268000
1681550571417 0.906634621322155 268500
1681550572081 0.11946916580200195 269000
1681550572525 0.563065767288208 269500
1681550572902 0.6468547880649567 270000
1681550573255 0.9611588157713413 270500
1681550573722 0.8397134095430374 271000
1681550574451 0.09742403030395508 271500
1681550574754 0.8665236681699753 272000
1681550575221 0.9323902130126953 272500
1681550575728 -2.145583391189575 273000
1681550576243 -1.2265231609344482 273500
1681550576659 0.9525717608630657 274000
1681550577615 0.11175322532653809 274500
1681550577916 0.9858004720881581 275000
1681550578355 -3.756990909576416 275500
1681550578764 0.6851233839988708 276000
1681550579345 0.9773137383162975 276500
1681550579595 -1.935997486114502 277000
1681550579921 0.38448625802993774 277500
1681550580605 -0.43910741806030273 278000
1681550581124 0.8407824039459229 278500
1681550581642 0.761722594499588 279000
1681550581948 0.7908708900213242 279500
1681550582452 0.7887736260890961 280000
1681550583175 -1.1689841747283936 280500
1681550583703 0.9539396949112415 281000
1681550584593 0.9375901557505131 281500
1681550584965 0.6411656141281128 282000
1681550585465 0.7985386848449707 282500
1681550585701 0.9594978988170624 283000
1681550585990 0.9815154951065779 283500
1681550586465 0.8472365438938141 284000
1681550587029 0.9179288372397423 284500
1681550587531 0.6381964087486267 285000
1681550588137 0.15779483318328857 285500
1681550588569 0.9661047756671906 286000
1681550589609 -2.302846908569336 286500
1681550589934 0.5380496680736542 287000
1681550590452 0.6362937390804291 287500
1681550590791 0.8856681659817696 288000
1681550591351 0.8704282194375992 288500
1681550591550 -1.8520629405975342 289000
1681550591793 0.923919327557087 289500
1681550592126 0.99044110160321 290000
1681550592587 0.5868504643440247 290500
1681550593025 0.8204845488071442 291000
1681550593605 0.908384308218956 291500
1681550594010 0.9494987726211548 292000
1681550594292 0.8135384917259216 292500
1681550594618 0.9324247762560844 293000
1681550595115 0.9808374177664518 293500
1681550595793 -0.002932906150817871 294000
1681550596266 0.8816545084118843 294500
1681550596694 0.9136881902813911 295000
1681550597361 0.3428313732147217 295500
1681550597881 0.5057680010795593 296000
1681550598736 0.05715984106063843 296500
1681550599418 0.9418047145009041 297000
1681550599850 0.801055297255516 297500
1681550600249 0.5938730537891388 298000
1681550600525 0.17382365465164185 298500
1681550601069 0.6574606895446777 299000
1681550602051 -1.6859798431396484 299500
1681550602546 0.2661826014518738 300000
