1681550400683 0.0007 500
1681550400874 0.0007 1000
1681550401069 0.0007 1500
1681550401250 0.0007 2000
1681550401431 0.0007 2500
1681550401620 0.0007 3000
1681550401832 0.0007 3500
1681550402030 0.0007 4000
1681550402246 0.0007 4500
1681550402460 0.0007 5000
1681550402808 0.0007 5500
1681550403499 0.0007 6000
1681550403818 0.0007 6500
1681550404049 0.0007 7000
1681550404406 0.0007 7500
1681550404649 0.0007 8000
1681550404857 0.0007 8500
1681550405099 0.0007 9000
1681550405326 0.0007 9500
1681550405581 0.0007 10000
1681550405846 0.0007 10500
1681550406163 0.0007 11000
1681550406519 0.0007 11500
1681550406804 0.0007 12000
1681550407081 0.0007 12500
1681550407410 0.0007 13000
1681550407637 0.0007 13500
1681550407869 0.0007 14000
1681550408067 0.0007 14500
1681550408513 0.0007 15000
1681550408974 0.0007 15500
1681550409206 0.0007 16000
1681550409434 0.0007 16500
1681550409636 0.0007 17000
1681550409877 0.0007 17500
1681550410114 0.0007 18000
1681550410585 0.0007 18500
1681550410979 0.0007 19000
1681550411186 0.0007 19500
1681550411385 0.0007 20000
1681550411595 0.0007 20500
1681550411827 0.0007 21000
1681550412018 0.0007 21500
1681550412234 0.0007 22000
1681550412439 0.0007 22500
1681550412627 0.0007 23000
1681550412872 0.0007 23500
1681550413077 0.0007 24000
1681550413284 0.0007 24500
1681550413650 0.0007 25000
1681550413962 0.0007 25500
1681550414200 0.0007 26000
1681550414408 0.0007 26500
1681550414630 0.0007 27000
1681550414883 0.0007 27500
1681550415088 0.0007 28000
1681550415293 0.0007 28500
1681550415519 0.0007 29000
1681550415841 0.0007 29500
1681550416115 0.0007 30000
1681550416319 0.0007 30500
1681550416506 0.0007 31000
1681550416702 0.0007 31500
1681550416900 0.0007 32000
1681550417090 0.0007 32500
1681550417288 0.0007 33000
1681550417492 0.0007 33500
1681550417681 0.0007 34000
1681550417870 0.0007 34500
1681550418117 0.0007 35000
1681550418316 0.0007 35500
1681550418597 0.0007 36000
1681550418800 0.0007 36500
1681550419054 0.0007 37000
1681550419271 0.0007 37500
1681550419495 0.0007 38000
1681550419774 0.0007 38500
1681550419969 0.0007 39000
1681550420161 0.0007 39500
1681550420385 0.0007 40000
1681550420590 0.0007 40500
1681550420784 0.0007 41000
1681550420973 0.0007 41500
1681550421158 0.0007 42000
1681550421377 0.0007 42500
1681550421573 0.0007 43000
1681550421854 0.0007 43500
1681550422123 0.0007 44000
1681550422322 0.0007 44500
1681550422557 0.0007 45000
1681550422843 0.0007 45500
1681550423039 0.0007 46000
1681550423261 0.0007 46500
1681550423453 0.0007 47000
1681550423695 0.0007 47500
1681550423915 0.0007 48000
1681550424096 0.0007 48500
1681550424283 0.0007 49000
1681550424470 0.0007 49500
1681550424658 0.0007 50000
1681550424841 0.0007 50500
1681550425028 0.0007 51000
1681550425209 0.0007 51500
1681550425390 0.0007 52000
1681550425569 0.0007 52500
1681550425744 0.0007 53000
1681550425920 0.0007 53500
1681550426096 0.0007 54000
1681550426277 0.0007 54500
1681550426457 0.0007 55000
1681550426632 0.0007 55500
1681550426814 0.0007 56000
1681550426999 0.0007 56500
1681550427184 0.0007 57000
1681550427375 0.0007 57500
1681550427601 0.0007 58000
1681550428057 0.0007 58500
1681550428950 0.0007 59000
1681550429334 0.0007 59500
1681550430086 0.0007 60000
1681550430416 0.0007 60500
1681550430959 0.0007 61000
1681550431350 0.0007 61500
1681550431976 0.0007 62000
1681550432311 0.0007 62500
1681550432860 0.0007 63000
1681550433134 0.0007 63500
1681550433762 0.0007 64000
1681550434581 0.0007 64500
1681550435024 0.0007 65000
1681550435530 0.0007 65500
1681550435862 0.0007 66000
1681550436107 0.0007 66500
1681550436326 0.0007 67000
1681550436577 0.0007 67500
1681550437034 0.0007 68000
1681550438260 0.0007 68500
1681550438491 0.0007 69000
1681550438707 0.0007 69500
1681550439196 0.0007 70000
1681550439911 0.0007 70500
1681550440102 0.0007 71000
1681550440301 0.0007 71500
1681550440495 0.0007 72000
1681550440688 0.0007 72500
1681550440873 0.0007 73000
1681550441076 0.0007 73500
1681550441264 0.0007 74000
1681550441452 0.0007 74500
1681550441636 0.0007 75000
1681550441829 0.0007 75500
1681550442016 0.0007 76000
1681550442206 0.0007 76500
1681550442390 0.0007 77000
1681550442573 0.0007 77500
1681550442761 0.0007 78000
1681550442945 0.0007 78500
1681550443127 0.0007 79000
1681550443307 0.0007 79500
1681550443488 0.0007 80000
1681550443670 0.0007 80500
1681550443846 0.0007 81000
1681550444025 0.0007 81500
1681550444203 0.0007 82000
1681550444381 0.0007 82500
1681550444557 0.0007 83000
1681550444740 0.0007 83500
1681550444920 0.0007 84000
1681550445098 0.0007 84500
1681550445277 0.0007 85000
1681550445464 0.0007 85500
1681550445649 0.0007 86000
1681550445831 0.0007 86500
1681550446020 0.0007 87000
1681550446198 0.0007 87500
1681550446376 0.0007 88000
1681550446565 0.0007 88500
1681550446743 0.0007 89000
1681550446918 0.0007 89500
1681550447095 0.0007 90000
1681550447271 0.0007 90500
1681550447447 0.0007 91000
1681550447623 0.0007 91500
1681550447797 0.0007 92000
1681550447971 0.0007 92500
1681550448144 0.0007 93000
1681550448319 0.0007 93500
1681550448491 0.0007 94000
1681550448664 0.0007 94500
1681550448837 0.0007 95000
1681550449012 0.0007 95500
1681550449187 0.0007 96000
1681550449364 0.0007 96500
1681550449540 0.0007 97000
1681550449713 0.0007 97500
1681550449886 0.0007 98000
1681550450063 0.0007 98500
1681550450260 0.0007 99000
1681550450441 0.0007 99500
1681550450619 0.0007 100000
1681550450802 0.0007 100500
1681550450986 0.0007 101000
1681550451170 0.0007 101500
1681550451358 0.0007 102000
1681550451548 0.0007 102500
1681550451751 0.0007 103000
1681550451943 0.0007 103500
1681550452136 0.0007 104000
1681550452328 0.0007 104500
1681550452517 0.0007 105000
1681550452705 0.0007 105500
1681550452898 0.0007 106000
1681550453095 0.0007 106500
1681550453312 0.0007 107000
1681550453515 0.0007 107500
1681550453720 0.0007 108000
1681550453950 0.0007 108500
1681550454141 0.0007 109000
1681550454361 0.0007 109500
1681550454571 0.0007 110000
1681550454805 0.0007 110500
1681550455040 0.0007 111000
1681550455501 0.0007 111500
1681550455910 0.0007 112000
1681550456505 0.0007 112500
1681550456998 0.0007 113000
1681550457737 0.0007 113500
1681550458073 0.0007 114000
1681550458855 0.0007 114500
1681550459282 0.0007 115000
1681550460003 0.0007 115500
1681550460403 0.0007 116000
1681550461180 0.0007 116500
1681550461632 0.0007 117000
1681550462516 0.0007 117500
1681550462980 0.0007 118000
1681550463732 0.0007 118500
1681550464145 0.0007 119000
1681550464707 0.0007 119500
1681550465102 0.0007 120000
1681550465982 0.0007 120500
1681550466403 0.0007 121000
1681550467064 0.0007 121500
1681550467449 0.0007 122000
1681550468085 0.0007 122500
1681550468502 0.0007 123000
1681550469749 0.0007 123500
1681550470277 0.0007 124000
1681550471088 0.0007 124500
1681550471514 0.0007 125000
1681550472349 0.0007 125500
1681550472799 0.0007 126000
1681550473696 0.0007 126500
1681550474147 0.0007 127000
1681550474827 0.0007 127500
1681550475222 0.0007 128000
1681550475975 0.0007 128500
1681550476393 0.0007 129000
1681550477170 0.0007 129500
1681550477586 0.0007 130000
1681550478237 0.0007 130500
1681550478615 0.0007 131000
1681550479384 0.0007 131500
1681550479875 0.0007 132000
1681550481085 0.0007 132500
1681550481802 0.0007 133000
1681550482726 0.0007 133500
1681550483064 0.0007 134000
1681550483605 0.0007 134500
1681550484023 0.0007 135000
1681550484642 0.0007 135500
1681550484915 0.0007 136000
1681550485180 0.0007 136500
1681550485462 0.0007 137000
1681550485670 0.0007 137500
1681550486094 0.0007 138000
1681550486420 0.0007 138500
1681550486647 0.0007 139000
1681550486841 0.0007 139500
1681550487059 0.0007 140000
1681550487256 0.0007 140500
1681550487553 0.0007 141000
1681550487790 0.0007 141500
1681550487996 0.0007 142000
1681550488186 0.0007 142500
1681550488383 0.0007 143000
1681550488578 0.0007 143500
1681550488892 0.0007 144000
1681550489218 0.0007 144500
1681550489507 0.0007 145000
1681550489848 0.0007 145500
1681550490087 0.0007 146000
1681550490338 0.0007 146500
1681550490544 0.0007 147000
1681550490749 0.0007 147500
1681550490947 0.0007 148000
1681550491185 0.0007 148500
1681550491425 0.0007 149000
1681550491640 0.0007 149500
1681550491886 0.0007 150000
1681550492076 0.0007 150500
1681550492265 0.0007 151000
1681550492466 0.0007 151500
1681550492661 0.0007 152000
1681550492855 0.0007 152500
1681550493050 0.0007 153000
1681550493240 0.0007 153500
1681550493424 0.0007 154000
1681550493675 0.0007 154500
1681550493862 0.0007 155000
1681550494039 0.0007 155500
1681550494223 0.0007 156000
1681550494397 0.0007 156500
1681550494575 0.0007 157000
1681550494750 0.0007 157500
1681550494921 0.0007 158000
1681550495088 0.0007 158500
1681550495257 0.0007 159000
1681550495432 0.0007 159500
1681550495600 0.0007 160000
1681550495783 0.0007 160500
1681550495953 0.0007 161000
1681550496115 0.0007 161500
1681550496283 0.0007 162000
1681550496451 0.0007 162500
1681550496649 0.0007 163000
1681550496840 0.0007 163500
1681550497013 0.0007 164000
1681550497188 0.0007 164500
1681550497364 0.0007 165000
1681550497541 0.0007 165500
1681550497718 0.0007 166000
1681550497891 0.0007 166500
1681550498066 0.0007 167000
1681550498251 0.0007 167500
1681550498441 0.0007 168000
1681550498617 0.0007 168500
1681550498783 0.0007 169000
1681550498957 0.0007 169500
1681550499142 0.0007 170000
1681550499348 0.0007 170500
1681550499523 0.0007 171000
1681550499699 0.0007 171500
1681550499880 0.0007 172000
1681550500054 0.0007 172500
1681550500221 0.0007 173000
1681550500404 0.0007 173500
1681550500587 0.0007 174000
1681550500786 0.0007 174500
1681550500961 0.0007 175000
1681550501157 0.0007 175500
1681550501347 0.0007 176000
1681550501553 0.0007 176500
1681550501801 0.0007 177000
1681550501994 0.0007 177500
1681550502204 0.0007 178000
1681550502420 0.0007 178500
1681550502650 0.0007 179000
1681550502935 0.0007 179500
1681550503115 0.0007 180000
1681550503303 0.0007 180500
1681550503477 0.0007 181000
1681550503652 0.0007 181500
1681550503834 0.0007 182000
1681550504015 0.0007 182500
1681550504208 0.0007 183000
1681550504479 0.0007 183500
1681550504766 0.0007 184000
1681550504959 0.0007 184500
1681550505146 0.0007 185000
1681550505358 0.0007 185500
1681550505561 0.0007 186000
1681550505742 0.0007 186500
1681550505949 0.0007 187000
1681550506140 0.0007 187500
1681550506330 0.0007 188000
1681550506518 0.0007 188500
1681550506698 0.0007 189000
1681550506878 0.0007 189500
1681550507058 0.0007 190000
1681550507287 0.0007 190500
1681550507495 0.0007 191000
1681550507693 0.0007 191500
1681550507917 0.0007 192000
1681550508112 0.0007 192500
1681550508302 0.0007 193000
1681550508507 0.0007 193500
1681550508721 0.0007 194000
1681550508990 0.0007 194500
1681550509196 0.0007 195000
1681550509405 0.0007 195500
1681550509692 0.0007 196000
1681550510168 0.0007 196500
1681550510412 0.0007 197000
1681550510618 0.0007 197500
1681550510890 0.0007 198000
1681550511119 0.0007 198500
1681550511362 0.0007 199000
1681550511605 0.0007 199500
1681550511913 0.0007 200000
1681550512146 0.0007 200500
1681550512389 0.0007 201000
1681550512597 0.0007 201500
1681550512822 0.0007 202000
1681550513013 0.0007 202500
1681550513215 0.0007 203000
1681550513463 0.0007 203500
1681550513670 0.0007 204000
1681550513877 0.0007 204500
1681550514124 0.0007 205000
1681550514326 0.0007 205500
1681550514533 0.0007 206000
1681550514746 0.0007 206500
1681550514999 0.0007 207000
1681550515254 0.0007 207500
1681550515478 0.0007 208000
1681550515706 0.0007 208500
1681550515896 0.0007 209000
1681550516106 0.0007 209500
1681550516321 0.0007 210000
1681550516578 0.0007 210500
1681550516833 0.0007 211000
1681550517173 0.0007 211500
1681550517450 0.0007 212000
1681550517754 0.0007 212500
1681550518061 0.0007 213000
1681550518278 0.0007 213500
1681550518590 0.0007 214000
1681550518918 0.0007 214500
1681550519170 0.0007 215000
1681550519446 0.0007 215500
1681550519722 0.0007 216000
1681550519946 0.0007 216500
1681550520263 0.0007 217000
1681550520561 0.0007 217500
1681550520837 0.0007 218000
1681550521228 0.0007 218500
1681550521689 0.0007 219000
1681550521995 0.0007 219500
1681550522369 0.0007 220000
1681550522853 0.0007 220500
1681550523298 0.0007 221000
1681550523680 0.0007 221500
1681550524321 0.0007 222000
1681550524650 0.0007 222500
1681550525187 0.0007 223000
1681550525534 0.0007 223500
1681550525911 0.0007 224000
1681550526316 0.0007 224500
1681550526888 0.0007 225000
1681550527340 0.0007 225500
1681550528058 0.0007 226000
1681550528587 0.0007 226500
1681550529035 0.0007 227000
1681550529328 0.0007 227500
1681550529789 0.0007 228000
1681550530082 0.0007 228500
1681550530387 0.0007 229000
1681550530773 0.0007 229500
1681550531110 0.0007 230000
1681550531551 0.0007 230500
1681550532027 0.0007 231000
1681550532779 0.0007 231500
1681550533150 0.0007 232000
1681550533590 0.0007 232500
1681550533975 0.0007 233000
1681550534511 0.0007 233500
1681550534935 0.0007 234000
1681550535677 0.0007 234500
1681550536177 0.0007 235000
1681550536793 0.0007 235500
1681550537212 0.0007 236000
1681550537887 0.0007 236500
1681550538322 0.0007 237000
1681550538836 0.0007 237500
1681550539373 0.0007 238000
1681550540220 0.0007 238500
1681550540651 0.0007 239000
1681550541247 0.0007 239500
1681550541690 0.0007 240000
1681550542538 0.0007 240500
1681550543020 0.0007 241000
1681550543485 0.0007 241500
1681550543995 0.0007 242000
1681550544863 0.0007 242500
1681550545331 0.0007 243000
1681550545844 0.0007 243500
1681550546308 0.0007 244000
1681550546767 0.0007 244500
1681550547595 0.0007 245000
1681550547942 0.0007 245500
1681550548496 0.0007 246000
1681550548822 0.0007 246500
1681550549149 0.0007 247000
1681550550002 0.0007 247500
1681550550371 0.0007 248000
1681550551395 0.0007 248500
1681550551718 0.0007 249000
1681550552334 0.0007 249500
1681550552749 0.0007 250000
1681550553596 0.0007 250500
1681550553955 0.0007 251000
1681550554692 0.0007 251500
1681550555110 0.0007 252000
1681550555837 0.0007 252500
1681550556284 0.0007 253000
1681550557439 0.0007 253500
1681550557813 0.0007 254000
1681550558655 0.0007 254500
1681550559028 0.0007 255000
1681550559568 0.0007 255500
1681550560031 0.0007 256000
1681550560807 0.0007 256500
1681550561234 0.0007 257000
1681550561962 0.0007 257500
1681550562335 0.0007 258000
1681550562708 0.0007 258500
1681550562985 0.0007 259000
1681550563403 0.0007 259500
1681550564029 0.0007 260000
1681550564554 0.0007 260500
1681550565245 0.0007 261000
1681550565633 0.0007 261500
1681550565880 0.0007 262000
1681550566442 0.0007 262500
1681550566969 0.0007 263000
1681550567527 0.0007 263500
1681550567890 0.0007 264000
1681550568126 0.0007 264500
1681550568609 0.0007 265000
1681550569003 0.0007 265500
1681550569597 0.0007 266000
1681550570020 0.0007 266500
1681550570357 0.0007 267000
1681550570829 0.0007 267500
1681550571092 0.0007 268000
1681550571417 0.0007 268500
1681550572081 0.0007 269000
1681550572526 0.0007 269500
1681550572902 0.0007 270000
1681550573255 0.0007 270500
1681550573723 0.0007 271000
1681550574452 0.0007 271500
1681550574754 0.0007 272000
1681550575221 0.0007 272500
1681550575728 0.0007 273000
1681550576243 0.0007 273500
1681550576660 0.0007 274000
1681550577616 0.0007 274500
1681550577916 0.0007 275000
1681550578355 0.0007 275500
1681550578765 0.0007 276000
1681550579346 0.0007 276500
1681550579595 0.0007 277000
1681550579921 0.0007 277500
1681550580605 0.0007 278000
1681550581124 0.0007 278500
1681550581643 0.0007 279000
1681550581949 0.0007 279500
1681550582452 0.0007 280000
1681550583175 0.0007 280500
1681550583704 0.0007 281000
1681550584594 0.0007 281500
1681550584965 0.0007 282000
1681550585465 0.0007 282500
1681550585702 0.0007 283000
1681550585990 0.0007 283500
1681550586465 0.0007 284000
1681550587029 0.0007 284500
1681550587531 0.0007 285000
1681550588137 0.0007 285500
1681550588569 0.0007 286000
1681550589609 0.0007 286500
1681550589935 0.0007 287000
1681550590453 0.0007 287500
1681550590791 0.0007 288000
1681550591351 0.0007 288500
1681550591551 0.0007 289000
1681550591793 0.0007 289500
1681550592126 0.0007 290000
1681550592587 0.0007 290500
1681550593025 0.0007 291000
1681550593606 0.0007 291500
1681550594010 0.0007 292000
1681550594293 0.0007 292500
1681550594618 0.0007 293000
1681550595116 0.0007 293500
1681550595793 0.0007 294000
1681550596267 0.0007 294500
1681550596695 0.0007 295000
1681550597361 0.0007 295500
1681550597881 0.0007 296000
1681550598736 0.0007 296500
1681550599419 0.0007 297000
1681550599850 0.0007 297500
1681550600249 0.0007 298000
1681550600526 0.0007 298500
1681550601070 0.0007 299000
1681550602052 0.0007 299500
1681550602546 0.0007 300000
