1681550400684 99.0 500
1681550400874 199.0 1000
1681550401070 299.0 1500
1681550401251 399.0 2000
1681550401431 499.0 2500
1681550401620 599.0 3000
1681550401832 699.0 3500
1681550402030 799.0 4000
1681550402247 899.0 4500
1681550402461 999.0 5000
1681550402809 1099.0 5500
1681550403500 1199.0 6000
1681550403818 1299.0 6500
1681550404050 1399.0 7000
1681550404407 1499.0 7500
1681550404650 1599.0 8000
1681550404857 1699.0 8500
1681550405100 1799.0 9000
1681550405327 1899.0 9500
1681550405581 1999.0 10000
1681550405847 2099.0 10500
1681550406164 2199.0 11000
1681550406519 2299.0 11500
1681550406804 2399.0 12000
1681550407082 2499.0 12500
1681550407410 2599.0 13000
1681550407637 2699.0 13500
1681550407869 2799.0 14000
1681550408068 2899.0 14500
1681550408513 2999.0 15000
1681550408974 3099.0 15500
1681550409206 3199.0 16000
1681550409435 3299.0 16500
1681550409636 3399.0 17000
1681550409877 3499.0 17500
1681550410115 3599.0 18000
1681550410585 3699.0 18500
1681550410980 3799.0 19000
1681550411187 3899.0 19500
1681550411385 3999.0 20000
1681550411595 4099.0 20500
1681550411827 4199.0 21000
1681550412018 4299.0 21500
1681550412234 4399.0 22000
1681550412440 4499.0 22500
1681550412627 4599.0 23000
1681550412873 4699.0 23500
1681550413077 4799.0 24000
1681550413284 4899.0 24500
1681550413650 4999.0 25000
1681550413962 5099.0 25500
1681550414200 5199.0 26000
1681550414408 5299.0 26500
1681550414630 5399.0 27000
1681550414884 5499.0 27500
1681550415088 5599.0 28000
1681550415294 5699.0 28500
1681550415519 5799.0 29000
1681550415842 5899.0 29500
1681550416116 5999.0 30000
1681550416319 6099.0 30500
1681550416507 6199.0 31000
1681550416703 6299.0 31500
1681550416900 6399.0 32000
1681550417091 6499.0 32500
1681550417289 6599.0 33000
1681550417492 6699.0 33500
1681550417682 6799.0 34000
1681550417871 6899.0 34500
1681550418117 6999.0 35000
1681550418316 7099.0 35500
1681550418598 7199.0 36000
1681550418801 7299.0 36500
1681550419055 7399.0 37000
1681550419271 7499.0 37500
1681550419495 7599.0 38000
1681550419775 7699.0 38500
1681550419969 7799.0 39000
1681550420161 7899.0 39500
1681550420386 7999.0 40000
1681550420590 8099.0 40500
1681550420784 8199.0 41000
1681550420973 8299.0 41500
1681550421158 8399.0 42000
1681550421377 8499.0 42500
1681550421574 8599.0 43000
1681550421854 8699.0 43500
1681550422124 8799.0 44000
1681550422322 8899.0 44500
1681550422557 8999.0 45000
1681550422843 9099.0 45500
1681550423040 9199.0 46000
1681550423262 9299.0 46500
1681550423453 9399.0 47000
1681550423695 9499.0 47500
1681550423915 9599.0 48000
1681550424097 9699.0 48500
1681550424283 9799.0 49000
1681550424471 9899.0 49500
1681550424658 9999.0 50000
1681550424842 10099.0 50500
1681550425029 10199.0 51000
1681550425209 10299.0 51500
1681550425390 10399.0 52000
1681550425569 10499.0 52500
1681550425745 10599.0 53000
1681550425920 10699.0 53500
1681550426096 10799.0 54000
1681550426278 10899.0 54500
1681550426457 10999.0 55000
1681550426632 11099.0 55500
1681550426815 11199.0 56000
1681550426999 11299.0 56500
1681550427185 11399.0 57000
1681550427375 11499.0 57500
1681550427601 11599.0 58000
1681550428057 11699.0 58500
1681550428950 11799.0 59000
1681550429335 11899.0 59500
1681550430087 11999.0 60000
1681550430417 12099.0 60500
1681550430959 12199.0 61000
1681550431350 12299.0 61500
1681550431976 12399.0 62000
1681550432312 12499.0 62500
1681550432860 12599.0 63000
1681550433135 12699.0 63500
1681550433763 12799.0 64000
1681550434582 12899.0 64500
1681550435024 12999.0 65000
1681550435530 13099.0 65500
1681550435862 13199.0 66000
1681550436108 13299.0 66500
1681550436326 13399.0 67000
1681550436577 13499.0 67500
1681550437035 13599.0 68000
1681550438261 13699.0 68500
1681550438492 13799.0 69000
1681550438707 13899.0 69500
1681550439196 13999.0 70000
1681550439911 14099.0 70500
1681550440103 14199.0 71000
1681550440301 14299.0 71500
1681550440496 14399.0 72000
1681550440689 14499.0 72500
1681550440873 14599.0 73000
1681550441077 14699.0 73500
1681550441264 14799.0 74000
1681550441453 14899.0 74500
1681550441637 14999.0 75000
1681550441829 15099.0 75500
1681550442016 15199.0 76000
1681550442206 15299.0 76500
1681550442390 15399.0 77000
1681550442573 15499.0 77500
1681550442762 15599.0 78000
1681550442946 15699.0 78500
1681550443128 15799.0 79000
1681550443307 15899.0 79500
1681550443488 15999.0 80000
1681550443670 16099.0 80500
1681550443846 16199.0 81000
1681550444026 16299.0 81500
1681550444203 16399.0 82000
1681550444382 16499.0 82500
1681550444557 16599.0 83000
1681550444740 16699.0 83500
1681550444920 16799.0 84000
1681550445099 16899.0 84500
1681550445277 16999.0 85000
1681550445464 17099.0 85500
1681550445650 17199.0 86000
1681550445831 17299.0 86500
1681550446020 17399.0 87000
1681550446199 17499.0 87500
1681550446377 17599.0 88000
1681550446566 17699.0 88500
1681550446744 17799.0 89000
1681550446918 17899.0 89500
1681550447095 17999.0 90000
1681550447272 18099.0 90500
1681550447447 18199.0 91000
1681550447624 18299.0 91500
1681550447797 18399.0 92000
1681550447971 18499.0 92500
1681550448144 18599.0 93000
1681550448319 18699.0 93500
1681550448491 18799.0 94000
1681550448665 18899.0 94500
1681550448837 18999.0 95000
1681550449012 19099.0 95500
1681550449187 19199.0 96000
1681550449364 19299.0 96500
1681550449540 19399.0 97000
1681550449714 19499.0 97500
1681550449886 19599.0 98000
1681550450063 19699.0 98500
1681550450260 19799.0 99000
1681550450442 19899.0 99500
1681550450619 19999.0 100000
1681550450803 20099.0 100500
1681550450986 20199.0 101000
1681550451171 20299.0 101500
1681550451359 20399.0 102000
1681550451549 20499.0 102500
1681550451751 20599.0 103000
1681550451944 20699.0 103500
1681550452136 20799.0 104000
1681550452328 20899.0 104500
1681550452517 20999.0 105000
1681550452705 21099.0 105500
1681550452898 21199.0 106000
1681550453095 21299.0 106500
1681550453312 21399.0 107000
1681550453515 21499.0 107500
1681550453720 21599.0 108000
1681550453951 21699.0 108500
1681550454142 21799.0 109000
1681550454361 21899.0 109500
1681550454571 21999.0 110000
1681550454806 22099.0 110500
1681550455041 22199.0 111000
1681550455502 22299.0 111500
1681550455910 22399.0 112000
1681550456506 22499.0 112500
1681550456999 22599.0 113000
1681550457738 22699.0 113500
1681550458073 22799.0 114000
1681550458856 22899.0 114500
1681550459283 22999.0 115000
1681550460003 23099.0 115500
1681550460403 23199.0 116000
1681550461181 23299.0 116500
1681550461633 23399.0 117000
1681550462517 23499.0 117500
1681550462980 23599.0 118000
1681550463733 23699.0 118500
1681550464145 23799.0 119000
1681550464707 23899.0 119500
1681550465103 23999.0 120000
1681550465982 24099.0 120500
1681550466404 24199.0 121000
1681550467064 24299.0 121500
1681550467449 24399.0 122000
1681550468085 24499.0 122500
1681550468502 24599.0 123000
1681550469749 24699.0 123500
1681550470277 24799.0 124000
1681550471088 24899.0 124500
1681550471514 24999.0 125000
1681550472350 25099.0 125500
1681550472800 25199.0 126000
1681550473696 25299.0 126500
1681550474147 25399.0 127000
1681550474827 25499.0 127500
1681550475222 25599.0 128000
1681550475976 25699.0 128500
1681550476394 25799.0 129000
1681550477171 25899.0 129500
1681550477586 25999.0 130000
1681550478237 26099.0 130500
1681550478615 26199.0 131000
1681550479385 26299.0 131500
1681550479875 26399.0 132000
1681550481086 26499.0 132500
1681550481802 26599.0 133000
1681550482727 26699.0 133500
1681550483064 26799.0 134000
1681550483605 26899.0 134500
1681550484024 26999.0 135000
1681550484642 27099.0 135500
1681550484915 27199.0 136000
1681550485180 27299.0 136500
1681550485463 27399.0 137000
1681550485670 27499.0 137500
1681550486095 27599.0 138000
1681550486421 27699.0 138500
1681550486648 27799.0 139000
1681550486841 27899.0 139500
1681550487059 27999.0 140000
1681550487257 28099.0 140500
1681550487554 28199.0 141000
1681550487790 28299.0 141500
1681550487996 28399.0 142000
1681550488186 28499.0 142500
1681550488384 28599.0 143000
1681550488579 28699.0 143500
1681550488893 28799.0 144000
1681550489218 28899.0 144500
1681550489508 28999.0 145000
1681550489848 29099.0 145500
1681550490087 29199.0 146000
1681550490339 29299.0 146500
1681550490544 29399.0 147000
1681550490749 29499.0 147500
1681550490948 29599.0 148000
1681550491185 29699.0 148500
1681550491425 29799.0 149000
1681550491641 29899.0 149500
1681550491887 29999.0 150000
1681550492077 30099.0 150500
1681550492266 30199.0 151000
1681550492466 30299.0 151500
1681550492662 30399.0 152000
1681550492855 30499.0 152500
1681550493050 30599.0 153000
1681550493240 30699.0 153500
1681550493425 30799.0 154000
1681550493676 30899.0 154500
1681550493863 30999.0 155000
1681550494040 31099.0 155500
1681550494224 31199.0 156000
1681550494398 31299.0 156500
1681550494576 31399.0 157000
1681550494751 31499.0 157500
1681550494922 31599.0 158000
1681550495088 31699.0 158500
1681550495258 31799.0 159000
1681550495432 31899.0 159500
1681550495601 31999.0 160000
1681550495783 32099.0 160500
1681550495953 32199.0 161000
1681550496115 32299.0 161500
1681550496283 32399.0 162000
1681550496451 32499.0 162500
1681550496650 32599.0 163000
1681550496840 32699.0 163500
1681550497013 32799.0 164000
1681550497188 32899.0 164500
1681550497364 32999.0 165000
1681550497541 33099.0 165500
1681550497719 33199.0 166000
1681550497891 33299.0 166500
1681550498067 33399.0 167000
1681550498252 33499.0 167500
1681550498441 33599.0 168000
1681550498617 33699.0 168500
1681550498783 33799.0 169000
1681550498958 33899.0 169500
1681550499142 33999.0 170000
1681550499348 34099.0 170500
1681550499523 34199.0 171000
1681550499699 34299.0 171500
1681550499881 34399.0 172000
1681550500054 34499.0 172500
1681550500222 34599.0 173000
1681550500404 34699.0 173500
1681550500588 34799.0 174000
1681550500787 34899.0 174500
1681550500961 34999.0 175000
1681550501158 35099.0 175500
1681550501348 35199.0 176000
1681550501553 35299.0 176500
1681550501801 35399.0 177000
1681550501994 35499.0 177500
1681550502205 35599.0 178000
1681550502421 35699.0 178500
1681550502651 35799.0 179000
1681550502935 35899.0 179500
1681550503116 35999.0 180000
1681550503303 36099.0 180500
1681550503478 36199.0 181000
1681550503653 36299.0 181500
1681550503834 36399.0 182000
1681550504015 36499.0 182500
1681550504208 36599.0 183000
1681550504480 36699.0 183500
1681550504766 36799.0 184000
1681550504960 36899.0 184500
1681550505147 36999.0 185000
1681550505358 37099.0 185500
1681550505561 37199.0 186000
1681550505743 37299.0 186500
1681550505949 37399.0 187000
1681550506141 37499.0 187500
1681550506330 37599.0 188000
1681550506519 37699.0 188500
1681550506698 37799.0 189000
1681550506878 37899.0 189500
1681550507059 37999.0 190000
1681550507287 38099.0 190500
1681550507495 38199.0 191000
1681550507693 38299.0 191500
1681550507917 38399.0 192000
1681550508112 38499.0 192500
1681550508303 38599.0 193000
1681550508507 38699.0 193500
1681550508722 38799.0 194000
1681550508990 38899.0 194500
1681550509197 38999.0 195000
1681550509405 39099.0 195500
1681550509692 39199.0 196000
1681550510168 39299.0 196500
1681550510412 39399.0 197000
1681550510618 39499.0 197500
1681550510890 39599.0 198000
1681550511119 39699.0 198500
1681550511363 39799.0 199000
1681550511605 39899.0 199500
1681550511914 39999.0 200000
1681550512147 40099.0 200500
1681550512389 40199.0 201000
1681550512598 40299.0 201500
1681550512823 40399.0 202000
1681550513014 40499.0 202500
1681550513215 40599.0 203000
1681550513464 40699.0 203500
1681550513670 40799.0 204000
1681550513877 40899.0 204500
1681550514125 40999.0 205000
1681550514327 41099.0 205500
1681550514534 41199.0 206000
1681550514747 41299.0 206500
1681550515000 41399.0 207000
1681550515255 41499.0 207500
1681550515478 41599.0 208000
1681550515706 41699.0 208500
1681550515896 41799.0 209000
1681550516107 41899.0 209500
1681550516322 41999.0 210000
1681550516579 42099.0 210500
1681550516834 42199.0 211000
1681550517173 42299.0 211500
1681550517450 42399.0 212000
1681550517754 42499.0 212500
1681550518062 42599.0 213000
1681550518279 42699.0 213500
1681550518591 42799.0 214000
1681550518918 42899.0 214500
1681550519171 42999.0 215000
1681550519447 43099.0 215500
1681550519723 43199.0 216000
1681550519947 43299.0 216500
1681550520263 43399.0 217000
1681550520561 43499.0 217500
1681550520837 43599.0 218000
1681550521229 43699.0 218500
1681550521690 43799.0 219000
1681550521996 43899.0 219500
1681550522370 43999.0 220000
1681550522854 44099.0 220500
1681550523298 44199.0 221000
1681550523680 44299.0 221500
1681550524321 44399.0 222000
1681550524651 44499.0 222500
1681550525187 44599.0 223000
1681550525535 44699.0 223500
1681550525911 44799.0 224000
1681550526317 44899.0 224500
1681550526889 44999.0 225000
1681550527340 45099.0 225500
1681550528058 45199.0 226000
1681550528588 45299.0 226500
1681550529036 45399.0 227000
1681550529329 45499.0 227500
1681550529789 45599.0 228000
1681550530082 45699.0 228500
1681550530387 45799.0 229000
1681550530773 45899.0 229500
1681550531110 45999.0 230000
1681550531551 46099.0 230500
1681550532027 46199.0 231000
1681550532780 46299.0 231500
1681550533151 46399.0 232000
1681550533591 46499.0 232500
1681550533975 46599.0 233000
1681550534512 46699.0 233500
1681550534935 46799.0 234000
1681550535677 46899.0 234500
1681550536177 46999.0 235000
1681550536794 47099.0 235500
1681550537212 47199.0 236000
1681550537888 47299.0 236500
1681550538322 47399.0 237000
1681550538836 47499.0 237500
1681550539374 47599.0 238000
1681550540220 47699.0 238500
1681550540652 47799.0 239000
1681550541248 47899.0 239500
1681550541691 47999.0 240000
1681550542538 48099.0 240500
1681550543020 48199.0 241000
1681550543485 48299.0 241500
1681550543995 48399.0 242000
1681550544863 48499.0 242500
1681550545332 48599.0 243000
1681550545844 48699.0 243500
1681550546309 48799.0 244000
1681550546767 48899.0 244500
1681550547595 48999.0 245000
1681550547942 49099.0 245500
1681550548496 49199.0 246000
1681550548823 49299.0 246500
1681550549149 49399.0 247000
1681550550003 49499.0 247500
1681550550371 49599.0 248000
1681550551396 49699.0 248500
1681550551718 49799.0 249000
1681550552335 49899.0 249500
1681550552749 49999.0 250000
1681550553596 50099.0 250500
1681550553956 50199.0 251000
1681550554693 50299.0 251500
1681550555111 50399.0 252000
1681550555837 50499.0 252500
1681550556284 50599.0 253000
1681550557439 50699.0 253500
1681550557814 50799.0 254000
1681550558656 50899.0 254500
1681550559028 50999.0 255000
1681550559568 51099.0 255500
1681550560031 51199.0 256000
1681550560808 51299.0 256500
1681550561235 51399.0 257000
1681550561962 51499.0 257500
1681550562336 51599.0 258000
1681550562708 51699.0 258500
1681550562986 51799.0 259000
1681550563403 51899.0 259500
1681550564030 51999.0 260000
1681550564554 52099.0 260500
1681550565245 52199.0 261000
1681550565633 52299.0 261500
1681550565880 52399.0 262000
1681550566443 52499.0 262500
1681550566969 52599.0 263000
1681550567527 52699.0 263500
1681550567890 52799.0 264000
1681550568127 52899.0 264500
1681550568609 52999.0 265000
1681550569003 53099.0 265500
1681550569598 53199.0 266000
1681550570021 53299.0 266500
1681550570358 53399.0 267000
1681550570830 53499.0 267500
1681550571093 53599.0 268000
1681550571417 53699.0 268500
1681550572082 53799.0 269000
1681550572526 53899.0 269500
1681550572903 53999.0 270000
1681550573256 54099.0 270500
1681550573723 54199.0 271000
1681550574452 54299.0 271500
1681550574755 54399.0 272000
1681550575221 54499.0 272500
1681550575729 54599.0 273000
1681550576244 54699.0 273500
1681550576660 54799.0 274000
1681550577616 54899.0 274500
1681550577916 54999.0 275000
1681550578356 55099.0 275500
1681550578766 55199.0 276000
1681550579347 55299.0 276500
1681550579596 55399.0 277000
1681550579922 55499.0 277500
1681550580606 55599.0 278000
1681550581125 55699.0 278500
1681550581643 55799.0 279000
1681550581949 55899.0 279500
1681550582453 55999.0 280000
1681550583176 56099.0 280500
1681550583704 56199.0 281000
1681550584594 56299.0 281500
1681550584966 56399.0 282000
1681550585466 56499.0 282500
1681550585702 56599.0 283000
1681550585991 56699.0 283500
1681550586466 56799.0 284000
1681550587030 56899.0 284500
1681550587532 56999.0 285000
1681550588138 57099.0 285500
1681550588570 57199.0 286000
1681550589610 57299.0 286500
1681550589935 57399.0 287000
1681550590453 57499.0 287500
1681550590792 57599.0 288000
1681550591352 57699.0 288500
1681550591551 57799.0 289000
1681550591793 57899.0 289500
1681550592127 57999.0 290000
1681550592587 58099.0 290500
1681550593026 58199.0 291000
1681550593606 58299.0 291500
1681550594010 58399.0 292000
1681550594293 58499.0 292500
1681550594619 58599.0 293000
1681550595116 58699.0 293500
1681550595794 58799.0 294000
1681550596267 58899.0 294500
1681550596695 58999.0 295000
1681550597362 59099.0 295500
1681550597882 59199.0 296000
1681550598737 59299.0 296500
1681550599419 59399.0 297000
1681550599851 59499.0 297500
1681550600249 59599.0 298000
1681550600526 59699.0 298500
1681550601070 59799.0 299000
1681550602052 59899.0 299500
1681550602547 59999.0 300000
