1681550400685 -7.195195198059082 500
1681550400875 3.8408329486846924 1000
1681550401070 -3.1382858753204346 1500
1681550401251 -2.2689175605773926 2000
1681550401432 -6.027036190032959 2500
1681550401621 -3.930570125579834 3000
1681550401833 -7.313839912414551 3500
1681550402031 -7.300881862640381 4000
1681550402247 -5.62399435043335 4500
1681550402461 3.451935291290283 5000
1681550402809 0.5068573951721191 5500
1681550403500 -0.04583901911973953 6000
1681550403819 8.721237182617188 6500
1681550404050 2.016881227493286 7000
1681550404407 -1.9849249124526978 7500
1681550404650 -2.4246490001678467 8000
1681550404857 4.846095561981201 8500
1681550405100 0.13809040188789368 9000
1681550405327 0.08307524025440216 9500
1681550405581 -9.358339309692383 10000
1681550405847 -0.06644769757986069 10500
1681550406164 0.008497812785208225 11000
1681550406520 6.891367435455322 11500
1681550406805 -2.7139556407928467 12000
1681550407082 -0.9276719093322754 12500
1681550407411 -0.11080074310302734 13000
1681550407638 -0.09013856947422028 13500
1681550407870 -0.11976971477270126 14000
1681550408068 -4.169020175933838 14500
1681550408514 0.4417797923088074 15000
1681550408975 5.222794532775879 15500
1681550409207 -0.9314934015274048 16000
1681550409435 -0.05071225017309189 16500
1681550409637 1.4314781427383423 17000
1681550409877 5.139124870300293 17500
1681550410115 1.558098554611206 18000
1681550410586 -0.3512883484363556 18500
1681550410980 -7.03415584564209 19000
1681550411187 9.649185180664062 19500
1681550411385 2.345162868499756 20000
1681550411595 -1.7939808368682861 20500
1681550411827 -0.5073138475418091 21000
1681550412019 0.5784116983413696 21500
1681550412234 -0.04531548544764519 22000
1681550412440 6.999477386474609 22500
1681550412627 1.553613543510437 23000
1681550412873 -0.16215065121650696 23500
1681550413078 0.14148123562335968 24000
1681550413285 13.478795051574707 24500
1681550413651 -0.31139644980430603 25000
1681550413963 -1.303572654724121 25500
1681550414201 0.13686254620552063 26000
1681550414408 -0.7952209711074829 26500
1681550414631 0.28474974632263184 27000
1681550414884 -1.998252272605896 27500
1681550415089 8.494491577148438 28000
1681550415294 -0.04911017045378685 28500
1681550415520 4.168673992156982 29000
1681550415842 0.00025100490893237293 29500
1681550416116 -0.07276810705661774 30000
1681550416320 0.02518073096871376 30500
1681550416507 -1.5664899349212646 31000
1681550416703 5.969439506530762 31500
1681550416901 -0.8163000345230103 32000
1681550417091 -2.5307910442352295 32500
1681550417289 -8.291199684143066 33000
1681550417493 3.3463637828826904 33500
1681550417682 -0.22076985239982605 34000
1681550417871 -0.05727660655975342 34500
1681550418118 -0.0038210581988096237 35000
1681550418317 3.520594358444214 35500
1681550418598 0.08122201263904572 36000
1681550418801 1.4217032194137573 36500
1681550419055 -1.2780346870422363 37000
1681550419271 -0.003265339182689786 37500
1681550419496 1.295158863067627 38000
1681550419775 -0.27940094470977783 38500
1681550419970 0.639886736869812 39000
1681550420161 0.12120240926742554 39500
1681550420386 -5.435336112976074 40000
1681550420591 2.109285354614258 40500
1681550420784 0.7428267598152161 41000
1681550420973 0.05295180156826973 41500
1681550421159 0.19891484081745148 42000
1681550421378 2.9159064292907715 42500
1681550421574 -3.959735155105591 43000
1681550421854 -1.5109679698944092 43500
1681550422124 3.8981308937072754 44000
1681550422323 -5.416517734527588 44500
1681550422557 -2.11092209815979 45000
1681550422843 1.1978310346603394 45500
1681550423040 0.0011347553227096796 46000
1681550423262 2.3580081462860107 46500
1681550423453 0.49290189146995544 47000
1681550423696 -0.0030707712285220623 47500
1681550423916 8.67841299623251e-05 48000
1681550424097 -0.9913630485534668 48500
1681550424284 0.5326781272888184 49000
1681550424471 -0.053024955093860626 49500
1681550424659 2.2828688621520996 50000
1681550424842 0.6929789781570435 50500
1681550425029 -0.0838465690612793 51000
1681550425210 -6.211529731750488 51500
1681550425390 0.4512324333190918 52000
1681550425570 -2.060173988342285 52500
1681550425745 1.1565701961517334 53000
1681550425921 -0.7230101823806763 53500
1681550426097 0.00015222835645545274 54000
1681550426278 0.3464583158493042 54500
1681550426457 -1.150212049484253 55000
1681550426633 4.346944808959961 55500
1681550426815 0.07491762191057205 56000
1681550427000 -3.8347020149230957 56500
1681550427185 0.2657948136329651 57000
1681550427376 -0.7022081613540649 57500
1681550427601 -2.536520481109619 58000
1681550428057 -0.6322978734970093 58500
1681550428951 0.815318763256073 59000
1681550429335 1.2067878246307373 59500
1681550430087 1.0457316637039185 60000
1681550430417 0.13073302805423737 60500
1681550430960 8.847500801086426 61000
1681550431351 -1.6334937810897827 61500
1681550431976 1.2457294464111328 62000
1681550432312 0.3999832570552826 62500
1681550432860 0.2837154269218445 63000
1681550433135 -2.3562350273132324 63500
1681550433763 1.3288917541503906 64000
1681550434582 1.9461177587509155 64500
1681550435025 1.4910356998443604 65000
1681550435531 -16.241518020629883 65500
1681550435863 -0.3774716258049011 66000
1681550436108 -0.07655815780162811 66500
1681550436327 -1.4840673208236694 67000
1681550436578 -1.8845112323760986 67500
1681550437035 -0.7856326103210449 68000
1681550438261 -3.758213520050049 68500
1681550438492 -0.06861485540866852 69000
1681550438708 -0.2361201047897339 69500
1681550439197 1.2058498859405518 70000
1681550439911 -0.09689111262559891 70500
1681550440103 -1.6862579584121704 71000
1681550440302 0.013313260860741138 71500
1681550440496 -3.5198357105255127 72000
1681550440689 2.024785041809082 72500
1681550440873 -0.020844003185629845 73000
1681550441077 -1.2362579107284546 73500
1681550441264 0.4687296748161316 74000
1681550441453 -0.03371119499206543 74500
1681550441637 0.6328668594360352 75000
1681550441829 -0.7362770438194275 75500
1681550442017 -1.3486140966415405 76000
1681550442207 2.7926623821258545 76500
1681550442391 0.09863497316837311 77000
1681550442574 -1.7427486181259155 77500
1681550442762 0.06272856146097183 78000
1681550442946 2.197242021560669 78500
1681550443128 0.1218395084142685 79000
1681550443308 -2.671456813812256 79500
1681550443489 1.247735857963562 80000
1681550443671 6.414613246917725 80500
1681550443847 0.5854187607765198 81000
1681550444026 -1.8978504158440046e-05 81500
1681550444203 -0.23591777682304382 82000
1681550444382 -3.6132102012634277 82500
1681550444558 3.9452641010284424 83000
1681550444740 -2.672379970550537 83500
1681550444921 5.040253639221191 84000
1681550445099 0.4321569502353668 84500
1681550445278 -0.7347421646118164 85000
1681550445465 -4.070000648498535 85500
1681550445650 3.964586721849628e-05 86000
1681550445832 0.600263774394989 86500
1681550446021 5.643656550091691e-05 87000
1681550446199 -0.08681783825159073 87500
1681550446377 1.7723239660263062 88000
1681550446566 -5.844883441925049 88500
1681550446744 0.6890749335289001 89000
1681550446919 1.022308588027954 89500
1681550447096 5.989832629893499e-07 90000
1681550447272 -0.2017751932144165 90500
1681550447448 -2.8872745037078857 91000
1681550447624 1.2981183528900146 91500
1681550447798 -1.9528707265853882 92000
1681550447971 0.5543034672737122 92500
1681550448144 -1.9807361364364624 93000
1681550448320 -4.245023727416992 93500
1681550448492 -0.2878573536872864 94000
1681550448665 -1.3078526258468628 94500
1681550448838 4.481260299682617 95000
1681550449013 2.8809943199157715 95500
1681550449188 1.4539903402328491 96000
1681550449365 1.8253107070922852 96500
1681550449541 -0.24507670104503632 97000
1681550449714 -16.804813385009766 97500
1681550449887 5.4225664138793945 98000
1681550450063 0.1776890754699707 98500
1681550450261 0.8718568682670593 99000
1681550450442 -0.20602238178253174 99500
1681550450620 1.8853179426514544e-06 100000
1681550450803 -19.687931060791016 100500
1681550450987 0.6723593473434448 101000
1681550451171 -0.003733417484909296 101500
1681550451359 -0.04940066486597061 102000
1681550451549 -0.09029620885848999 102500
1681550451751 -0.3762235641479492 103000
1681550451944 -3.2330149224435445e-06 103500
1681550452137 0.2319711446762085 104000
1681550452329 -0.0031103123910725117 104500
1681550452517 -1.2896696329116821 105000
1681550452705 0.679531455039978 105500
1681550452899 -0.23352698981761932 106000
1681550453096 -0.37181270122528076 106500
1681550453313 22.583433151245117 107000
1681550453516 0.001020443276502192 107500
1681550453721 -2.030768871307373 108000
1681550453951 0.021567989140748978 108500
1681550454142 -0.16257482767105103 109000
1681550454361 1.2122278213500977 109500
1681550454572 4.979403972625732 110000
1681550454806 -5.824993786518462e-05 110500
1681550455041 0.048467546701431274 111000
1681550455502 -4.438168525695801 111500
1681550455910 -0.5183620452880859 112000
1681550456506 0.3337521553039551 112500
1681550456999 -0.4567022919654846 113000
1681550457738 -0.058691900223493576 113500
1681550458074 0.0007646410958841443 114000
1681550458856 0.0016230944311246276 114500
1681550459283 -1.4277222156524658 115000
1681550460004 1.1835659742355347 115500
1681550460404 -0.472768634557724 116000
1681550461181 0.9794491529464722 116500
1681550461633 -0.6889484524726868 117000
1681550462517 -0.5836358666419983 117500
1681550462981 -0.4462432861328125 118000
1681550463733 -1.4794222116470337 118500
1681550464146 -0.7423565983772278 119000
1681550464708 1.122929334640503 119500
1681550465103 -0.031300146132707596 120000
1681550465983 -1.1437160968780518 120500
1681550466404 -0.11723276227712631 121000
1681550467065 3.268480213591829e-06 121500
1681550467450 -0.14344607293605804 122000
1681550468086 0.11344500631093979 122500
1681550468503 1.5422691106796265 123000
1681550469750 0.0956897884607315 123500
1681550470278 -0.07254118472337723 124000
1681550471089 -0.008768212050199509 124500
1681550471515 -1.182626485824585 125000
1681550472350 -0.36695948243141174 125500
1681550472800 -0.41088181734085083 126000
1681550473697 -0.1583888828754425 126500
1681550474147 -0.19862103462219238 127000
1681550474828 -0.008483568206429482 127500
1681550475223 -3.1978600025177 128000
1681550475976 0.6888673901557922 128500
1681550476394 -2.003767251968384 129000
1681550477171 0.2037951648235321 129500
1681550477587 0.18729157745838165 130000
1681550478238 1.3634686470031738 130500
1681550478615 -0.343315064907074 131000
1681550479385 0.41495269536972046 131500
1681550479875 0.0026868812274187803 132000
1681550481086 -0.000551962002646178 132500
1681550481803 -1.3382480144500732 133000
1681550482727 0.4055291712284088 133500
1681550483065 -0.24162539839744568 134000
1681550483606 -0.21484343707561493 134500
1681550484024 0.023916095495224 135000
1681550484643 -0.7384463548660278 135500
1681550484916 0.13400116562843323 136000
1681550485181 0.11350364983081818 136500
1681550485463 3.431436061859131 137000
1681550485670 1.200527548789978 137500
1681550486095 0.20769448578357697 138000
1681550486421 0.005472355987876654 138500
1681550486648 -1.0102894306182861 139000
1681550486842 -1.1710346937179565 139500
1681550487060 2.5482590198516846 140000
1681550487257 -1.598381519317627 140500
1681550487555 -1.8164663314819336 141000
1681550487791 0.6563785076141357 141500
1681550487997 -0.2206110954284668 142000
1681550488186 -0.0012427665060386062 142500
1681550488384 -0.47691044211387634 143000
1681550488579 -0.326516330242157 143500
1681550488895 -2.1920521248830482e-05 144000
1681550489219 -1.5030202865600586 144500
1681550489509 -0.9783403277397156 145000
1681550489849 0.06539148092269897 145500
1681550490088 -1.7447210550308228 146000
1681550490339 -0.0 146500
1681550490545 -0.11811256408691406 147000
1681550490750 -0.2145262509584427 147500
1681550490948 -0.7315820455551147 148000
1681550491185 1.9171034097671509 148500
1681550491426 -21.95977783203125 149000
1681550491641 0.5046130418777466 149500
1681550491887 1.7913265228271484 150000
1681550492077 -0.2608165740966797 150500
1681550492266 11.8806791305542 151000
1681550492466 0.9525480270385742 151500
1681550492662 -0.16885273158550262 152000
1681550492856 3.8873038291931152 152500
1681550493051 0.6370130777359009 153000
1681550493241 0.2854599356651306 153500
1681550493425 0.07206787914037704 154000
1681550493676 0.4870828688144684 154500
1681550493863 -0.44407764077186584 155000
1681550494040 -0.16236260533332825 155500
1681550494224 0.12126050144433975 156000
1681550494398 -1.671142339706421 156500
1681550494576 0.325933039188385 157000
1681550494751 -0.01353571005165577 157500
1681550494922 -0.39689046144485474 158000
1681550495089 -0.139723539352417 158500
1681550495258 -1.0895154476165771 159000
1681550495432 -0.5682051777839661 159500
1681550495601 0.046857912093400955 160000
1681550495784 -0.4678945541381836 160500
1681550495953 0.6337024569511414 161000
1681550496116 -2.3051676750183105 161500
1681550496284 1.3144891262054443 162000
1681550496452 0.12257112562656403 162500
1681550496650 0.7294126749038696 163000
1681550496840 -0.00037651555612683296 163500
1681550497014 -0.8723967671394348 164000
1681550497189 -9.781673431396484 164500
1681550497364 -0.00020367748220451176 165000
1681550497542 1.0948137044906616 165500
1681550497719 0.23264038562774658 166000
1681550497892 -0.34989601373672485 166500
1681550498067 1.1724860668182373 167000
1681550498252 -0.4624730050563812 167500
1681550498442 -0.25013887882232666 168000
1681550498617 0.024347815662622452 168500
1681550498784 -0.03343735262751579 169000
1681550498958 0.15362368524074554 169500
1681550499142 0.347373366355896 170000
1681550499349 0.8290545344352722 170500
1681550499523 -0.017208337783813477 171000
1681550499700 -0.4269079566001892 171500
1681550499881 -0.0672803670167923 172000
1681550500055 -1.3199446201324463 172500
1681550500222 -0.37643492221832275 173000
1681550500404 -0.00010672768985386938 173500
1681550500588 0.02980698272585869 174000
1681550500787 -0.005409460514783859 174500
1681550500962 -0.28537750244140625 175000
1681550501158 0.3599540889263153 175500
1681550501348 0.12217049300670624 176000
1681550501553 -0.3746134340763092 176500
1681550501802 0.7247376441955566 177000
1681550501995 -0.005458836443722248 177500
1681550502205 -0.142095148563385 178000
1681550502421 -1.8029305934906006 178500
1681550502652 -0.03903871029615402 179000
1681550502936 0.33276399970054626 179500
1681550503116 -1.0617270469665527 180000
1681550503304 -0.5708954930305481 180500
1681550503478 -0.03034912422299385 181000
1681550503653 0.08232428133487701 181500
1681550503835 0.3497551381587982 182000
1681550504016 -1.6390727758407593 182500
1681550504209 0.3260706067085266 183000
1681550504480 -0.2850186228752136 183500
1681550504767 9.288842193200253e-06 184000
1681550504960 0.9914147257804871 184500
1681550505147 -1.2284396886825562 185000
1681550505359 0.7915056943893433 185500
1681550505561 0.15903529524803162 186000
1681550505743 -1.0679819583892822 186500
1681550505950 0.0743248462677002 187000
1681550506141 0.3851490914821625 187500
1681550506331 -0.5339515209197998 188000
1681550506519 0.12198499590158463 188500
1681550506699 -0.7244442701339722 189000
1681550506878 0.00037587396218441427 189500
1681550507059 0.0071787163615226746 190000
1681550507288 0.00011639810691121966 190500
1681550507496 0.18471117317676544 191000
1681550507694 -0.0 191500
1681550507918 -1.883740782737732 192000
1681550508112 -0.09911519289016724 192500
1681550508303 0.6873501539230347 193000
1681550508508 0.21622177958488464 193500
1681550508722 -1.5571515560150146 194000
1681550508991 0.025379527360200882 194500
1681550509197 -0.4979226589202881 195000
1681550509406 -0.3725096881389618 195500
1681550509693 -0.08823639154434204 196000
1681550510169 -0.002027020789682865 196500
1681550510413 0.4960189759731293 197000
1681550510619 9.348953247070312 197500
1681550510891 0.18815699219703674 198000
1681550511120 0.42666786909103394 198500
1681550511363 -0.11954765021800995 199000
1681550511606 -0.18533945083618164 199500
1681550511914 -0.21754197776317596 200000
1681550512147 -0.19272664189338684 200500
1681550512390 0.17742858827114105 201000
1681550512598 -4.567863464355469 201500
1681550512823 -0.0901273861527443 202000
1681550513014 -0.005371880251914263 202500
1681550513216 -0.39528799057006836 203000
1681550513464 -0.02483314648270607 203500
1681550513671 0.09999413043260574 204000
1681550513877 -0.0 204500
1681550514125 -0.12762551009655 205000
1681550514327 1.6450889110565186 205500
1681550514534 0.4131454527378082 206000
1681550514747 0.10684534162282944 206500
1681550515000 0.051343124359846115 207000
1681550515255 0.06794872879981995 207500
1681550515479 -0.093070387840271 208000
1681550515706 -0.36373305320739746 208500
1681550515896 0.2319541722536087 209000
1681550516107 -0.9507722854614258 209500
1681550516322 -0.07261258363723755 210000
1681550516579 -0.37192457914352417 210500
1681550516834 -0.0 211000
1681550517174 -0.375127375125885 211500
1681550517451 -0.44098156690597534 212000
1681550517755 -0.5419066548347473 212500
1681550518062 -0.004138958174735308 213000
1681550518280 -0.9720141291618347 213500
1681550518591 -0.054101377725601196 214000
1681550518919 0.15493372082710266 214500
1681550519171 1.6301586627960205 215000
1681550519447 -1.2315781116485596 215500
1681550519723 -0.3149856626987457 216000
1681550519947 0.40192070603370667 216500
1681550520264 0.06325367838144302 217000
1681550520562 1.1938806772232056 217500
1681550520838 -0.0012217670446261764 218000
1681550521229 -0.816879391670227 218500
1681550521690 -0.37254464626312256 219000
1681550521996 0.08226598054170609 219500
1681550522370 0.12325485050678253 220000
1681550522854 -0.6187666654586792 220500
1681550523298 -0.00013080784992780536 221000
1681550523681 0.10520931333303452 221500
1681550524322 -0.07760487496852875 222000
1681550524651 -0.6351456046104431 222500
1681550525188 -0.008376440033316612 223000
1681550525535 -5.762117385864258 223500
1681550525912 -0.1976534128189087 224000
1681550526317 -2.616999626159668 224500
1681550526889 -0.06659238040447235 225000
1681550527341 -0.22254236042499542 225500
1681550528059 -0.44401389360427856 226000
1681550528588 -0.006846490316092968 226500
1681550529036 -1.2048908472061157 227000
1681550529329 0.016658686101436615 227500
1681550529790 -0.21375247836112976 228000
1681550530083 -0.22632154822349548 228500
1681550530388 0.11952316761016846 229000
1681550530774 0.3347739577293396 229500
1681550531111 -1.5849717855453491 230000
1681550531552 -0.4697348475456238 230500
1681550532028 -0.6442270278930664 231000
1681550532780 -0.09064476191997528 231500
1681550533151 -0.11448147147893906 232000
1681550533591 0.7658954858779907 232500
1681550533976 -0.008973679505288601 233000
1681550534512 -1.0029221773147583 233500
1681550534935 -0.716830849647522 234000
1681550535678 -0.4968332350254059 234500
1681550536178 0.05714625120162964 235000
1681550536794 1.4182084798812866 235500
1681550537212 -0.023356426507234573 236000
1681550537888 0.5633758306503296 236500
1681550538323 -0.5571585893630981 237000
1681550538837 0.17210854589939117 237500
1681550539374 -0.010224630124866962 238000
1681550540221 0.7596275210380554 238500
1681550540652 0.28294363617897034 239000
1681550541248 0.46485304832458496 239500
1681550541691 -0.8258442878723145 240000
1681550542539 -1.4626566171646118 240500
1681550543021 0.09458260238170624 241000
1681550543486 0.4606754183769226 241500
1681550543996 -0.13259348273277283 242000
1681550544864 1.6556131839752197 242500
1681550545332 -0.6560224294662476 243000
1681550545845 0.0219779834151268 243500
1681550546309 1.4105761051177979 244000
1681550546768 -0.47117775678634644 244500
1681550547596 0.6470063924789429 245000
1681550547942 0.04568329453468323 245500
1681550548497 0.012311721220612526 246000
1681550548823 -7.534273663623026e-06 246500
1681550549150 -0.12591901421546936 247000
1681550550003 0.10721287876367569 247500
1681550550372 0.0876506119966507 248000
1681550551396 -0.5382141470909119 248500
1681550551719 0.005316435359418392 249000
1681550552336 -0.8971800804138184 249500
1681550552750 -0.23168432712554932 250000
1681550553597 -0.38946905732154846 250500
1681550553956 -0.15804535150527954 251000
1681550554693 -0.34021422266960144 251500
1681550555111 -0.8332816362380981 252000
1681550555838 1.1138204336166382 252500
1681550556285 0.4818265438079834 253000
1681550557440 -0.05857979506254196 253500
1681550557814 1.332576036453247 254000
1681550558657 1.3754397630691528 254500
1681550559029 -0.034550052136182785 255000
1681550559569 -0.15835586190223694 255500
1681550560032 0.20536205172538757 256000
1681550560808 -0.2148228883743286 256500
1681550561235 0.5865389704704285 257000
1681550561963 0.01533159613609314 257500
1681550562336 -0.07103896886110306 258000
1681550562709 -0.17066054046154022 258500
1681550562986 -0.21459178626537323 259000
1681550563404 0.27273374795913696 259500
1681550564030 -1.1738338470458984 260000
1681550564555 0.012497955933213234 260500
1681550565246 -0.14394202828407288 261000
1681550565634 -2.6536760330200195 261500
1681550565881 -0.7681755423545837 262000
1681550566445 -0.024991322308778763 262500
1681550566970 0.6469103693962097 263000
1681550567528 -0.3193158507347107 263500
1681550567891 -0.03901726007461548 264000
1681550568127 -0.07213471829891205 264500
1681550568610 -0.12043549120426178 265000
1681550569004 0.08421032130718231 265500
1681550569598 0.37834256887435913 266000
1681550570021 8.800081559456885e-06 266500
1681550570358 -0.5424672365188599 267000
1681550570830 -0.7472003698348999 267500
1681550571093 0.10022300481796265 268000
1681550571418 0.12494461238384247 268500
1681550572082 0.031025242060422897 269000
1681550572527 -0.9573575854301453 269500
1681550572903 0.18426485359668732 270000
1681550573256 -0.24859483540058136 270500
1681550573724 -0.15275225043296814 271000
1681550574453 -0.0005169188370928168 271500
1681550574755 -0.017731402069330215 272000
1681550575222 -0.03579739108681679 272500
1681550575730 -5.056659698486328 273000
1681550576245 -0.24318404495716095 273500
1681550576660 0.007781560067087412 274000
1681550577617 -16.526838302612305 274500
1681550577917 0.00048623140901327133 275000
1681550578356 -0.29466819763183594 275500
1681550578766 -0.3420395255088806 276000
1681550579347 0.017671342939138412 276500
1681550579596 0.2714970111846924 277000
1681550579922 0.5913216471672058 277500
1681550580606 -0.11481485515832901 278000
1681550581125 0.6014370322227478 278500
1681550581643 -0.2247852087020874 279000
1681550581950 -0.3867226839065552 279500
1681550582453 -0.5097736120223999 280000
1681550583176 -0.381198525428772 280500
1681550583705 0.08885732293128967 281000
1681550584595 -0.023493140935897827 281500
1681550584966 0.6854737401008606 282000
1681550585466 0.03597854822874069 282500
1681550585703 -0.03242715448141098 283000
1681550585991 0.007807672023773193 283500
1681550586466 0.24345096945762634 284000
1681550587030 0.20615223050117493 284500
1681550587532 0.09581213444471359 285000
1681550588138 -0.06874415278434753 285500
1681550588570 -0.04512711614370346 286000
1681550589610 -0.041683025658130646 286500
1681550589936 -0.49402672052383423 287000
1681550590454 0.8155180811882019 287500
1681550590792 -0.18812237679958344 288000
1681550591352 -0.3756662607192993 288500
1681550591552 1.2722009420394897 289000
1681550591794 0.017613377422094345 289500
1681550592127 -0.061559926718473434 290000
1681550592588 -0.5594891309738159 290500
1681550593026 -0.05107342079281807 291000
1681550593607 -0.005689789541065693 291500
1681550594011 -0.02414870820939541 292000
1681550594294 -0.165711909532547 292500
1681550594619 0.09853415191173553 293000
1681550595117 -0.21683621406555176 293500
1681550595794 0.14089509844779968 294000
1681550596268 0.2546249032020569 294500
1681550596695 0.03201516717672348 295000
1681550597362 -0.8934526443481445 295500
1681550597882 -0.025511061772704124 296000
1681550598737 -0.10987404733896255 296500
1681550599420 0.040548086166381836 297000
1681550599851 -0.005049753002822399 297500
1681550600250 0.025601455941796303 298000
1681550600527 -0.16089944541454315 298500
1681550601071 0.2789212763309479 299000
1681550602053 -0.003924894146621227 299500
1681550602547 -0.1096317395567894 300000
