1681550400685 226.33407592773438 500
1681550400875 15.826825141906738 1000
1681550401071 8.309224128723145 1500
1681550401252 4.8836774826049805 2000
1681550401432 41.539894104003906 2500
1681550401621 9.857110977172852 3000
1681550401833 337.78778076171875 3500
1681550402031 43.66668701171875 4000
1681550402247 35.750694274902344 4500
1681550402461 38.30365753173828 5000
1681550402810 0.3020199239253998 5500
1681550403501 0.010045407339930534 6000
1681550403819 108.78880310058594 6500
1681550404051 10.382333755493164 7000
1681550404408 7.348674774169922 7500
1681550404650 41.08556365966797 8000
1681550404858 41.79677200317383 8500
1681550405100 0.20834842324256897 9000
1681550405328 3.1746163368225098 9500
1681550405582 77.79481506347656 10000
1681550405848 8.103090286254883 10500
1681550406165 0.012775719165802002 11000
1681550406520 465.083984375 11500
1681550406805 107.49520111083984 12000
1681550407083 8.248278617858887 12500
1681550407411 31.216333389282227 13000
1681550407638 7.777052879333496 13500
1681550407870 201.89419555664062 14000
1681550408068 38.46518325805664 14500
1681550408514 0.3924022316932678 15000
1681550408975 21.588136672973633 15500
1681550409207 9.234487533569336 16000
1681550409436 0.7026832699775696 16500
1681550409637 9.922606468200684 17000
1681550409878 235.22982788085938 17500
1681550410115 11.005045890808105 18000
1681550410586 0.12348797172307968 18500
1681550410981 301.40167236328125 19000
1681550411188 297.8388671875 19500
1681550411386 23.298574447631836 20000
1681550411596 34.26188278198242 20500
1681550411828 51.255615234375 21000
1681550412019 5.4014081954956055 21500
1681550412235 87.3190689086914 22000
1681550412440 218.6328582763672 22500
1681550412628 3.2483997344970703 23000
1681550412873 17.997146606445312 23500
1681550413078 9.327608108520508 24000
1681550413285 181.62948608398438 24500
1681550413651 0.08697274327278137 25000
1681550413963 28.06619644165039 25500
1681550414201 6.395491600036621 26000
1681550414409 67.77344512939453 26500
1681550414631 5.435534477233887 27000
1681550414884 22.763504028320312 27500
1681550415089 418.48297119140625 28000
1681550415295 5.46445369720459 28500
1681550415520 115.46630859375 29000
1681550415842 3.070087359446916e-06 29500
1681550416117 0.9413566589355469 30000
1681550416320 0.932073712348938 30500
1681550416508 22.913232803344727 31000
1681550416704 133.45652770996094 31500
1681550416901 4222.4482421875 32000
1681550417091 42.1624870300293 32500
1681550417289 13892.4375 33000
1681550417493 528.832763671875 33500
1681550417683 34.61849594116211 34000
1681550417871 16.16660499572754 34500
1681550418118 78.50945281982422 35000
1681550418317 44.425079345703125 35500
1681550418598 174.79933166503906 36000
1681550418802 6.110628128051758 36500
1681550419055 4.952423572540283 37000
1681550419272 0.8428910970687866 37500
1681550419496 9.52454948425293 38000
1681550419776 2.0157949924468994 38500
1681550419970 58.997596740722656 39000
1681550420162 5.48412561416626 39500
1681550420387 27.110576629638672 40000
1681550420591 254.15518188476562 40500
1681550420785 1.295912742614746 41000
1681550420974 0.17047011852264404 41500
1681550421159 0.9887617826461792 42000
1681550421378 9.964496612548828 42500
1681550421575 13.485374450683594 43000
1681550421855 2.8486533164978027 43500
1681550422125 63.02756881713867 44000
1681550422323 103.3901596069336 44500
1681550422558 11.73307991027832 45000
1681550422844 2.353165864944458 45500
1681550423040 46.45246124267578 46000
1681550423263 9.74472713470459 46500
1681550423454 56.07781982421875 47000
1681550423696 0.0015048194909468293 47500
1681550423916 17.621952056884766 48000
1681550424098 2.6291728019714355 48500
1681550424284 1.5711514949798584 49000
1681550424472 56.09025192260742 49500
1681550424659 16.350666046142578 50000
1681550424842 1.2290494441986084 50500
1681550425030 0.2781979441642761 51000
1681550425210 48.34929275512695 51500
1681550425391 0.43496888875961304 52000
1681550425570 7.8170342445373535 52500
1681550425745 1.441529631614685 53000
1681550425921 1.2623120546340942 53500
1681550426097 0.7051807641983032 54000
1681550426279 0.8292568922042847 54500
1681550426458 21.684972763061523 55000
1681550426633 29.290233612060547 55500
1681550426816 0.4550227224826813 56000
1681550427000 4.419065952301025 56500
1681550427186 2.3838000297546387 57000
1681550427376 0.9254825711250305 57500
1681550427602 6.0460333824157715 58000
1681550428058 0.8082730174064636 58500
1681550428951 2.309812307357788 59000
1681550429335 3.7167739868164062 59500
1681550430088 4.087197303771973 60000
1681550430417 1.6215898990631104 60500
1681550430960 42.17070770263672 61000
1681550431351 3.5557007789611816 61500
1681550431977 3.1652138233184814 62000
1681550432313 2.6124730110168457 62500
1681550432861 0.6604315638542175 63000
1681550433135 2.972079038619995 63500
1681550433763 4.782131195068359 64000
1681550434583 6.3086113929748535 64500
1681550435025 6.417043209075928 65000
1681550435531 4585.3642578125 65500
1681550435863 0.9721636772155762 66000
1681550436109 0.1673547774553299 66500
1681550436327 25.174209594726562 67000
1681550436578 20.18889808654785 67500
1681550437036 0.894014835357666 68000
1681550438262 18.968318939208984 68500
1681550438493 27.385013580322266 69000
1681550438708 2.967162609100342 69500
1681550439197 4.416822910308838 70000
1681550439912 0.09638173878192902 70500
1681550440104 13.118581771850586 71000
1681550440302 19.914196014404297 71500
1681550440496 9.055730819702148 72000
1681550440690 187.9882049560547 72500
1681550440874 180.80213928222656 73000
1681550441077 95.09381866455078 73500
1681550441265 2.5721230506896973 74000
1681550441454 28712.458984375 74500
1681550441637 2.1034607887268066 75000
1681550441830 4.142826557159424 75500
1681550442017 12.055656433105469 76000
1681550442207 20.227619171142578 76500
1681550442391 11.205036163330078 77000
1681550442574 41.70201110839844 77500
1681550442763 0.5048239827156067 78000
1681550442946 31.192468643188477 78500
1681550443129 0.42637020349502563 79000
1681550443308 197.77639770507812 79500
1681550443489 15.141728401184082 80000
1681550443671 186.91598510742188 80500
1681550443847 4.144535064697266 81000
1681550444026 18.61031723022461 81500
1681550444204 48.651241302490234 82000
1681550444383 37.83149719238281 82500
1681550444558 40.98107147216797 83000
1681550444741 36.75339126586914 83500
1681550444921 66.13006591796875 84000
1681550445100 0.49643459916114807 84500
1681550445278 0.6999540328979492 85000
1681550445465 241.92123413085938 85500
1681550445650 26.370914459228516 86000
1681550445832 1.9842491149902344 86500
1681550446021 18.006465911865234 87000
1681550446199 0.18281368911266327 87500
1681550446378 29.193445205688477 88000
1681550446567 1644.6363525390625 88500
1681550446745 101.15138244628906 89000
1681550446919 0.789089560508728 89500
1681550447096 0.21871542930603027 90000
1681550447273 0.16750961542129517 90500
1681550447448 147.34512329101562 91000
1681550447625 4.174720764160156 91500
1681550447798 15.474740982055664 92000
1681550447972 3.1097488403320312 92500
1681550448145 5.927798271179199 93000
1681550448320 56.35884475708008 93500
1681550448492 0.7552162408828735 94000
1681550448666 4.405696868896484 94500
1681550448838 61.638465881347656 95000
1681550449013 15.103677749633789 95500
1681550449188 3.803197145462036 96000
1681550449365 14.40514087677002 96500
1681550449541 0.25100111961364746 97000
1681550449714 1506.9500732421875 97500
1681550449887 36.35675048828125 98000
1681550450064 0.5583882331848145 98500
1681550450261 0.7652145624160767 99000
1681550450443 0.2724671959877014 99500
1681550450620 1.076163411140442 100000
1681550450804 468.8125915527344 100500
1681550450987 0.37970417737960815 101000
1681550451171 0.05875714495778084 101500
1681550451360 0.17071759700775146 102000
1681550451550 0.10866034030914307 102500
1681550451752 0.42138323187828064 103000
1681550451945 0.06684239208698273 103500
1681550452137 8.16468620300293 104000
1681550452329 1.9351415634155273 104500
1681550452518 8.25139045715332 105000
1681550452706 0.3994637131690979 105500
1681550452899 0.07987958937883377 106000
1681550453096 0.19430825114250183 106500
1681550453313 342.0822448730469 107000
1681550453516 32.842674255371094 107500
1681550453721 25.243663787841797 108000
1681550453952 17.592105865478516 108500
1681550454143 0.22442540526390076 109000
1681550454362 7.476009368896484 109500
1681550454572 8.438923835754395 110000
1681550454806 227.446044921875 110500
1681550455042 0.14016421139240265 111000
1681550455502 42.86491775512695 111500
1681550455911 10.507871627807617 112000
1681550456507 0.6080489754676819 112500
1681550457000 0.5717300176620483 113000
1681550457739 0.1551263928413391 113500
1681550458074 0.008662614040076733 114000
1681550458856 1.7093114852905273 114500
1681550459283 5.257193565368652 115000
1681550460004 6.162152290344238 115500
1681550460404 0.911681056022644 116000
1681550461181 2.1879630088806152 116500
1681550461634 1.1806375980377197 117000
1681550462517 1.386036992073059 117500
1681550462981 1.5169942378997803 118000
1681550463734 1.051466703414917 118500
1681550464146 3.1559033393859863 119000
1681550464708 0.981707751750946 119500
1681550465103 0.19557783007621765 120000
1681550465983 0.9424337148666382 120500
1681550466405 0.28158921003341675 121000
1681550467065 1.1187465190887451 121500
1681550467450 0.6295688152313232 122000
1681550468086 0.7710769772529602 122500
1681550468503 7.642390251159668 123000
1681550469750 2.1931772232055664 123500
1681550470278 0.2922341227531433 124000
1681550471089 34.13825225830078 124500
1681550471515 0.9667690396308899 125000
1681550472351 1.3348394632339478 125500
1681550472801 1.4207531213760376 126000
1681550473697 0.7539697289466858 126500
1681550474148 1.151074767112732 127000
1681550474828 1.269085168838501 127500
1681550475223 2.932305335998535 128000
1681550475976 3.042903423309326 128500
1681550476395 9.887042999267578 129000
1681550477172 2.436037063598633 129500
1681550477587 0.6477054357528687 130000
1681550478238 4.3348259925842285 130500
1681550478616 0.731338620185852 131000
1681550479386 3.2517809867858887 131500
1681550479876 0.029118144884705544 132000
1681550481087 0.2604995667934418 132500
1681550481803 9.388254165649414 133000
1681550482728 0.3480892777442932 133500
1681550483065 0.516567051410675 134000
1681550483606 0.16114048659801483 134500
1681550484025 0.48906755447387695 135000
1681550484643 7.230111122131348 135500
1681550484916 7.736165523529053 136000
1681550485181 18.285541534423828 136500
1681550485463 111.4386978149414 137000
1681550485671 36.08101272583008 137500
1681550486096 1.3788295984268188 138000
1681550486422 0.8158402442932129 138500
1681550486649 4294.4716796875 139000
1681550486842 14.769495964050293 139500
1681550487061 29.049474716186523 140000
1681550487258 10978.103515625 140500
1681550487555 18.138011932373047 141000
1681550487791 195.6745147705078 141500
1681550487997 0.6797633767127991 142000
1681550488187 163.9715118408203 142500
1681550488384 4.367699146270752 143000
1681550488580 230.08169555664062 143500
1681550488896 31.64691162109375 144000
1681550489219 1.9844131469726562 144500
1681550489510 19.212261199951172 145000
1681550489849 10.86998176574707 145500
1681550490088 5.023636817932129 146000
1681550490340 8.252983093261719 146500
1681550490545 1.5995210409164429 147000
1681550490750 1.6799144744873047 147500
1681550490949 74.50328063964844 148000
1681550491186 25.365068435668945 148500
1681550491426 3244.553955078125 149000
1681550491642 1.313016653060913 149500
1681550491887 192.65924072265625 150000
1681550492077 5.221179008483887 150500
1681550492267 59.119873046875 151000
1681550492467 6.476020812988281 151500
1681550492663 124.52974700927734 152000
1681550492856 40.68787384033203 152500
1681550493051 3.3012194633483887 153000
1681550493241 8.959150314331055 153500
1681550493426 161.9710235595703 154000
1681550493676 1.8746747970581055 154500
1681550493863 1136.1986083984375 155000
1681550494041 1.208971619606018 155500
1681550494225 0.7908147573471069 156000
1681550494399 7.864859580993652 156500
1681550494577 0.81341552734375 157000
1681550494752 0.14991089701652527 157500
1681550494923 1.8748865127563477 158000
1681550495089 47.53540802001953 158500
1681550495259 5.698723793029785 159000
1681550495433 2.5344338417053223 159500
1681550495602 8.405641555786133 160000
1681550495784 9.334905624389648 160500
1681550495954 4.125401496887207 161000
1681550496116 18.970687866210938 161500
1681550496284 16.25099754333496 162000
1681550496452 0.9120159149169922 162500
1681550496651 1.5154740810394287 163000
1681550496841 145.92031860351562 163500
1681550497014 6.348906517028809 164000
1681550497189 157.49742126464844 164500
1681550497365 0.9639358520507812 165000
1681550497542 5.920845031738281 165500
1681550497720 0.9915434122085571 166000
1681550497892 1.6135250329971313 166500
1681550498068 4.009675025939941 167000
1681550498253 14.656214714050293 167500
1681550498442 1.207672119140625 168000
1681550498618 0.5736026167869568 168500
1681550498784 0.6581856608390808 169000
1681550498958 0.21906614303588867 169500
1681550499143 2.049487590789795 170000
1681550499349 5.545701503753662 170500
1681550499524 3.0486655235290527 171000
1681550499700 0.6714182496070862 171500
1681550499882 2.8631529808044434 172000
1681550500055 134.110107421875 172500
1681550500223 1.7122293710708618 173000
1681550500405 0.472527414560318 173500
1681550500589 1.4511892795562744 174000
1681550500787 1.4637726545333862 174500
1681550500962 1.303888201713562 175000
1681550501159 0.6415256261825562 175500
1681550501349 0.11924020946025848 176000
1681550501554 2.8141894340515137 176500
1681550501802 0.4092596173286438 177000
1681550501995 0.2801820635795593 177500
1681550502206 1.3999826908111572 178000
1681550502421 4.368016242980957 178500
1681550502653 12.405839920043945 179000
1681550502936 36.058345794677734 179500
1681550503117 2.7544445991516113 180000
1681550503304 0.30694037675857544 180500
1681550503479 0.7619930505752563 181000
1681550503653 0.1292109489440918 181500
1681550503835 11.362951278686523 182000
1681550504016 9.298237800598145 182500
1681550504209 12.684385299682617 183000
1681550504480 0.3860667049884796 183500
1681550504767 0.8163377642631531 184000
1681550504961 1.3832200765609741 184500
1681550505148 1.2290489673614502 185000
1681550505359 0.744835376739502 185500
1681550505562 0.025408972054719925 186000
1681550505744 2.000270128250122 186500
1681550505950 1136.22607421875 187000
1681550506142 5.320559978485107 187500
1681550506331 3.8677051067352295 188000
1681550506520 0.5938664674758911 188500
1681550506699 1.9346977472305298 189000
1681550506879 263.18133544921875 189500
1681550507059 605.0101318359375 190000
1681550507288 0.10764433443546295 190500
1681550507496 1.6769291162490845 191000
1681550507694 0.6295034289360046 191500
1681550507918 6.912609100341797 192000
1681550508113 1.0916284322738647 192500
1681550508304 0.9220870137214661 193000
1681550508508 1.7696645259857178 193500
1681550508723 4.089167594909668 194000
1681550508991 0.2637682855129242 194500
1681550509198 3.2709617614746094 195000
1681550509406 4.100881576538086 195500
1681550509693 0.006619563791900873 196000
1681550510169 0.0019379205768927932 196500
1681550510413 2.0910592079162598 197000
1681550510619 75.5860824584961 197500
1681550510891 3.5805752277374268 198000
1681550511120 1.2886607646942139 198500
1681550511364 0.5634020566940308 199000
1681550511606 2.0640530586242676 199500
1681550511915 1.0562719106674194 200000
1681550512147 2.541991710662842 200500
1681550512390 1.6231534481048584 201000
1681550512598 15.287124633789062 201500
1681550512823 4.127501487731934 202000
1681550513014 8.57835578918457 202500
1681550513216 1.1878583431243896 203000
1681550513464 0.17528294026851654 203500
1681550513671 0.922960102558136 204000
1681550513878 653.7200927734375 204500
1681550514125 5.253182411193848 205000
1681550514327 3.129361867904663 205500
1681550514535 0.8245744705200195 206000
1681550514748 0.795836329460144 206500
1681550515000 4.068359375 207000
1681550515256 1932.6917724609375 207500
1681550515479 0.3154069781303406 208000
1681550515707 0.8196641802787781 208500
1681550515897 0.4945073127746582 209000
1681550516108 2.2586989402770996 209500
1681550516323 0.9215936660766602 210000
1681550516579 55.30463409423828 210500
1681550516835 1871.1732177734375 211000
1681550517174 8.131242752075195 211500
1681550517451 1.377210021018982 212000
1681550517755 3.4054884910583496 212500
1681550518062 2011.9566650390625 213000
1681550518280 7.505991458892822 213500
1681550518591 0.47502559423446655 214000
1681550518919 4.524285793304443 214500
1681550519172 2.0286357402801514 215000
1681550519447 7.133357048034668 215500
1681550519724 13.784736633300781 216000
1681550519948 1.727060079574585 216500
1681550520264 0.19642214477062225 217000
1681550520562 3.586885929107666 217500
1681550520838 0.2582760453224182 218000
1681550521230 3.3338356018066406 218500
1681550521691 1.1267770528793335 219000
1681550521997 0.3643439710140228 219500
1681550522370 2.474656581878662 220000
1681550522855 0.7418834567070007 220500
1681550523299 0.07771989703178406 221000
1681550523681 1.4562599658966064 221500
1681550524322 2.671518087387085 222000
1681550524652 1.0902973413467407 222500
1681550525188 0.15919077396392822 223000
1681550525536 515.7451782226562 223500
1681550525912 1.2419828176498413 224000
1681550526318 3.5674071311950684 224500
1681550526890 1.3039257526397705 225000
1681550527341 0.792591392993927 225500
1681550528059 3.1136388778686523 226000
1681550528589 0.4899729788303375 226500
1681550529037 9.385133743286133 227000
1681550529329 0.9649451375007629 227500
1681550529790 2.6198060512542725 228000
1681550530083 0.7340103983879089 228500
1681550530388 2.026298999786377 229000
1681550530774 2.465721607208252 229500
1681550531111 2.6662485599517822 230000
1681550531552 17.88835906982422 230500
1681550532028 8.061299324035645 231000
1681550532780 0.38211849331855774 231500
1681550533152 2.3166770935058594 232000
1681550533592 2.8594555854797363 232500
1681550533976 0.8591132164001465 233000
1681550534513 6.035309791564941 233500
1681550534936 0.8390473127365112 234000
1681550535678 2.042421817779541 234500
1681550536178 1.228949785232544 235000
1681550536795 10.292709350585938 235500
1681550537213 0.08587353676557541 236000
1681550537889 0.6774276494979858 236500
1681550538323 0.21393080055713654 237000
1681550538837 1.212182879447937 237500
1681550539374 0.5624974966049194 238000
1681550540221 1.2279964685440063 238500
1681550540652 2.484781265258789 239000
1681550541249 10.833322525024414 239500
1681550541692 1.4054977893829346 240000
1681550542539 5.1296515464782715 240500
1681550543021 1.5027538537979126 241000
1681550543486 0.4943976402282715 241500
1681550543996 0.08794017136096954 242000
1681550544864 5.697024345397949 242500
1681550545332 0.8500338792800903 243000
1681550545845 0.025754744186997414 243500
1681550546310 8.173524856567383 244000
1681550546768 0.47999173402786255 244500
1681550547596 2.7461330890655518 245000
1681550547943 0.5316985845565796 245500
1681550548497 0.7760447263717651 246000
1681550548824 0.05072002485394478 246500
1681550549150 0.374985933303833 247000
1681550550003 0.3132840692996979 247500
1681550550372 0.2580640912055969 248000
1681550551397 0.3774425685405731 248500
1681550551719 0.2780734598636627 249000
1681550552336 1.5229179859161377 249500
1681550552750 3.9953365325927734 250000
1681550553597 0.13024738430976868 250500
1681550553957 0.41363734006881714 251000
1681550554694 2.841078281402588 251500
1681550555112 0.6469013690948486 252000
1681550555839 1.5699490308761597 252500
1681550556285 0.6196202039718628 253000
1681550557440 6.435820579528809 253500
1681550557815 11.286145210266113 254000
1681550558658 7.9458794593811035 254500
1681550559029 0.06580308824777603 255000
1681550559569 0.8327616453170776 255500
1681550560032 1.2433310747146606 256000
1681550560809 0.31219467520713806 256500
1681550561236 0.9104290008544922 257000
1681550561963 1.5188446044921875 257500
1681550562337 0.03669954463839531 258000
1681550562709 0.37695103883743286 258500
1681550562987 0.41527271270751953 259000
1681550563404 0.28045037388801575 259500
1681550564031 1.800371766090393 260000
1681550564555 0.3324425220489502 260500
1681550565246 0.6464400887489319 261000
1681550565635 7.706536769866943 261500
1681550565881 0.6308461427688599 262000
1681550566446 0.5913952589035034 262500
1681550566970 4.134466648101807 263000
1681550567528 3.0643515586853027 263500
1681550567891 0.3949050009250641 264000
1681550568128 0.09181930124759674 264500
1681550568610 0.45288556814193726 265000
1681550569004 1.040135383605957 265500
1681550569599 0.7743112444877625 266000
1681550570022 0.7085773348808289 266500
1681550570359 0.4225294589996338 267000
1681550570830 1.695061445236206 267500
1681550571094 0.3398274779319763 268000
1681550571419 0.34547165036201477 268500
1681550572083 0.7508918046951294 269000
1681550572527 4.906081199645996 269500
1681550572903 1.1896473169326782 270000
1681550573257 0.17253758013248444 270500
1681550573724 0.22056961059570312 271000
1681550574453 2.7194080352783203 271500
1681550574756 0.48687806725502014 272000
1681550575222 0.2598101496696472 272500
1681550575730 26.468017578125 273000
1681550576246 5.201965808868408 273500
1681550576661 0.18140938878059387 274000
1681550577617 964.9088745117188 274500
1681550577917 0.03948189318180084 275000
1681550578357 3.871325731277466 275500
1681550578767 1.4908466339111328 276000
1681550579347 0.14250905811786652 276500
1681550579597 4.406193733215332 277000
1681550579923 4.427297592163086 277500
1681550580607 3.144409656524658 278000
1681550581126 2.4148902893066406 278500
1681550581644 0.8994737863540649 279000
1681550581950 1.170922040939331 279500
1681550582454 0.4811604619026184 280000
1681550583177 3.970914125442505 280500
1681550583705 0.3057965338230133 281000
1681550584595 0.21497750282287598 281500
1681550584967 0.5762600302696228 282000
1681550585467 0.7401515245437622 282500
1681550585703 0.40721002221107483 283000
1681550585991 0.035177081823349 283500
1681550586466 0.35448387265205383 284000
1681550587030 0.44127020239830017 284500
1681550587533 2.588596820831299 285000
1681550588139 1.0960019826889038 285500
1681550588571 0.10154803097248077 286000
1681550589611 6.390774250030518 286500
1681550589936 1.66790771484375 287000
1681550590454 4.382574558258057 287500
1681550590792 0.8092910051345825 288000
1681550591353 0.4472896456718445 288500
1681550591552 8.192136764526367 289000
1681550591794 0.4339939057826996 289500
1681550592128 0.04913848638534546 290000
1681550592588 0.775116503238678 290500
1681550593027 0.21772918105125427 291000
1681550593607 0.06383385509252548 291500
1681550594011 0.11216384172439575 292000
1681550594294 0.8847708702087402 292500
1681550594619 0.3844302296638489 293000
1681550595117 0.13522611558437347 293500
1681550595795 4.197273254394531 294000
1681550596268 0.3470331132411957 294500
1681550596696 0.5042641162872314 295000
1681550597363 2.1407623291015625 295500
1681550597883 0.5035229921340942 296000
1681550598737 0.2104351818561554 296500
1681550599420 0.0888030081987381 297000
1681550599851 0.5978193283081055 297500
1681550600250 2.063122034072876 298000
1681550600527 0.6278664469718933 298500
1681550601071 2.042579174041748 299000
1681550602053 0.2766650319099426 299500
1681550602548 2.0667786598205566 300000
