1681630125504 -1.2123310565948486 500
1681630125711 -1.2440402507781982 1000
1681630125936 -1.1111044883728027 1500
1681630126152 -0.7800760269165039 2000
1681630126422 -0.8902016878128052 2500
1681630126690 -1.1075665950775146 3000
1681630126917 -0.9625774621963501 3500
1681630127165 -0.6536194086074829 4000
1681630127403 -0.8365023732185364 4500
1681630127819 -1.3156098127365112 5000
1681630128624 -0.5861599445343018 5500
1681630128891 -0.6663964986801147 6000
1681630129159 -0.7710487842559814 6500
1681630129372 -0.7050774693489075 7000
1681630129680 -0.315835565328598 7500
1681630129909 -0.6108036041259766 8000
1681630130258 -0.7470831871032715 8500
1681630130608 -0.7331550717353821 9000
1681630130837 -0.5242438912391663 9500
1681630131070 -0.4175761640071869 10000
1681630131343 -0.6641577482223511 10500
1681630131620 -0.8307927846908569 11000
1681630132146 -0.533771812915802 11500
1681630132414 -0.153697207570076 12000
1681630132670 -0.6132060885429382 12500
1681630132886 -0.7712885141372681 13000
1681630133214 -0.470670610666275 13500
1681630133492 -0.6835023164749146 14000
1681630133767 -0.07301171869039536 14500
1681630134020 -0.47384291887283325 15000
1681630134279 -0.5594412684440613 15500
1681630134533 -0.6252567172050476 16000
1681630134787 -0.07900404930114746 16500
1681630135084 -0.866096019744873 17000
1681630135331 -0.6439444422721863 17500
1681630135654 -0.4248374104499817 18000
1681630135950 -0.4279446601867676 18500
1681630136172 -0.7071746587753296 19000
1681630136390 -0.6067276000976562 19500
1681630136699 -0.6177536249160767 20000
1681630136960 -0.5489791631698608 20500
1681630137248 -0.18130970001220703 21000
1681630137513 -0.5011838674545288 21500
1681630137781 -0.21171453595161438 22000
1681630138044 -0.7205151319503784 22500
1681630138314 -0.5511970520019531 23000
1681630138655 -0.569878876209259 23500
1681630138942 -0.7507132291793823 24000
1681630139206 -0.39924997091293335 24500
1681630139441 -0.3727946877479553 25000
1681630139661 -0.008266633376479149 25500
1681630139963 -0.41562551259994507 26000
1681630140231 -0.020325496792793274 26500
1681630140562 -0.6407272219657898 27000
1681630140799 -0.25896960496902466 27500
1681630141048 -0.4807124137878418 28000
1681630141308 -0.5162464380264282 28500
1681630141624 -1.3684403896331787 29000
1681630142040 -0.15324948728084564 29500
1681630142242 -0.42124587297439575 30000
1681630142487 -0.3697398006916046 30500
1681630142904 -0.4972377419471741 31000
1681630143300 -0.7121368050575256 31500
1681630143591 -0.13081184029579163 32000
1681630143860 -0.891851544380188 32500
1681630144135 -0.611545741558075 33000
1681630144487 -0.7293274998664856 33500
1681630144911 -0.6098523736000061 34000
1681630145189 -0.5224356651306152 34500
1681630145418 -0.6520403623580933 35000
1681630145677 -0.11753227561712265 35500
1681630146010 -0.2711009085178375 36000
1681630146418 -0.5586333274841309 36500
1681630146892 -0.3463327884674072 37000
1681630147199 -0.6594332456588745 37500
1681630147573 -0.2779516577720642 38000
1681630147998 -1.086344838142395 38500
1681630148378 -0.8553050756454468 39000
1681630148877 -0.435377299785614 39500
1681630149194 -1.0986906290054321 40000
1681630149659 -0.658568263053894 40500
1681630149946 -0.6119685173034668 41000
1681630150265 -0.5060397386550903 41500
1681630150581 -0.0870618000626564 42000
1681630150979 -0.4511718153953552 42500
1681630151273 -0.28541818261146545 43000
1681630151578 -0.5267307162284851 43500
1681630151880 -0.6010221242904663 44000
1681630152249 -0.642413854598999 44500
1681630152619 -0.036158446222543716 45000
1681630152955 -0.24715380370616913 45500
1681630153249 -0.571838915348053 46000
1681630153585 -0.7333736419677734 46500
1681630153852 -0.5762304663658142 47000
1681630154096 -0.3752089738845825 47500
1681630154330 -0.4055723249912262 48000
1681630154618 -0.5824452638626099 48500
1681630154931 -0.5101004242897034 49000
1681630155153 -0.30875349044799805 49500
1681630155379 -0.41715002059936523 50000
1681630155631 -0.6548081040382385 50500
1681630155874 -0.41512632369995117 51000
1681630156113 -0.5523570775985718 51500
1681630156393 -0.5503581762313843 52000
1681630156701 -0.17882215976715088 52500
1681630156941 -0.5910287499427795 53000
1681630157152 -0.6424679160118103 53500
1681630157408 -0.12278912216424942 54000
1681630157623 -0.4972110688686371 54500
1681630157872 -0.02789565920829773 55000
1681630158101 -0.6554448008537292 55500
1681630158369 -0.7466567158699036 56000
1681630158610 -0.33677881956100464 56500
1681630158947 -0.5225716829299927 57000
1681630159178 -0.6205055713653564 57500
1681630159431 -0.8760207295417786 58000
1681630159667 -0.38564035296440125 58500
1681630159980 -0.06317384541034698 59000
1681630160220 -0.5525147914886475 59500
1681630160437 -0.5626593828201294 60000
1681630160682 -0.5047906637191772 60500
1681630160908 -0.4700016379356384 61000
1681630161169 -0.6092703342437744 61500
1681630161417 -0.7526187896728516 62000
1681630161872 -0.5347222089767456 62500
1681630162093 -0.6168161630630493 63000
1681630162339 -0.21867355704307556 63500
1681630162654 -0.3682672381401062 64000
1681630162892 -0.29561561346054077 64500
1681630163100 -0.6083034873008728 65000
1681630163319 -0.03370485454797745 65500
1681630163516 -0.00030886897002346814 66000
1681630163744 -0.08106466382741928 66500
1681630163949 -0.4916454255580902 67000
1681630164152 -0.20201344788074493 67500
1681630164345 -0.624546229839325 68000
1681630164541 -0.6641387939453125 68500
1681630164745 -0.6242014169692993 69000
1681630164971 -0.30093687772750854 69500
1681630165166 -0.7087563872337341 70000
1681630165357 -0.7517812848091125 70500
1681630165547 -0.4292360246181488 71000
1681630165735 -0.688373863697052 71500
1681630165926 -0.0958942249417305 72000
1681630166120 -0.4824259877204895 72500
1681630166328 -0.5050835609436035 73000
1681630166553 -0.8948564529418945 73500
1681630166749 -0.283075213432312 74000
1681630166970 -0.644621729850769 74500
1681630167212 -0.6667817234992981 75000
1681630167415 -0.6316407322883606 75500
1681630167612 -0.6349072456359863 76000
1681630167881 -0.8116825819015503 76500
1681630168136 -0.5128135085105896 77000
1681630168423 -0.2680864930152893 77500
1681630168634 -0.7477787733078003 78000
1681630168831 -0.6920817494392395 78500
1681630169057 -0.00024752627359703183 79000
1681630169387 -0.052275240421295166 79500
1681630169766 -0.5220519304275513 80000
1681630170193 -0.4924399256706238 80500
1681630170459 -0.4838382303714752 81000
1681630170731 -0.6697030067443848 81500
1681630171117 -0.8274270296096802 82000
1681630171694 -0.9985512495040894 82500
1681630172132 -0.47804170846939087 83000
1681630172460 -0.40571528673171997 83500
1681630172783 -0.8569091558456421 84000
1681630173383 -0.534518837928772 84500
1681630174289 -0.48051565885543823 85000
1681630174798 -0.4020441472530365 85500
1681630175382 -0.419023334980011 86000
1681630175657 -0.32560259103775024 86500
1681630176027 -0.6511678695678711 87000
1681630176552 -0.6618323922157288 87500
1681630177391 -0.6008963584899902 88000
1681630177684 -0.36212852597236633 88500
1681630178185 -0.5013521909713745 89000
1681630178722 -0.7335220575332642 89500
1681630179136 -0.5040158033370972 90000
1681630180005 -0.4753306806087494 90500
1681630180269 -0.568783700466156 91000
1681630180600 -0.4204520285129547 91500
1681630180825 -0.7337418794631958 92000
1681630181062 -0.3714295029640198 92500
1681630181262 -0.1457212269306183 93000
1681630181462 -0.558872401714325 93500
1681630181659 -0.4290485382080078 94000
1681630181861 -0.3312283754348755 94500
1681630182106 -0.04146406054496765 95000
1681630182349 -0.4105605185031891 95500
1681630182578 -0.30941838026046753 96000
1681630182785 -0.5411957502365112 96500
1681630183011 -0.28892096877098083 97000
1681630183212 -0.8675247430801392 97500
1681630183421 -0.006493779830634594 98000
1681630183683 -0.6821410655975342 98500
1681630183904 -0.8541198968887329 99000
1681630184125 -0.5936077833175659 99500
1681630184324 -0.44604459404945374 100000
1681630184526 -0.9607117772102356 100500
1681630184725 -0.5437256097793579 101000
1681630184922 -0.3824036419391632 101500
1681630185124 -0.36946287751197815 102000
1681630185342 -0.9235838651657104 102500
1681630185573 -0.6599727272987366 103000
1681630185777 -0.8703402280807495 103500
1681630185977 -0.4650965631008148 104000
1681630186188 -0.3001568913459778 104500
1681630186428 -0.23135820031166077 105000
1681630186771 -0.3830542266368866 105500
1681630187127 -0.36589497327804565 106000
1681630187403 -0.5634279251098633 106500
1681630187687 -0.21339240670204163 107000
1681630188064 -0.7400518655776978 107500
1681630188463 -0.6319453716278076 108000
1681630189175 -0.9134700894355774 108500
1681630189584 -0.5693222284317017 109000
1681630190140 -0.8361924290657043 109500
1681630190589 -0.9555255174636841 110000
1681630191080 -0.8810189962387085 110500
1681630191908 -0.8072868585586548 111000
1681630192530 -0.6670054197311401 111500
1681630193361 -0.8918002843856812 112000
1681630194080 -0.6840136647224426 112500
1681630194593 -0.5297774076461792 113000
1681630195147 -0.9322773218154907 113500
1681630195483 -0.451127827167511 114000
1681630195912 -0.702114462852478 114500
1681630196234 -0.7515796422958374 115000
1681630196599 -0.025764573365449905 115500
1681630196979 -0.6620599627494812 116000
1681630197268 -0.5411794185638428 116500
1681630197684 -0.9055734872817993 117000
1681630197957 -0.7277082204818726 117500
1681630198230 -0.7073282599449158 118000
1681630198445 -0.70625239610672 118500
1681630198645 -0.3788756728172302 119000
1681630198840 -0.8805192708969116 119500
1681630199069 -0.5444372296333313 120000
1681630199281 -0.6832218170166016 120500
1681630199487 -0.6074375510215759 121000
1681630199740 -0.6834471225738525 121500
1681630199954 -0.5151569843292236 122000
1681630200154 -0.6100209355354309 122500
1681630200384 -0.09316779673099518 123000
1681630200566 -0.9551942944526672 123500
1681630200761 -0.5102246403694153 124000
1681630200943 -0.31332266330718994 124500
1681630201143 -0.9223827123641968 125000
1681630201346 -0.003439672291278839 125500
1681630201538 -0.5628978610038757 126000
1681630201715 -0.47633329033851624 126500
1681630201892 -0.1624365597963333 127000
1681630202068 -0.11194181442260742 127500
1681630202244 -0.6277912855148315 128000
1681630202420 -1.0410568714141846 128500
1681630202603 -1.0009362697601318 129000
1681630202805 -0.5105586647987366 129500
1681630203011 -0.9439173936843872 130000
1681630203220 -0.19438211619853973 130500
1681630203406 -0.8167001605033875 131000
1681630203594 -0.6233762502670288 131500
1681630203818 -0.6732853651046753 132000
1681630204006 -0.35468411445617676 132500
1681630204199 -0.6170750856399536 133000
1681630204392 -0.6945698857307434 133500
1681630204583 -0.9108532667160034 134000
1681630204831 -0.3779986500740051 134500
1681630205075 -0.6697038412094116 135000
1681630205310 -0.5029264688491821 135500
1681630205562 -0.6065710186958313 136000
1681630206042 -0.8355717658996582 136500
1681630206610 -0.3867139220237732 137000
1681630206850 -0.5950554609298706 137500
1681630207151 -0.9799029231071472 138000
1681630207413 -0.8371196985244751 138500
1681630207641 -1.0151424407958984 139000
1681630207931 -0.6653052568435669 139500
1681630208266 -0.16735807061195374 140000
1681630208697 -0.6874102354049683 140500
1681630209611 -0.09089157730340958 141000
1681630209960 -0.508188784122467 141500
1681630210813 -0.5608921051025391 142000
1681630211220 -0.4577275216579437 142500
1681630211937 -0.7571407556533813 143000
1681630212491 -0.5839394330978394 143500
1681630212950 -0.8887292742729187 144000
1681630213783 -0.860035240650177 144500
1681630214234 -0.5911563634872437 145000
1681630214609 -0.49460354447364807 145500
1681630215004 -0.5910712480545044 146000
1681630215953 -0.39372700452804565 146500
1681630216381 -0.46226662397384644 147000
1681630216716 -0.8035703897476196 147500
1681630217285 -0.6901454329490662 148000
1681630217671 -0.3431941866874695 148500
1681630218544 -0.6670631170272827 149000
1681630218908 -0.858765721321106 149500
1681630219451 -0.8446257710456848 150000
1681630219984 -0.7207688093185425 150500
1681630220799 -0.9345313906669617 151000
1681630221308 -0.5289068222045898 151500
1681630222261 -0.5260842442512512 152000
1681630222727 -0.4885078966617584 152500
1681630223131 -0.5621505379676819 153000
1681630223513 -0.509770393371582 153500
1681630223914 -0.6360586881637573 154000
1681630224299 -0.6178463697433472 154500
1681630224723 -0.5784366726875305 155000
1681630225195 -0.7129000425338745 155500
1681630225544 -0.6089920401573181 156000
1681630226262 -0.8217214345932007 156500
1681630226603 -0.56477290391922 157000
1681630227159 -0.7786293625831604 157500
1681630227582 -0.3587469756603241 158000
1681630228712 -0.4683803617954254 158500
1681630229037 -0.17350883781909943 159000
1681630229707 -0.5265693664550781 159500
1681630230042 -0.5184569954872131 160000
1681630230976 -0.4017857015132904 160500
1681630231268 -0.44982391595840454 161000
1681630231811 -0.5898951292037964 161500
1681630232215 -0.5424631834030151 162000
1681630233234 -0.4099732041358948 162500
1681630233558 -0.5611253976821899 163000
1681630234149 -0.8235211372375488 163500
1681630234471 -0.5670276880264282 164000
1681630234920 -0.525804877281189 164500
1681630235241 -0.7106830477714539 165000
1681630235742 -0.5755026936531067 165500
1681630236053 -0.7237638235092163 166000
1681630236535 -0.3157237470149994 166500
1681630236819 -0.350790411233902 167000
1681630237342 -0.3653159737586975 167500
1681630237698 -0.60283362865448 168000
1681630238207 -0.41190171241760254 168500
1681630238561 -0.35800638794898987 169000
1681630239548 -0.3359946608543396 169500
1681630239861 -0.6245893239974976 170000
1681630240415 -0.3341914713382721 170500
1681630240711 -0.5871866345405579 171000
1681630241422 -0.5761862993240356 171500
1681630241838 -0.10986541211605072 172000
1681630242688 -0.05870482325553894 172500
1681630243102 -0.6974453330039978 173000
1681630244353 -0.37051844596862793 173500
1681630244706 -0.24121716618537903 174000
1681630245022 -0.4043939709663391 174500
1681630245462 -0.4035367965698242 175000
1681630245801 -3.9362959114441765e-07 175500
1681630246112 -0.6637639999389648 176000
1681630246472 -0.6132515668869019 176500
1681630246856 -0.6776227951049805 177000
1681630247680 -0.7201741337776184 177500
1681630248113 -0.6243844032287598 178000
1681630248662 -0.6117225289344788 178500
1681630249117 -0.26740044355392456 179000
1681630249859 -0.5698933601379395 179500
1681630250298 -0.7952929735183716 180000
1681630251141 -0.7503790855407715 180500
1681630251638 -0.1320161372423172 181000
1681630252001 -0.7167409658432007 181500
1681630252490 -0.907818615436554 182000
1681630253313 -0.660099983215332 182500
1681630254096 -0.9431015253067017 183000
1681630254469 -0.732659101486206 183500
1681630255075 -0.648241400718689 184000
1681630255425 -0.36698681116104126 184500
1681630256278 -0.6367366909980774 185000
1681630256724 -0.5354155898094177 185500
1681630257969 -0.6972422003746033 186000
1681630258400 -0.6078241467475891 186500
1681630258870 -0.7426231503486633 187000
1681630259461 -0.7197936773300171 187500
1681630260274 -0.45090246200561523 188000
1681630260912 -0.7077767252922058 188500
1681630261724 -0.5437345504760742 189000
1681630262395 -0.47888344526290894 189500
1681630263238 -0.6567938923835754 190000
1681630263607 -0.6575115323066711 190500
1681630263927 -0.5308002829551697 191000
1681630264194 -0.6133979558944702 191500
1681630264506 -0.8242635726928711 192000
1681630264858 -0.44827181100845337 192500
1681630265353 -0.4407753050327301 193000
1681630265788 -0.6063039898872375 193500
1681630266030 -0.4404045641422272 194000
1681630266450 -0.666354238986969 194500
1681630267106 -0.7795308232307434 195000
1681630267562 -0.5654535889625549 195500
1681630268094 -0.8427873849868774 196000
1681630268634 -0.603217601776123 196500
1681630269173 -0.8008615374565125 197000
1681630269496 -0.8459196090698242 197500
1681630270016 -0.8333916664123535 198000
1681630270301 -0.7179878950119019 198500
1681630270730 -0.6325079202651978 199000
1681630271110 -0.35976263880729675 199500
1681630271343 -0.6980125308036804 200000
1681630271546 -0.5873490571975708 200500
1681630272006 -0.736478865146637 201000
1681630272803 -0.8574011921882629 201500
1681630273125 -0.7276055812835693 202000
1681630273618 -0.4693058431148529 202500
1681630274624 -0.6945616602897644 203000
1681630275008 -0.7976495027542114 203500
1681630275672 -0.6336826086044312 204000
1681630276028 -0.733927845954895 204500
1681630276427 -0.4774593412876129 205000
1681630277034 -0.5540885925292969 205500
1681630277387 -0.48997220396995544 206000
1681630277963 -0.6338115930557251 206500
1681630278427 -0.4349387288093567 207000
1681630279397 -0.04676631838083267 207500
1681630279680 -0.3731483519077301 208000
1681630280314 -0.4275599420070648 208500
1681630281013 -0.27872151136398315 209000
1681630281390 -0.3085407614707947 209500
1681630281760 -0.12891319394111633 210000
1681630282286 -0.5388340950012207 210500
1681630282729 -0.41750994324684143 211000
1681630283289 -0.4932008683681488 211500
1681630283852 -0.867210865020752 212000
1681630284207 -0.5281907916069031 212500
1681630284634 -0.5328556299209595 213000
1681630285187 -0.7607772350311279 213500
1681630285692 -0.6711692810058594 214000
1681630286129 -0.5123568773269653 214500
1681630287090 -0.43289417028427124 215000
1681630287534 -0.3718034625053406 215500
1681630288210 -0.4213552474975586 216000
1681630288595 -0.5898364782333374 216500
1681630289105 -0.23850078880786896 217000
1681630289420 -4.104539584659506e-06 217500
1681630289659 -0.4954752027988434 218000
1681630290269 -0.45315122604370117 218500
1681630290874 -0.5108661651611328 219000
1681630291123 -0.6348706483840942 219500
1681630291565 -0.28918689489364624 220000
1681630291994 -0.5498641729354858 220500
1681630292456 -0.36991533637046814 221000
1681630292992 -0.5008590221405029 221500
1681630293832 -0.49762845039367676 222000
1681630294413 -0.7316381335258484 222500
1681630295260 -0.6265141367912292 223000
1681630295881 -0.5018908381462097 223500
1681630296810 -0.27837997674942017 224000
1681630297080 -0.5956732034683228 224500
1681630297354 -0.42132431268692017 225000
1681630297618 -0.7260555028915405 225500
1681630298164 -0.7170199155807495 226000
1681630298779 -0.2861143946647644 226500
1681630299466 -0.48837748169898987 227000
1681630299991 -0.27858132123947144 227500
1681630300399 -0.5009893774986267 228000
1681630300866 -0.5087615847587585 228500
1681630301291 -0.4105735421180725 229000
1681630301738 -0.34617212414741516 229500
1681630302286 -0.5191693305969238 230000
1681630302783 -0.397091805934906 230500
1681630303447 -0.12328018993139267 231000
1681630304091 -0.9075782895088196 231500
1681630304769 -0.006997714750468731 232000
1681630305294 -0.6570917367935181 232500
1681630305708 -0.6288312673568726 233000
1681630306132 -0.8153311014175415 233500
1681630306370 -0.5842275619506836 234000
1681630306698 -0.5891310572624207 234500
1681630307473 -0.7400016784667969 235000
1681630307865 -0.4641765058040619 235500
1681630308490 -0.6799985766410828 236000
1681630308883 -0.5943537950515747 236500
1681630309708 -0.4692007899284363 237000
1681630310166 -0.5553682446479797 237500
1681630310620 -0.6078931093215942 238000
1681630311324 -0.2121511995792389 238500
1681630311561 -0.47131577134132385 239000
1681630311965 -0.5920021533966064 239500
1681630312492 -0.5405824780464172 240000
1681630312809 -0.6415090560913086 240500
1681630313458 -0.1781110018491745 241000
1681630314168 -0.610052227973938 241500
1681630314840 -0.6562608480453491 242000
1681630315546 -0.3597072660923004 242500
1681630316197 -0.3367197811603546 243000
1681630316982 -0.4814472794532776 243500
1681630317323 -0.26854208111763 244000
1681630318061 -0.3323654532432556 244500
1681630318769 -0.6185022592544556 245000
1681630319284 -0.31854936480522156 245500
1681630319693 -0.21222805976867676 246000
1681630320651 -0.5123116374015808 246500
1681630321506 -0.4296295642852783 247000
1681630322431 -0.6894877552986145 247500
1681630323119 -0.7675937414169312 248000
1681630324020 -0.5132390856742859 248500
1681630324780 -0.3545592427253723 249000
1681630325596 -0.5853815078735352 249500
1681630326216 -0.8073506355285645 250000
1681630327107 -0.40658488869667053 250500
1681630327608 -0.5218687057495117 251000
1681630328093 -0.5533943176269531 251500
1681630328451 -0.30607542395591736 252000
1681630329206 -0.5497042536735535 252500
1681630329648 -0.4660800099372864 253000
1681630330130 -0.24699611961841583 253500
1681630330579 -0.5651471018791199 254000
1681630330949 -0.18250474333763123 254500
1681630331475 -0.29202669858932495 255000
1681630331742 -0.00027856818633154035 255500
1681630332003 -0.7317939400672913 256000
1681630332594 -0.39730843901634216 256500
1681630332957 -0.6700486540794373 257000
1681630333901 -0.11354856193065643 257500
1681630334137 -0.15912704169750214 258000
1681630334537 -0.4893076419830322 258500
1681630335216 -0.7210986614227295 259000
1681630335466 -0.1381431370973587 259500
1681630336182 -0.5287361145019531 260000
1681630337304 -0.4280315339565277 260500
1681630337985 -0.5012430548667908 261000
1681630338307 -0.7523349523544312 261500
1681630338745 -0.4935765266418457 262000
1681630339443 -0.46570101380348206 262500
1681630339793 -0.4125652313232422 263000
1681630340723 -0.5334886312484741 263500
1681630341174 -0.4998031258583069 264000
1681630342102 -0.5985944867134094 264500
1681630342536 -0.6907771825790405 265000
1681630343287 -0.4658602178096771 265500
1681630343568 -0.575009822845459 266000
1681630344261 -0.4820597767829895 266500
1681630344829 -0.2165403813123703 267000
1681630345255 -0.6661550998687744 267500
1681630345725 -0.5638343095779419 268000
1681630346294 -0.6269222497940063 268500
1681630346834 -0.6214609742164612 269000
1681630347536 -0.5476022362709045 269500
1681630348182 -0.2549883723258972 270000
1681630348715 -0.7100058794021606 270500
1681630349231 -0.7647494673728943 271000
1681630349826 -0.5188924670219421 271500
1681630350375 -0.18109959363937378 272000
1681630350765 -0.5122247934341431 272500
1681630351549 -0.49284714460372925 273000
1681630351994 -0.5619460344314575 273500
1681630352880 -0.7414209842681885 274000
1681630353189 -0.35563045740127563 274500
1681630353710 -0.6163352727890015 275000
1681630354038 -0.24139487743377686 275500
1681630354424 -0.6253612637519836 276000
1681630355030 -0.0004040132334921509 276500
1681630355319 -0.3705208897590637 277000
1681630355823 -0.47617974877357483 277500
1681630356078 -0.8246150016784668 278000
1681630356529 -0.7955338358879089 278500
1681630357026 -0.5904390811920166 279000
1681630357440 -0.8799226880073547 279500
1681630358040 -0.7140382528305054 280000
1681630358655 -0.023627175018191338 280500
1681630358941 -0.25968483090400696 281000
1681630359399 -0.25638288259506226 281500
1681630359903 -0.33015307784080505 282000
1681630360564 -0.14822804927825928 282500
1681630360988 -0.5470247268676758 283000
1681630361787 -0.3760097026824951 283500
1681630362172 -0.3662545382976532 284000
1681630362556 -1.9741587493626866e-06 284500
1681630362846 -0.46081647276878357 285000
1681630363441 -0.7144486904144287 285500
1681630363794 -0.7484795451164246 286000
1681630364532 -0.4214809536933899 286500
1681630364985 -0.36575883626937866 287000
1681630365864 -0.552036464214325 287500
1681630366207 -0.45834827423095703 288000
1681630367125 -0.257084459066391 288500
1681630367496 -0.4925767779350281 289000
1681630367894 -0.6614219546318054 289500
1681630368885 -0.6671533584594727 290000
1681630369404 -0.2395695149898529 290500
1681630370203 -0.6309691071510315 291000
1681630370647 -0.5820687413215637 291500
1681630371218 -0.25119784474372864 292000
1681630371537 -0.3695312440395355 292500
1681630371874 -0.5470321774482727 293000
1681630372495 -0.36011895537376404 293500
1681630372918 -0.43820491433143616 294000
1681630373805 -0.457796573638916 294500
1681630374208 -0.36570286750793457 295000
1681630374647 -0.6395626068115234 295500
1681630375004 -0.5302507281303406 296000
1681630375556 -0.26456084847450256 296500
1681630375920 -0.20014286041259766 297000
1681630376659 -0.4278249144554138 297500
1681630377046 -0.5335971117019653 298000
1681630377753 -0.45003741979599 298500
1681630378135 -0.5081084966659546 299000
1681630378523 -0.25854331254959106 299500
1681630378981 -0.638449490070343 300000
1681630379368 -0.32763728499412537 300500
1681630379753 -0.4604474604129791 301000
1681630380229 -0.798046350479126 301500
1681630380909 -0.4352089464664459 302000
1681630381527 -0.3765832483768463 302500
1681630382202 -0.5095008611679077 303000
1681630382807 -0.11757606267929077 303500
1681630383533 -0.419045627117157 304000
1681630384161 -0.5851642489433289 304500
1681630384833 -0.2842436134815216 305000
1681630385197 -0.09365527331829071 305500
1681630385748 -0.529105544090271 306000
1681630386177 -0.5887846350669861 306500
1681630386528 -0.08617142587900162 307000
1681630386913 -0.4049631655216217 307500
1681630387885 -0.5010926723480225 308000
1681630388377 -0.12115903943777084 308500
1681630388840 -0.4993010461330414 309000
1681630389383 -0.48991113901138306 309500
1681630389813 -0.5754140615463257 310000
1681630390348 -0.5085752606391907 310500
1681630390693 -0.5518033504486084 311000
1681630391372 -0.49069690704345703 311500
1681630391722 -0.5417266488075256 312000
1681630392302 -0.2312728613615036 312500
1681630392653 -0.5069699883460999 313000
1681630393369 -0.39546269178390503 313500
1681630393792 -0.37821581959724426 314000
1681630394555 -0.26313620805740356 314500
1681630394923 -0.6023494005203247 315000
1681630395733 -0.39524054527282715 315500
1681630396102 -0.3429432511329651 316000
1681630397003 -0.4731219410896301 316500
1681630397308 -0.45123282074928284 317000
1681630397638 -0.721725344657898 317500
1681630398092 -0.5719166994094849 318000
1681630398594 -0.31172698736190796 318500
1681630399226 -0.356438010931015 319000
1681630399775 -0.15350909531116486 319500
1681630400130 -0.45459580421447754 320000
1681630401048 -0.35241180658340454 320500
1681630401397 -0.33609920740127563 321000
1681630401831 -0.32049235701560974 321500
1681630402358 -0.3845050632953644 322000
1681630402774 -0.28332337737083435 322500
1681630403251 -0.45052242279052734 323000
1681630403631 -0.3294029235839844 323500
1681630404587 -0.5105999708175659 324000
1681630405401 -0.4782790243625641 324500
1681630406205 -0.7201070189476013 325000
1681630406927 -0.5092898011207581 325500
1681630407497 -0.008616398088634014 326000
1681630407806 -0.25668466091156006 326500
1681630408169 -0.36306947469711304 327000
1681630408897 -0.7483731508255005 327500
1681630409443 -0.5321274995803833 328000
1681630409896 -0.10696913301944733 328500
1681630410164 -0.463462769985199 329000
1681630411329 -0.38765278458595276 329500
1681630412085 -0.17016354203224182 330000
1681630412456 -0.5410147905349731 330500
1681630413132 -0.580097496509552 331000
1681630413595 -0.34415102005004883 331500
1681630414089 -0.2974608242511749 332000
1681630414844 -0.4204120635986328 332500
1681630415330 -0.2054753601551056 333000
1681630416186 -0.45741599798202515 333500
1681630416863 -0.2875121533870697 334000
1681630417916 -0.46330031752586365 334500
1681630418281 -0.5745469331741333 335000
1681630418679 -0.4316348433494568 335500
1681630419178 -0.32201167941093445 336000
1681630419619 -0.1762387752532959 336500
1681630419920 -0.11248912662267685 337000
1681630420252 -0.6059969663619995 337500
1681630420742 -0.346701443195343 338000
1681630421124 -0.7047612071037292 338500
1681630421950 -0.4999158978462219 339000
1681630422498 -0.556399941444397 339500
1681630423058 -0.23163644969463348 340000
1681630423553 -0.6294974088668823 340500
1681630423866 -0.7266935110092163 341000
1681630424359 -0.23689818382263184 341500
1681630424753 -0.1110101118683815 342000
1681630425342 -0.014428387396037579 342500
1681630425729 -0.3691805303096771 343000
1681630426115 -0.3701220154762268 343500
1681630426664 -0.2823699712753296 344000
1681630427222 -0.7490031123161316 344500
1681630427988 -0.20605483651161194 345000
1681630428936 -0.4836987555027008 345500
1681630429372 -0.23528330028057098 346000
1681630429894 -0.5917325019836426 346500
1681630430229 -0.6278645992279053 347000
1681630430811 -0.14994417130947113 347500
1681630431063 -0.6141286492347717 348000
1681630431572 -0.5779852867126465 348500
1681630431998 -0.5769666433334351 349000
1681630432629 -0.6337255835533142 349500
1681630433100 -0.6668041944503784 350000
1681630433654 -0.8064025044441223 350500
1681630434118 -0.6308525204658508 351000
1681630434671 -0.20694486796855927 351500
1681630435096 -0.3845177888870239 352000
1681630435949 -0.5304188132286072 352500
1681630436431 -0.33528125286102295 353000
1681630437520 -0.01910978928208351 353500
1681630437994 -0.28693175315856934 354000
1681630438402 -0.20871539413928986 354500
1681630438885 -0.20189905166625977 355000
1681630439360 -0.3427615761756897 355500
1681630439690 -0.3021549582481384 356000
1681630440228 -6.800937171647092e-06 356500
1681630440678 -0.3257949948310852 357000
1681630441803 -0.384794145822525 357500
1681630442279 -0.653610348701477 358000
1681630442663 -0.44683027267456055 358500
1681630443177 -0.5320597290992737 359000
1681630443609 -0.46386027336120605 359500
1681630443957 -0.742865264415741 360000
1681630444820 -0.043560225516557693 360500
1681630445175 -0.3679753839969635 361000
1681630445866 -0.4680214822292328 361500
1681630446278 -0.3603401780128479 362000
1681630446678 -0.2447279989719391 362500
1681630446996 -0.41755008697509766 363000
1681630447705 -0.45770472288131714 363500
1681630448148 -0.4002038538455963 364000
1681630448621 -0.45059409737586975 364500
1681630448981 -0.43795403838157654 365000
1681630449464 -0.4322299063205719 365500
1681630450342 -0.61588454246521 366000
1681630450736 -0.619976282119751 366500
1681630451290 -0.1826791763305664 367000
1681630451591 -0.36737844347953796 367500
1681630451999 -0.7202401757240295 368000
1681630452247 -0.6070095896720886 368500
1681630452620 -0.3640700578689575 369000
1681630453015 -0.5175800919532776 369500
1681630453297 -0.45261654257774353 370000
1681630453672 -0.5460513234138489 370500
1681630454168 -0.47178030014038086 371000
1681630454781 -0.15507470071315765 371500
1681630455193 -0.4072958827018738 372000
1681630455600 -0.5735700726509094 372500
1681630455910 -0.6572081446647644 373000
1681630456445 -0.7080869078636169 373500
1681630457107 -0.7031081914901733 374000
1681630457625 -0.4371829628944397 374500
1681630457937 -0.3547686040401459 375000
1681630458264 -0.6384000182151794 375500
1681630458565 -0.48005038499832153 376000
1681630459411 -0.5263100862503052 376500
1681630459792 -0.7283837199211121 377000
1681630460079 -0.45765724778175354 377500
1681630460657 -0.658589780330658 378000
1681630461295 -0.5260632634162903 378500
1681630461906 -0.11927039921283722 379000
1681630462388 -0.6056197881698608 379500
1681630463013 -0.25025030970573425 380000
1681630463795 -0.6265657544136047 380500
1681630464337 -0.4973278045654297 381000
1681630464851 -0.5983282923698425 381500
1681630465215 -0.3649967610836029 382000
1681630465597 -0.6016169190406799 382500
1681630466063 -0.7068847417831421 383000
1681630466972 -0.28062504529953003 383500
1681630467506 -0.2868698835372925 384000
1681630467873 -0.6121295690536499 384500
1681630468347 -0.008599142543971539 385000
1681630468826 -0.326044499874115 385500
1681630469697 -0.43399128317832947 386000
1681630470187 -0.29386991262435913 386500
1681630471148 -0.8219637870788574 387000
1681630471617 -0.1768353283405304 387500
1681630472129 -0.4076696038246155 388000
1681630472511 -0.42737069725990295 388500
1681630473147 -0.6486056447029114 389000
1681630473553 -0.36143046617507935 389500
1681630473965 -0.7030092477798462 390000
1681630474759 -0.6859404444694519 390500
1681630475267 -0.4985584318637848 391000
1681630476270 -1.224912239194964e-06 391500
1681630476660 -0.580664336681366 392000
1681630477089 -0.22523288428783417 392500
1681630477642 -3.74553232873609e-09 393000
1681630478351 -0.3041650950908661 393500
1681630478750 -0.40568870306015015 394000
1681630479151 -0.9227659106254578 394500
1681630479446 -0.4335857331752777 395000
1681630480038 -0.5697610974311829 395500
1681630480448 -0.22569331526756287 396000
1681630480712 -0.6284961104393005 396500
1681630481265 -0.3619503974914551 397000
1681630481755 -0.4520784020423889 397500
1681630482251 -0.8431119918823242 398000
1681630482699 -0.8549267053604126 398500
1681630483445 -0.8535059094429016 399000
1681630483746 -0.4980490803718567 399500
1681630484447 -0.5942891240119934 400000
1681630485236 -0.33574041724205017 400500
1681630485532 -0.0014911429025232792 401000
1681630485984 -0.516495943069458 401500
1681630486888 -0.5946629643440247 402000
1681630487259 -0.4650270342826843 402500
1681630487755 -0.8781770467758179 403000
1681630488139 -0.515211284160614 403500
1681630488711 -0.45325154066085815 404000
1681630489519 -0.7636095285415649 404500
1681630489875 -0.4309474527835846 405000
1681630490515 -0.6382772326469421 405500
1681630491510 -0.4645255506038666 406000
1681630491976 -0.6057826280593872 406500
1681630492510 -0.25269824266433716 407000
1681630492930 -0.0014312436105683446 407500
1681630493410 -0.2025313377380371 408000
1681630493778 -0.37689024209976196 408500
1681630494173 -0.7454574704170227 409000
1681630494617 -6.716729785694042e-07 409500
1681630494872 -4.98899826197885e-05 410000
1681630495337 -0.649311900138855 410500
1681630496302 -0.7404314279556274 411000
1681630496951 -0.39875274896621704 411500
1681630497876 -0.23984816670417786 412000
1681630498475 -0.7174025774002075 412500
1681630498974 -0.748295783996582 413000
1681630499338 -0.2475193291902542 413500
1681630499632 -0.6001930832862854 414000
1681630500039 -0.510546088218689 414500
1681630500537 -0.5163012742996216 415000
1681630501156 -0.0008877470390871167 415500
1681630501627 -0.7668731808662415 416000
1681630501974 -0.464869886636734 416500
1681630502377 -0.2371433675289154 417000
1681630502994 -0.6561753749847412 417500
1681630503268 -2.1673486116924323e-07 418000
1681630503546 -0.3578641712665558 418500
1681630504010 -0.4813881814479828 419000
1681630504366 -0.6507976055145264 419500
1681630504836 -0.42678314447402954 420000
1681630505971 -0.31876182556152344 420500
1681630506536 -0.7067338228225708 421000
1681630507445 -0.39137497544288635 421500
1681630507946 -0.5449383854866028 422000
1681630508344 -0.6472622156143188 422500
1681630508768 -0.5679625272750854 423000
1681630509174 -0.470602810382843 423500
1681630509786 -0.4786714017391205 424000
1681630510679 -0.3854995369911194 424500
1681630511136 -0.2871660888195038 425000
1681630511624 -0.2740339934825897 425500
1681630512007 -0.41158390045166016 426000
1681630512775 -0.2361842691898346 426500
1681630513201 -0.3355787396430969 427000
1681630513582 -0.2673266530036926 427500
1681630514135 -0.4789749085903168 428000
1681630514530 -0.7336004376411438 428500
1681630514894 -0.4916118085384369 429000
1681630515443 -0.4470232129096985 429500
1681630515825 -0.46964550018310547 430000
1681630516114 -0.5368472933769226 430500
1681630516475 -0.34698858857154846 431000
1681630516768 -0.6751830577850342 431500
1681630517139 -0.4945557117462158 432000
1681630517605 -0.3959181308746338 432500
1681630518306 -0.6624601483345032 433000
1681630518626 -0.32718542218208313 433500
1681630519300 -0.3552018702030182 434000
1681630519605 -0.41863974928855896 434500
1681630519994 -0.8852390050888062 435000
1681630520210 -0.4156554341316223 435500
1681630520583 -0.664033055305481 436000
1681630520977 -0.3027741312980652 436500
1681630521392 -0.8239955902099609 437000
1681630521973 -0.6063173413276672 437500
1681630522824 -0.6320570707321167 438000
1681630523335 -0.3841939866542816 438500
1681630524060 -0.3555496633052826 439000
1681630524502 -0.22467319667339325 439500
1681630524933 -0.4931274354457855 440000
1681630525917 -0.43298858404159546 440500
1681630526211 -0.576591432094574 441000
1681630526791 -0.11091470718383789 441500
1681630527264 -0.22890734672546387 442000
1681630528428 -0.6640139818191528 442500
1681630529030 -0.558594822883606 443000
1681630529723 -0.42502325773239136 443500
1681630530186 -0.6385043859481812 444000
1681630530564 -0.5105315446853638 444500
1681630531155 -0.6493175029754639 445000
1681630531487 -0.12943144142627716 445500
1681630531837 -0.3575964868068695 446000
1681630532136 -0.5846524834632874 446500
1681630532547 -0.18138840794563293 447000
1681630533278 -0.4545315206050873 447500
1681630533590 -0.4275674819946289 448000
1681630534104 -0.5927459001541138 448500
1681630534871 -0.2152644693851471 449000
1681630535163 -0.2913728356361389 449500
1681630536205 -0.4164639115333557 450000
1681630536835 -0.560457706451416 450500
1681630537447 -0.34979304671287537 451000
1681630537785 -0.6017626523971558 451500
1681630538187 -0.0070860423147678375 452000
1681630538605 -0.5336479544639587 452500
1681630539074 -0.5848339796066284 453000
1681630539402 -0.40846484899520874 453500
1681630539902 -0.40963244438171387 454000
1681630540502 -0.3724026083946228 454500
1681630540830 -0.41822323203086853 455000
1681630541252 -0.558775782585144 455500
1681630541665 -0.6474899053573608 456000
1681630541991 -0.3902277648448944 456500
1681630542244 -0.19435706734657288 457000
1681630542764 -0.42484039068222046 457500
1681630543103 -4.343519321992062e-05 458000
1681630543515 -6.271574238780886e-05 458500
1681630543783 -0.6647834777832031 459000
1681630544335 -0.5116908550262451 459500
1681630544800 -0.08710043877363205 460000
1681630545564 -0.0003788475296460092 460500
1681630545972 -0.29983481764793396 461000
1681630546940 -0.456861674785614 461500
1681630547242 -0.25208622217178345 462000
1681630547742 -0.7107240557670593 462500
1681630548010 -0.5498107671737671 463000
1681630548504 -3.2714247977239097e-10 463500
1681630548770 -0.4307607114315033 464000
1681630549049 -1.42788010748518e-07 464500
1681630549416 -0.4028116762638092 465000
1681630549857 -0.37903842329978943 465500
1681630550482 -0.48410195112228394 466000
1681630550725 -0.6286770105361938 466500
1681630551292 -0.6426357626914978 467000
1681630551897 -0.1150474101305008 467500
1681630552337 -0.4778309762477875 468000
1681630552806 -0.5082966089248657 468500
1681630553429 -0.25182265043258667 469000
1681630554270 -0.09462110698223114 469500
1681630554705 -0.26167383790016174 470000
1681630555237 -0.3479485809803009 470500
1681630555742 -3.459356065493857e-11 471000
1681630556099 -0.5976343154907227 471500
1681630556732 -0.3170854151248932 472000
1681630557121 -0.556003749370575 472500
1681630557557 -0.6548431515693665 473000
1681630558329 -0.36613208055496216 473500
1681630558936 -0.5291032195091248 474000
1681630559510 -0.4814114570617676 474500
1681630559784 -0.5251072645187378 475000
1681630560551 -0.3351392149925232 475500
1681630560969 -0.2781631052494049 476000
1681630561481 -0.5271478891372681 476500
1681630561925 -0.6563106775283813 477000
1681630562464 -0.6777291893959045 477500
1681630562868 -0.6101263761520386 478000
1681630563287 -1.2552262181053653e-11 478500
1681630563716 -0.4375273585319519 479000
1681630564545 -0.6585590839385986 479500
1681630564847 -0.5734511613845825 480000
1681630565449 -0.31278905272483826 480500
1681630565813 -0.34428468346595764 481000
1681630566078 -0.6530683040618896 481500
1681630566337 -0.26149535179138184 482000
1681630566654 -0.3107859492301941 482500
1681630567084 -0.4030427932739258 483000
1681630567454 -0.5419443249702454 483500
1681630567883 -0.49224987626075745 484000
1681630568148 -0.47526493668556213 484500
1681630568664 -0.317004531621933 485000
1681630569077 -0.32335665822029114 485500
1681630569416 -0.6088517904281616 486000
1681630569669 -0.406860888004303 486500
1681630569994 -0.6683344841003418 487000
1681630570591 -0.4884961247444153 487500
1681630571138 -0.2999874949455261 488000
1681630571428 -0.41532206535339355 488500
1681630571722 -0.5351058840751648 489000
1681630572026 -0.4568711221218109 489500
1681630572336 -0.5172842741012573 490000
1681630572728 -5.6191662434201817e-11 490500
1681630573159 -0.02301555685698986 491000
1681630573387 -0.7378220558166504 491500
1681630573595 -0.9166082143783569 492000
1681630574357 -0.43370944261550903 492500
1681630574833 -0.567641019821167 493000
1681630575113 -0.8229011297225952 493500
1681630575411 -0.7820109128952026 494000
1681630575708 -0.49230360984802246 494500
1681630576295 -0.4446619153022766 495000
1681630576558 -0.6178402304649353 495500
1681630576990 -0.6517526507377625 496000
1681630577456 -0.8985260128974915 496500
1681630577766 -0.3833535611629486 497000
1681630578003 -0.36990290880203247 497500
1681630578532 -0.42480525374412537 498000
1681630578835 -0.6220319867134094 498500
1681630579179 -0.22810685634613037 499000
1681630579538 -0.5610179305076599 499500
1681630579846 -6.985632516887108e-09 500000
1681630580204 -0.7651352882385254 500500
1681630580776 -0.586654782295227 501000
1681630581029 -0.4035002291202545 501500
1681630581320 -0.3097950518131256 502000
1681630581706 -0.4280718266963959 502500
1681630581953 -0.7967901825904846 503000
1681630582211 -0.2921249568462372 503500
1681630582671 -0.6775034666061401 504000
1681630583284 -0.5664463043212891 504500
1681630583599 -0.7923032641410828 505000
1681630584006 -0.05188964679837227 505500
1681630584370 -0.428921639919281 506000
1681630584870 -0.4543592929840088 506500
1681630585326 -0.509850025177002 507000
1681630585942 -0.7145814895629883 507500
1681630586362 -0.22237610816955566 508000
1681630587004 -0.3465515971183777 508500
1681630587335 -0.07622643560171127 509000
1681630587584 -1.312695872002223e-06 509500
1681630587888 -0.18544457852840424 510000
1681630588186 -0.5705989599227905 510500
1681630588642 -0.8796321749687195 511000
1681630589274 -0.5893675684928894 511500
1681630589662 -0.44488850235939026 512000
1681630589906 -0.38678139448165894 512500
1681630590150 -0.21386857330799103 513000
1681630590449 -0.2571567893028259 513500
1681630590733 -0.3701951503753662 514000
1681630591127 -0.4329213500022888 514500
1681630591359 -0.35834959149360657 515000
1681630591675 -0.5482812523841858 515500
1681630592066 -0.47459307312965393 516000
1681630592604 -0.5718590021133423 516500
1681630592868 -0.41346246004104614 517000
1681630593435 -0.21514186263084412 517500
1681630593993 -0.4551614820957184 518000
1681630594822 -0.4168400168418884 518500
1681630595324 -0.5886930227279663 519000
1681630595766 -0.5969712138175964 519500
1681630596283 -0.6507000923156738 520000
1681630596654 -0.671898365020752 520500
1681630597058 -0.5351510643959045 521000
1681630597601 -0.8687050938606262 521500
1681630597950 -0.7547265291213989 522000
1681630598540 -0.4270005226135254 522500
1681630598837 -0.5094424486160278 523000
1681630599297 -0.3455236852169037 523500
1681630599819 -0.5854460000991821 524000
1681630600153 -0.7219170928001404 524500
1681630600903 -0.7935953140258789 525000
1681630601629 -0.031548213213682175 525500
1681630601991 -0.5435046553611755 526000
1681630602323 -0.29154297709465027 526500
1681630602860 -0.5400447845458984 527000
1681630603087 -0.6878495216369629 527500
1681630603531 -0.7105287313461304 528000
1681630603818 -0.20773334801197052 528500
1681630604112 -0.49521905183792114 529000
1681630604469 -0.5002904534339905 529500
1681630605126 -0.4575623869895935 530000
1681630605463 -0.4529964327812195 530500
1681630606052 -7.024174131231575e-09 531000
1681630606389 -0.35897159576416016 531500
1681630606714 -0.3636744022369385 532000
1681630607032 -0.7372576594352722 532500
1681630607306 -0.39697474241256714 533000
1681630607690 -0.5721105337142944 533500
1681630608061 -0.46651309728622437 534000
1681630608724 -0.004714076407253742 534500
1681630609139 -0.3345540165901184 535000
1681630609493 -0.4093623161315918 535500
1681630610354 -0.2836378216743469 536000
1681630610818 -7.666074452572502e-06 536500
1681630611067 -0.2873308062553406 537000
1681630611378 -0.5679441690444946 537500
1681630611798 -0.24379345774650574 538000
1681630612225 -0.4049975872039795 538500
1681630612680 -0.43345364928245544 539000
1681630613103 -0.3604916036128998 539500
1681630613554 -0.38947659730911255 540000
1681630613775 -0.6705744862556458 540500
1681630614274 -0.4108409881591797 541000
1681630614766 -0.19395926594734192 541500
1681630615386 -0.4888419210910797 542000
1681630616027 -0.6064022779464722 542500
1681630616701 -0.40934252738952637 543000
1681630617278 -0.3818201422691345 543500
1681630617706 -0.7332555055618286 544000
1681630617965 -0.31560018658638 544500
1681630618431 -0.6521247625350952 545000
1681630618810 -0.39690059423446655 545500
1681630619119 -0.34715086221694946 546000
1681630619751 -0.5395658612251282 546500
1681630620161 -0.46641436219215393 547000
1681630620666 -0.171682208776474 547500
1681630621059 -0.6208339929580688 548000
1681630621525 -0.6092075109481812 548500
1681630621947 -0.8187959790229797 549000
1681630622338 -0.5676898956298828 549500
1681630623206 -0.6211627721786499 550000
1681630623488 -0.6488401293754578 550500
1681630624166 -0.6843889355659485 551000
1681630624651 -0.6533582806587219 551500
1681630624981 -0.2952752411365509 552000
1681630625595 -0.6975823044776917 552500
1681630626255 -0.31078118085861206 553000
1681630626477 -0.6003416180610657 553500
1681630626794 -0.2741464376449585 554000
1681630627044 -0.5017512440681458 554500
1681630627790 -0.4700357913970947 555000
1681630628527 -0.4486132264137268 555500
1681630629026 -0.620705246925354 556000
1681630629298 -0.40270787477493286 556500
1681630629549 -0.476703017950058 557000
1681630630121 -0.49708348512649536 557500
1681630630399 -0.34746450185775757 558000
1681630630785 -0.23400458693504333 558500
1681630631399 -0.8981384038925171 559000
1681630631973 -0.618726372718811 559500
1681630632222 -0.4376542568206787 560000
1681630632482 -0.6821692585945129 560500
1681630632749 -0.4184916019439697 561000
1681630633182 -0.4519406259059906 561500
1681630633929 -0.5649386644363403 562000
1681630634289 -0.3898997902870178 562500
1681630634979 -0.3099603056907654 563000
1681630635419 -0.42117661237716675 563500
1681630636065 -0.30070358514785767 564000
1681630636541 -0.37897470593452454 564500
1681630637483 -0.31990253925323486 565000
1681630637892 -0.7018054723739624 565500
1681630638449 -0.2880131006240845 566000
1681630638810 -0.46545618772506714 566500
1681630639383 -0.3893306851387024 567000
1681630639746 -0.4707818925380707 567500
1681630640460 -0.24770717322826385 568000
1681630640891 -0.4073215425014496 568500
1681630641331 -0.7651961445808411 569000
1681630641750 -0.5243669748306274 569500
1681630642197 -0.29291555285453796 570000
1681630642747 -0.5080335736274719 570500
1681630643270 -0.7885791659355164 571000
1681630643953 -0.5351824760437012 571500
1681630644588 -0.7626120448112488 572000
1681630645085 -0.8000839948654175 572500
1681630645557 -0.039981137961149216 573000
1681630646008 -0.449389785528183 573500
1681630646631 -0.40938133001327515 574000
1681630647004 -0.42523735761642456 574500
1681630647342 -0.3337942659854889 575000
1681630647832 -0.3884691596031189 575500
1681630648313 -0.27281466126441956 576000
1681630648947 -0.5308235287666321 576500
1681630649365 -0.3036162257194519 577000
1681630649864 -0.16949619352817535 577500
1681630650223 -0.36778444051742554 578000
1681630650731 -0.07456399500370026 578500
1681630651194 -0.18948568403720856 579000
1681630651978 -0.5059979557991028 579500
1681630652360 -1.66402820411804e-08 580000
1681630652760 -0.467339426279068 580500
1681630653315 -0.45612388849258423 581000
1681630653949 -0.7124027013778687 581500
1681630654671 -0.48086827993392944 582000
1681630654969 -3.021362604549438e-10 582500
1681630655336 -0.9719411134719849 583000
1681630655599 -0.4025736451148987 583500
1681630656285 -0.7247813940048218 584000
1681630656827 -0.7258354425430298 584500
1681630657123 -0.5462266206741333 585000
1681630657671 -0.7551771998405457 585500
1681630658073 -0.3200157582759857 586000
1681630658525 -0.5215040445327759 586500
1681630658897 -0.5082334876060486 587000
1681630659454 -0.4234471917152405 587500
1681630659931 -0.3891468644142151 588000
1681630660551 -0.43596458435058594 588500
1681630661037 -0.6903013586997986 589000
1681630661457 -0.5344618558883667 589500
1681630661929 -0.5356656312942505 590000
1681630662367 -0.47058314085006714 590500
1681630662897 -0.7545015215873718 591000
1681630663385 -0.765186607837677 591500
1681630663755 -0.04690219461917877 592000
1681630664419 -0.6775832176208496 592500
1681630664886 -0.7690910696983337 593000
1681630665904 -0.6066489219665527 593500
1681630666158 -0.5045357942581177 594000
1681630666562 -0.5748599767684937 594500
1681630667153 -0.5035315752029419 595000
1681630667580 -0.9420039057731628 595500
1681630667885 -0.6356340646743774 596000
1681630668392 -0.3629993796348572 596500
1681630668846 -0.33352723717689514 597000
1681630669666 -0.6584357023239136 597500
1681630670107 -0.2811806797981262 598000
1681630670519 -0.24747052788734436 598500
1681630670827 -0.4333150386810303 599000
1681630671415 -0.5207651257514954 599500
1681630672028 -0.5663394927978516 600000
1681630672695 -0.47252950072288513 600500
1681630673369 -0.5393977761268616 601000
1681630673746 -0.4536857604980469 601500
1681630674039 -0.233859583735466 602000
1681630674724 -0.5104042291641235 602500
1681630675205 -0.47713059186935425 603000
1681630675962 -0.4265712797641754 603500
1681630676559 -0.5201774835586548 604000
1681630677231 -0.31237760186195374 604500
1681630677738 -0.6281695365905762 605000
1681630678223 -0.44931668043136597 605500
1681630678615 -0.37139856815338135 606000
1681630679259 -0.6493657827377319 606500
1681630679728 -0.3685058355331421 607000
1681630680145 -0.19453933835029602 607500
1681630680427 -0.5995759963989258 608000
1681630680671 -0.6642506718635559 608500
1681630681011 -0.6050059199333191 609000
1681630681261 -0.28418654203414917 609500
1681630681597 -0.36378663778305054 610000
1681630681995 -0.20390622317790985 610500
1681630682346 -0.3210340142250061 611000
1681630682625 -0.590977132320404 611500
1681630682918 -0.7307847142219543 612000
1681630683207 -0.6378780603408813 612500
1681630683482 -0.1845252364873886 613000
1681630683725 -0.36592280864715576 613500
1681630684093 -0.863623321056366 614000
1681630684404 -0.8584228754043579 614500
1681630684669 -0.6043786406517029 615000
1681630685303 -0.13107256591320038 615500
1681630685535 -0.9418035745620728 616000
1681630685786 -0.4504541754722595 616500
1681630686071 -0.45176535844802856 617000
1681630686447 -0.3458652198314667 617500
1681630686738 -0.7068981528282166 618000
1681630687038 -0.2006080448627472 618500
1681630687343 -0.6113492250442505 619000
1681630687604 -0.8308212161064148 619500
1681630687829 -0.3429395854473114 620000
1681630688100 -0.3151281177997589 620500
1681630688316 -5.010501458180272e-10 621000
1681630688558 -9.082955330086406e-06 621500
1681630688915 -0.46722811460494995 622000
1681630689168 -0.636078953742981 622500
1681630689552 -0.29659178853034973 623000
1681630689866 -0.551011860370636 623500
1681630690135 -0.12971831858158112 624000
1681630690378 -0.4736124575138092 624500
1681630690662 -0.7233629822731018 625000
1681630691039 -0.48440808057785034 625500
1681630691394 -0.798775315284729 626000
1681630691649 -0.3407697081565857 626500
1681630691951 -0.45248928666114807 627000
1681630692251 -8.880815585143864e-07 627500
1681630692590 -0.6106039881706238 628000
1681630692918 -0.42713993787765503 628500
1681630693262 -0.23442931473255157 629000
1681630693510 -0.22230300307273865 629500
1681630693886 -0.015134555287659168 630000
1681630694382 -3.884835678036325e-05 630500
1681630694642 -0.4121987223625183 631000
1681630694965 -0.41597574949264526 631500
1681630695254 -0.5733333826065063 632000
1681630695562 -7.3782348408713005e-06 632500
1681630695919 -0.18141710758209229 633000
1681630696674 -0.27485188841819763 633500
1681630696908 -0.22001273930072784 634000
1681630697152 -0.4036544859409332 634500
1681630697594 -0.5807305574417114 635000
1681630698591 -0.5173693895339966 635500
1681630698851 -0.3304271101951599 636000
1681630699428 -0.7316372990608215 636500
1681630699679 -1.7267198870740685e-07 637000
1681630700030 -0.7617074251174927 637500
1681630700398 -0.7639449834823608 638000
1681630700649 -0.4340066909790039 638500
1681630700968 -0.5878621339797974 639000
1681630701584 -0.2758830189704895 639500
1681630701815 -0.4699653089046478 640000
1681630702151 -0.34996458888053894 640500
1681630702570 -0.4379904866218567 641000
1681630702999 -0.5389472842216492 641500
1681630703336 -0.16034604609012604 642000
1681630703636 -0.10505850613117218 642500
1681630704075 -0.38613879680633545 643000
1681630704644 -0.26252642273902893 643500
1681630705342 -0.3522717356681824 644000
1681630705735 -0.44669169187545776 644500
1681630706507 -0.3896821141242981 645000
1681630706817 -0.5729569792747498 645500
1681630707152 -0.3174820840358734 646000
1681630707775 -0.34189555048942566 646500
1681630708257 -0.3823917508125305 647000
1681630708753 -0.364126980304718 647500
1681630709297 -0.3864046633243561 648000
1681630709721 -0.5668748021125793 648500
1681630709985 -0.39272361993789673 649000
1681630710499 -0.45626115798950195 649500
1681630710980 -0.9749360084533691 650000
1681630711324 -0.49814051389694214 650500
1681630711649 -0.4792211055755615 651000
1681630711937 -0.5450081825256348 651500
1681630712354 -0.45043906569480896 652000
1681630712766 -0.3771396279335022 652500
1681630713199 -0.3313438892364502 653000
1681630713860 -0.07247182726860046 653500
1681630714226 -0.3827449083328247 654000
1681630714641 -0.44512510299682617 654500
1681630715070 -0.6921125650405884 655000
1681630715512 -0.5423628091812134 655500
1681630716124 -0.5753957033157349 656000
1681630716407 -0.3482387363910675 656500
1681630716933 -0.5462061762809753 657000
1681630717806 -0.915913462638855 657500
1681630718201 -0.46203741431236267 658000
1681630718713 -0.20497135818004608 658500
1681630719148 -9.754842267284403e-08 659000
1681630719478 -0.7964666485786438 659500
1681630720282 -0.5864971876144409 660000
1681630720851 -0.6920731067657471 660500
1681630721212 -0.4597018361091614 661000
1681630721951 -0.34147194027900696 661500
1681630722321 -0.572619616985321 662000
1681630722946 -0.5289865732192993 662500
1681630723274 -0.5911151170730591 663000
1681630723590 -0.4822676181793213 663500
1681630724003 -0.456778347492218 664000
1681630724628 -0.4921237826347351 664500
1681630724856 -0.6834650039672852 665000
1681630725130 -0.5285302996635437 665500
1681630725388 -0.2934269309043884 666000
1681630725928 -0.3746177852153778 666500
1681630726192 -0.12954246997833252 667000
1681630726462 -0.5796018838882446 667500
1681630726790 -0.457240492105484 668000
1681630727097 -9.522858945842927e-09 668500
1681630727464 -0.6014796495437622 669000
1681630727874 -0.39893317222595215 669500
1681630728117 -0.6522724032402039 670000
1681630728358 -0.8968915939331055 670500
1681630728705 -0.4343741536140442 671000
1681630729033 -0.11052460968494415 671500
1681630729367 -0.5877922773361206 672000
1681630729568 -0.5582289099693298 672500
1681630729801 -0.6536054015159607 673000
1681630730082 -0.45487111806869507 673500
1681630730575 -0.7466264963150024 674000
1681630730791 -0.32357341051101685 674500
1681630731046 -0.3054814338684082 675000
1681630731321 -0.2747313380241394 675500
1681630731627 -0.34103989601135254 676000
1681630731881 -0.4245460033416748 676500
1681630732232 -0.5598286390304565 677000
1681630732503 -2.05733158509247e-06 677500
1681630732775 -0.4025519788265228 678000
1681630733058 -0.3911636173725128 678500
1681630733329 -0.4345232844352722 679000
1681630733651 -0.6669032573699951 679500
1681630733940 -0.2991892695426941 680000
1681630734226 -0.6321784257888794 680500
1681630734537 -0.7314659953117371 681000
1681630734908 -0.5464960336685181 681500
1681630735751 -0.15116897225379944 682000
1681630736105 -0.5443205237388611 682500
1681630736474 -0.7121831178665161 683000
1681630736892 -0.33733612298965454 683500
1681630737410 -0.717973530292511 684000
1681630737639 -0.0753789022564888 684500
1681630737920 -0.33401206135749817 685000
1681630738662 -0.23931288719177246 685500
1681630739460 -0.8010222315788269 686000
1681630739681 -0.5242043137550354 686500
1681630739983 -0.5689499974250793 687000
1681630740195 -0.3238077759742737 687500
1681630740531 -0.6077850461006165 688000
1681630740727 -0.5126485824584961 688500
1681630740934 -0.30992379784584045 689000
1681630741397 -0.45877113938331604 689500
1681630741670 -0.6445905566215515 690000
1681630742202 -0.2689532935619354 690500
1681630742579 -0.30510181188583374 691000
1681630743150 -0.7212213277816772 691500
1681630743547 -0.3865900933742523 692000
1681630743818 -0.1969626098871231 692500
1681630744383 -0.49255648255348206 693000
1681630744946 -0.5385061502456665 693500
1681630745196 -0.5932119488716125 694000
1681630745553 -0.3458268344402313 694500
1681630746430 -0.3189370334148407 695000
1681630746752 -0.5364459753036499 695500
1681630747166 -0.1829511523246765 696000
1681630747625 -0.48463138937950134 696500
1681630748026 -0.1579350382089615 697000
1681630748305 -0.4143657088279724 697500
1681630748600 -0.43467211723327637 698000
1681630749016 -0.3177509605884552 698500
1681630749413 -0.4179796278476715 699000
1681630750146 -0.7767810821533203 699500
1681630750525 -0.6352728009223938 700000
1681630751108 -0.4336298108100891 700500
1681630751379 -0.686758816242218 701000
1681630751771 -0.27849623560905457 701500
1681630752327 -0.4201584458351135 702000
1681630752646 -0.3894895911216736 702500
1681630753239 -0.4575332999229431 703000
1681630753798 -0.45196980237960815 703500
1681630754063 -0.4455709457397461 704000
1681630754561 -0.1874544322490692 704500
1681630755015 -0.4573289453983307 705000
1681630755835 -0.25778061151504517 705500
1681630756211 -0.33067184686660767 706000
1681630757112 -0.27001404762268066 706500
1681630757431 -0.46417436003685 707000
1681630758106 -0.6829352974891663 707500
1681630758512 -0.4057024419307709 708000
1681630759079 -0.39037060737609863 708500
1681630759552 -0.521638035774231 709000
1681630759862 -0.4737807810306549 709500
1681630760307 -0.46011361479759216 710000
1681630760874 -0.0679115578532219 710500
1681630761297 -0.2434227019548416 711000
1681630761822 -0.5632193088531494 711500
1681630762243 -0.46297135949134827 712000
1681630762638 -0.6527288556098938 712500
1681630763065 -0.8950918316841125 713000
1681630763334 -0.26405996084213257 713500
1681630763691 -0.5361427068710327 714000
1681630764056 -0.6382560133934021 714500
1681630764381 -0.66819828748703 715000
1681630764908 -0.5049135088920593 715500
1681630765476 -0.9094036221504211 716000
1681630765757 -2.3189265618839272e-08 716500
1681630766159 -0.3949131369590759 717000
1681630766799 -0.40892520546913147 717500
1681630767307 -0.5938429832458496 718000
1681630767665 -0.7729535102844238 718500
1681630768190 -0.4843621253967285 719000
1681630768835 -0.69788658618927 719500
1681630769279 -0.6188423037528992 720000
1681630769934 -0.4602104723453522 720500
1681630770231 -0.300767719745636 721000
1681630770553 -0.032946232706308365 721500
1681630770987 -0.615466296672821 722000
1681630771409 -0.4151817262172699 722500
1681630771883 -0.5467851161956787 723000
1681630772225 -0.8391166925430298 723500
1681630772619 -0.3444167673587799 724000
1681630773099 -0.4042847752571106 724500
1681630773404 -0.2298855483531952 725000
1681630773910 -0.5250880122184753 725500
1681630774309 -0.46268558502197266 726000
1681630775055 -0.5123934745788574 726500
1681630775469 -0.38330990076065063 727000
1681630775882 -0.7365635633468628 727500
1681630776418 -0.4954121708869934 728000
1681630776740 -0.4608386158943176 728500
1681630777211 -0.33700433373451233 729000
1681630777493 -0.34218040108680725 729500
1681630778009 -0.3025171756744385 730000
1681630778400 -0.30770906805992126 730500
1681630779125 -0.09243617951869965 731000
1681630779676 -0.5645920634269714 731500
1681630780527 -0.49403589963912964 732000
1681630781039 -0.4941394329071045 732500
1681630781369 -0.4464043974876404 733000
1681630781964 -0.434516578912735 733500
1681630782341 -0.47124189138412476 734000
1681630782717 -0.5142417550086975 734500
1681630783199 -0.23901620507240295 735000
1681630783556 -0.22327503561973572 735500
1681630784433 -0.40701740980148315 736000
1681630784903 -0.40289267897605896 736500
1681630785469 -0.5811694860458374 737000
1681630785710 -0.6624950170516968 737500
1681630786128 -0.021055206656455994 738000
1681630786426 -0.2423538714647293 738500
1681630786799 -0.48381853103637695 739000
1681630787809 -0.47480472922325134 739500
1681630788089 -0.40813136100769043 740000
1681630788436 -0.7050799131393433 740500
1681630788662 -0.36937466263771057 741000
1681630789042 -0.4924793243408203 741500
1681630789388 -0.2648630142211914 742000
1681630790007 -0.4717639982700348 742500
1681630790300 -0.4593449532985687 743000
1681630790606 -0.6324322819709778 743500
1681630790893 -0.9210397005081177 744000
1681630791282 -0.6517884135246277 744500
1681630791810 -0.5269423723220825 745000
1681630792184 -0.31432873010635376 745500
1681630792610 -1.5322979152188054e-07 746000
1681630792964 -0.34123218059539795 746500
1681630793241 -0.6694900393486023 747000
1681630793993 -0.4164051115512848 747500
1681630794541 -0.3271825909614563 748000
1681630794788 -0.7564252018928528 748500
1681630795068 -0.6342562437057495 749000
1681630795631 -0.2319960594177246 749500
1681630796119 -0.13118942081928253 750000
1681630796472 -0.29325026273727417 750500
1681630796867 -7.445945249262564e-11 751000
1681630797212 -0.49481964111328125 751500
1681630797793 -0.6214603185653687 752000
1681630798296 -0.2559852600097656 752500
1681630798814 -0.4354917109012604 753000
1681630799161 -0.46275845170021057 753500
1681630799522 -0.48429733514785767 754000
1681630799979 -0.2660790681838989 754500
1681630800343 -0.5951176881790161 755000
1681630800624 -0.4569934010505676 755500
1681630800909 -0.4621967375278473 756000
1681630801272 -0.8955780863761902 756500
1681630801573 -0.46727481484413147 757000
1681630801988 -0.47154155373573303 757500
1681630802223 -0.6588007211685181 758000
1681630802749 -0.42307257652282715 758500
1681630803195 -0.2867899537086487 759000
1681630803886 -0.7090855240821838 759500
1681630804267 -0.3235037326812744 760000
1681630805117 -0.3158884644508362 760500
1681630805440 -0.4987441599369049 761000
1681630805848 -0.1634649932384491 761500
1681630806455 -0.5452613830566406 762000
1681630807193 -0.47127199172973633 762500
1681630807794 -0.45625004172325134 763000
1681630808332 -0.7010593414306641 763500
1681630808633 -0.5601009726524353 764000
1681630808986 -0.6021304130554199 764500
1681630809817 -0.388833612203598 765000
1681630810179 -0.23354053497314453 765500
1681630810712 -0.7533758878707886 766000
1681630811064 -0.8259344100952148 766500
1681630811411 -0.2794765830039978 767000
1681630811912 -0.8547466397285461 767500
1681630812319 -2.6092209736816585e-05 768000
1681630812840 -0.4811372756958008 768500
1681630813206 -0.1710071861743927 769000
1681630813717 -0.3386477828025818 769500
1681630814178 -0.5395277142524719 770000
1681630814948 -0.7232862114906311 770500
1681630815452 -0.3654242157936096 771000
1681630815973 -0.1896846890449524 771500
1681630816443 -0.673282265663147 772000
1681630816968 -0.6406913995742798 772500
1681630817303 -0.6808151602745056 773000
1681630817616 -0.3421359360218048 773500
1681630817961 -0.41963523626327515 774000
1681630818332 -1.5777898432212112e-10 774500
1681630818650 -8.127683415182219e-09 775000
1681630818946 -0.25441449880599976 775500
1681630819269 -0.40155935287475586 776000
1681630819516 -0.6215674877166748 776500
1681630819955 -0.4201647639274597 777000
1681630820316 -0.32293593883514404 777500
1681630820792 -0.6448019742965698 778000
1681630821268 -0.31826043128967285 778500
1681630821494 -0.37573426961898804 779000
1681630822024 -1.9701051456877394e-08 779500
1681630822426 -4.991689839251023e-10 780000
1681630822685 -0.2816905975341797 780500
1681630823345 -4.2664036192796573e-10 781000
1681630823764 -4.547127332443779e-07 781500
1681630824012 -0.6742531657218933 782000
1681630824319 -0.3560786843299866 782500
1681630824755 -0.5713376402854919 783000
1681630825034 -0.5408675074577332 783500
1681630825328 -0.2645213007926941 784000
1681630825598 -0.5011628270149231 784500
1681630825909 -0.6711422204971313 785000
1681630826230 -0.30135491490364075 785500
1681630826733 -0.27997156977653503 786000
1681630826992 -0.36156997084617615 786500
1681630827563 -0.4513114094734192 787000
1681630828016 -0.36566513776779175 787500
1681630828280 -3.901780676329736e-09 788000
1681630828567 -0.3498789966106415 788500
1681630828889 -0.5670260190963745 789000
1681630829179 -0.5740497708320618 789500
1681630829410 -0.7211489081382751 790000
1681630829647 -0.5737689137458801 790500
1681630829913 -0.7168005704879761 791000
1681630830157 -0.29065456986427307 791500
1681630830431 -0.6921106576919556 792000
1681630830687 -0.4307851791381836 792500
1681630830978 -0.47435513138771057 793000
1681630831399 -0.3387768268585205 793500
1681630831727 -0.345665842294693 794000
1681630832092 -0.550902247428894 794500
1681630832383 -0.2142018973827362 795000
1681630832795 -0.45348119735717773 795500
1681630833137 -0.47160711884498596 796000
1681630833885 -0.5615389347076416 796500
1681630834497 -0.7719292044639587 797000
1681630834759 -0.3002609610557556 797500
1681630835145 -0.38685402274131775 798000
1681630835473 -0.6653583645820618 798500
1681630835718 -0.3707292675971985 799000
1681630836130 -0.3448052704334259 799500
1681630836529 -0.27222365140914917 800000
1681630836851 -0.5383084416389465 800500
1681630837294 -0.5073273181915283 801000
1681630837951 -0.32364463806152344 801500
1681630838283 -0.4573037624359131 802000
1681630838760 -0.5525307655334473 802500
1681630839175 -0.2415732592344284 803000
1681630839870 -0.2329329550266266 803500
1681630840384 -0.13076186180114746 804000
1681630840905 -0.12421603500843048 804500
1681630841340 -0.3042122721672058 805000
1681630841920 -0.49400797486305237 805500
1681630842352 -0.31943947076797485 806000
1681630843029 -0.27063149213790894 806500
1681630843548 -0.4791874885559082 807000
1681630843871 -0.6730614900588989 807500
1681630844312 -0.2883080840110779 808000
1681630844575 -0.4713525176048279 808500
1681630845141 -0.5387641787528992 809000
1681630845687 -0.560174286365509 809500
1681630846162 -0.27048149704933167 810000
1681630846568 -0.7053310871124268 810500
1681630846823 -0.1984565556049347 811000
1681630847066 -0.43908920884132385 811500
1681630847308 -0.2896265983581543 812000
1681630847976 -0.1487213671207428 812500
1681630848317 -0.6706365346908569 813000
1681630848702 -0.5351978540420532 813500
1681630849273 -0.712124228477478 814000
1681630849813 -0.5242756009101868 814500
1681630850656 -0.5027851462364197 815000
1681630851077 -0.3909451365470886 815500
1681630851553 -0.6061094999313354 816000
1681630851919 -0.44192829728126526 816500
1681630852383 -0.36997029185295105 817000
1681630852786 -0.2926320433616638 817500
1681630853293 -0.42623645067214966 818000
1681630853768 -0.6646712422370911 818500
1681630854382 -0.41845637559890747 819000
1681630855030 -0.3407961428165436 819500
1681630855824 -0.46817970275878906 820000
1681630856096 -0.23155517876148224 820500
1681630856691 -0.30274802446365356 821000
1681630857059 -0.266685426235199 821500
1681630857501 -0.30276980996131897 822000
1681630857806 -0.36989670991897583 822500
1681630858247 -0.22173380851745605 823000
1681630858588 -0.46619686484336853 823500
1681630859496 -0.3800082504749298 824000
1681630859916 -0.3156598210334778 824500
1681630860398 -0.1345297396183014 825000
1681630861149 -0.26291462779045105 825500
1681630861472 -0.4007948935031891 826000
1681630861800 -0.3915088176727295 826500
1681630862169 -0.28606826066970825 827000
1681630862749 -0.3910999596118927 827500
1681630863151 -0.27977776527404785 828000
1681630863607 -0.26292070746421814 828500
1681630864145 -0.16726243495941162 829000
1681630864766 -0.4339732229709625 829500
1681630865250 -0.2876362204551697 830000
1681630865964 -0.39156845211982727 830500
1681630866206 -0.3701307773590088 831000
1681630866639 -0.47372227907180786 831500
1681630867075 -0.46210965514183044 832000
1681630867480 -0.48487624526023865 832500
1681630868173 -0.4012433588504791 833000
1681630868543 -0.8584423065185547 833500
1681630868767 -0.8694902658462524 834000
1681630869019 -0.1934526264667511 834500
1681630869220 -0.2972734570503235 835000
1681630869556 -0.6264334321022034 835500
1681630869764 -0.05796448141336441 836000
1681630869981 -0.3253780007362366 836500
1681630870362 -0.18538567423820496 837000
1681630870705 -0.35785430669784546 837500
1681630871315 -0.3357587456703186 838000
1681630871534 -0.5868083238601685 838500
1681630871741 -0.1811264604330063 839000
1681630872039 -0.23635467886924744 839500
1681630872527 -0.40993398427963257 840000
1681630872792 -0.30818742513656616 840500
1681630873384 -0.14985014498233795 841000
1681630873979 -0.30110257863998413 841500
1681630874390 -0.8024095296859741 842000
1681630874699 -0.2229558676481247 842500
1681630875389 -0.2992212176322937 843000
1681630875750 -0.23057499527931213 843500
1681630876008 -0.4187092185020447 844000
1681630876412 -0.3592411279678345 844500
1681630876775 -0.36249083280563354 845000
1681630877552 -0.17063750326633453 845500
1681630877929 -0.3841817080974579 846000
1681630878661 -0.6418917179107666 846500
1681630878954 -0.11737148463726044 847000
1681630879203 -0.42654553055763245 847500
1681630879632 -0.18767021596431732 848000
1681630880029 -0.4259858727455139 848500
1681630880293 -0.5865427255630493 849000
1681630880534 -0.1500975638628006 849500
1681630880801 -0.1410694569349289 850000
1681630881155 -0.5554125308990479 850500
1681630881462 -0.5495565533638 851000
1681630881913 -0.4503543972969055 851500
1681630882181 -0.2770332396030426 852000
1681630882765 -0.8670186996459961 852500
1681630883231 -0.3983583450317383 853000
1681630883558 -0.30820053815841675 853500
1681630883808 -0.4513692259788513 854000
1681630884365 -0.4741605818271637 854500
1681630885043 -0.5927459001541138 855000
1681630885311 -0.3453175127506256 855500
1681630885721 -0.3005193769931793 856000
1681630886068 -0.20579290390014648 856500
1681630886911 -0.3882504999637604 857000
1681630887421 -0.8725774884223938 857500
1681630887622 -0.3851293921470642 858000
1681630888032 -0.26498928666114807 858500
1681630888311 -0.4038141369819641 859000
1681630888713 -0.40946975350379944 859500
1681630889132 -0.4998827874660492 860000
1681630889416 -0.4644709527492523 860500
1681630889920 -0.33818119764328003 861000
1681630890352 -0.40688222646713257 861500
1681630890930 -0.41680487990379333 862000
1681630891316 -0.372201532125473 862500
1681630892045 -0.4166949689388275 863000
1681630892369 -0.8503943681716919 863500
1681630892667 -0.4202229976654053 864000
1681630893518 -0.390647292137146 864500
1681630893908 -0.38325539231300354 865000
1681630894454 -0.5199893712997437 865500
1681630894868 -0.31327977776527405 866000
1681630895303 -0.18539145588874817 866500
1681630895584 -0.45421868562698364 867000
1681630896083 -0.5113470554351807 867500
1681630896441 -0.20156916975975037 868000
1681630897168 -0.2870129942893982 868500
1681630897444 -0.44748130440711975 869000
1681630897952 -0.36611804366111755 869500
1681630898324 -0.5698575377464294 870000
1681630898875 -0.12474532425403595 870500
1681630899520 -0.6291096210479736 871000
1681630900010 -0.47657495737075806 871500
1681630900641 -0.3073926866054535 872000
1681630901071 -0.0006660021608695388 872500
1681630901348 -0.3538922369480133 873000
1681630901714 -0.6621298789978027 873500
1681630902021 -0.47561392188072205 874000
1681630902302 -0.48982587456703186 874500
1681630902843 -0.3351746201515198 875000
1681630903270 -0.5598970055580139 875500
1681630903953 -0.4239164888858795 876000
1681630904479 -0.5255497097969055 876500
1681630904758 -0.6315255165100098 877000
1681630905246 -0.4573141932487488 877500
1681630905503 -0.6053497195243835 878000
1681630905715 -0.6161577701568604 878500
1681630906265 -0.668969988822937 879000
1681630906672 -0.4030829071998596 879500
1681630907475 -0.20517973601818085 880000
1681630907885 -0.2602804899215698 880500
1681630908272 -0.7964198589324951 881000
1681630908551 -0.723611056804657 881500
1681630908970 -4.388387608855737e-08 882000
1681630909197 -0.6742027997970581 882500
1681630909438 -0.24338074028491974 883000
1681630909772 -0.19439443945884705 883500
1681630910806 -0.5770753622055054 884000
1681630911139 -0.7564789652824402 884500
1681630911393 -0.11485280096530914 885000
1681630911945 -0.22730989754199982 885500
1681630912290 -0.6173058748245239 886000
1681630912543 -0.5787209272384644 886500
1681630912887 -0.2283678948879242 887000
1681630913244 -0.3937233090400696 887500
1681630913490 -0.3979877531528473 888000
1681630913726 -0.8067011833190918 888500
1681630913935 -0.45017385482788086 889000
1681630914267 -0.6458219289779663 889500
1681630914613 -0.3950888216495514 890000
1681630914805 -0.47330087423324585 890500
1681630915269 -0.18766435980796814 891000
1681630915608 -0.34598350524902344 891500
1681630915816 -0.07738300412893295 892000
1681630916056 -0.31882205605506897 892500
1681630916369 -0.2573007047176361 893000
1681630916822 -0.3311404585838318 893500
1681630917161 -0.46055930852890015 894000
1681630917730 -0.33334821462631226 894500
1681630918138 -0.254971981048584 895000
1681630918866 -0.3434067368507385 895500
1681630919426 -0.39513668417930603 896000
1681630919833 -0.2899564802646637 896500
1681630920219 -0.48191505670547485 897000
1681630920698 -0.44908636808395386 897500
1681630921155 -0.3073635995388031 898000
1681630921474 -0.4272690713405609 898500
1681630921728 -0.4965209364891052 899000
1681630922146 -0.2981293499469757 899500
1681630922447 -0.22130700945854187 900000
1681630923029 -0.48027580976486206 900500
1681630923383 -0.48329704999923706 901000
1681630924097 -0.4014279842376709 901500
1681630924370 -0.5276086926460266 902000
1681630924604 -0.5147994160652161 902500
1681630925096 -0.4396499991416931 903000
1681630925444 -0.476041316986084 903500
1681630925997 -0.3406826853752136 904000
1681630926342 -0.523658037185669 904500
1681630926987 -0.3460925221443176 905000
1681630927377 -0.3123251795768738 905500
1681630928177 -0.35017532110214233 906000
1681630928580 -0.16775324940681458 906500
1681630929015 -0.46006855368614197 907000
1681630929368 -0.8177202343940735 907500
1681630929827 -0.13319937884807587 908000
1681630930363 -0.26412925124168396 908500
1681630930837 -0.12264368683099747 909000
1681630931328 -0.35702088475227356 909500
1681630931642 -0.3292093873023987 910000
1681630932206 -0.5654987096786499 910500
1681630932544 -0.40032243728637695 911000
1681630933012 -0.2036791741847992 911500
1681630933369 -0.24616114795207977 912000
1681630934050 -0.3514689803123474 912500
1681630934476 -0.26352936029434204 913000
1681630935062 -0.42702192068099976 913500
1681630935426 -0.3797781467437744 914000
1681630936029 -0.3445501923561096 914500
1681630936385 -0.441580593585968 915000
1681630936674 -0.5479524731636047 915500
1681630937045 -0.4232726991176605 916000
1681630937485 -0.6106988191604614 916500
1681630937752 -0.6344496607780457 917000
1681630938104 -0.23003888130187988 917500
1681630938454 -0.3170969486236572 918000
1681630938814 -0.32474038004875183 918500
1681630939182 -0.6768062710762024 919000
1681630939493 -0.14428335428237915 919500
1681630939814 -0.5189864039421082 920000
1681630940081 -0.6708768606185913 920500
1681630940455 -0.20456857979297638 921000
1681630940868 -0.5500980615615845 921500
1681630941154 -0.5938361883163452 922000
1681630941782 -2.653920971873447e-10 922500
1681630942182 -0.3782689869403839 923000
1681630942394 -0.7115276455879211 923500
1681630942676 -0.3385254144668579 924000
1681630943001 -0.2188764065504074 924500
1681630943434 -0.1597643345594406 925000
1681630943694 -0.6318133473396301 925500
1681630943993 -0.02328943833708763 926000
1681630944271 -0.0004180870018899441 926500
1681630944497 -0.3695632815361023 927000
1681630944831 -0.7150009870529175 927500
1681630945132 -0.40394750237464905 928000
1681630945417 -0.1908571571111679 928500
1681630945778 -0.46404924988746643 929000
1681630946049 -0.31997185945510864 929500
1681630946407 -0.4472249150276184 930000
1681630947106 -0.38967835903167725 930500
1681630947405 -0.5378450155258179 931000
1681630947757 -0.5760214924812317 931500
1681630948094 -0.42654117941856384 932000
1681630948362 -0.3044051229953766 932500
1681630948626 -0.6675538420677185 933000
1681630948862 -0.3075421452522278 933500
1681630949090 -0.7928769588470459 934000
1681630949359 -0.33591753244400024 934500
1681630949645 -0.478138267993927 935000
1681630949927 -0.16605441272258759 935500
1681630950145 -0.15384531021118164 936000
1681630950420 -0.22490470111370087 936500
1681630950669 -0.4411846995353699 937000
1681630950948 -0.32403168082237244 937500
1681630951241 -0.42749446630477905 938000
1681630951549 -0.3938588798046112 938500
1681630951868 -0.8110958337783813 939000
1681630952096 -0.2627679705619812 939500
1681630952337 -0.273257851600647 940000
1681630952574 -0.4115680754184723 940500
1681630952930 -0.46556591987609863 941000
1681630953235 -0.24015526473522186 941500
1681630953574 -0.3429909646511078 942000
1681630954201 -0.2568777799606323 942500
1681630954623 -0.4901394844055176 943000
1681630954912 -0.6610278487205505 943500
1681630955492 -0.32170790433883667 944000
1681630956186 -0.3107505440711975 944500
1681630956563 -0.20803944766521454 945000
1681630957059 -0.4742620587348938 945500
1681630957401 -0.33210015296936035 946000
1681630957996 -0.620823085308075 946500
1681630958470 -0.5103128552436829 947000
1681630959040 -0.4102703034877777 947500
1681630959549 -0.0005335827590897679 948000
1681630959784 -0.26224198937416077 948500
1681630960419 -0.1406162679195404 949000
1681630960971 -0.720924973487854 949500
1681630961204 -0.36615848541259766 950000
1681630961886 -0.3153773248195648 950500
1681630962430 -0.22307825088500977 951000
1681630962812 -0.3177189230918884 951500
1681630963157 -0.3990092873573303 952000
1681630963539 -0.22593238949775696 952500
1681630963890 -0.23807530105113983 953000
1681630964215 -0.18028748035430908 953500
1681630964503 -0.49132251739501953 954000
1681630964813 -0.47577542066574097 954500
1681630965066 -0.5174962282180786 955000
1681630965370 -0.2944934368133545 955500
1681630965625 -0.4178738594055176 956000
1681630965906 -0.6404815912246704 956500
1681630966311 -0.5718332529067993 957000
1681630966567 -0.7319746613502502 957500
1681630966797 -0.7328580021858215 958000
1681630967032 -0.24191875755786896 958500
1681630967363 -0.10463638603687286 959000
1681630967876 -0.7406495809555054 959500
1681630968190 -0.43476980924606323 960000
1681630968511 -0.6966286897659302 960500
1681630968874 -0.6190106272697449 961000
1681630969158 -0.45477232336997986 961500
1681630969374 -1.2132724523544312 962000
1681630969635 -0.7457586526870728 962500
1681630969966 -0.26439327001571655 963000
1681630970400 -0.7131882309913635 963500
1681630970696 -0.17988210916519165 964000
1681630971038 -0.23684661090373993 964500
1681630971265 -0.3988962471485138 965000
1681630971593 -0.5054791569709778 965500
1681630971929 -0.5090311169624329 966000
1681630972260 -0.4649818539619446 966500
1681630972685 -0.5634857416152954 967000
1681630973106 -0.6045085191726685 967500
1681630973508 -0.3486890196800232 968000
1681630973717 -0.17186066508293152 968500
1681630973930 -0.5668606758117676 969000
1681630974551 -0.5026930570602417 969500
1681630975138 -0.3311648964881897 970000
1681630975358 -0.3106200098991394 970500
1681630975562 -0.8503435254096985 971000
1681630975788 -0.7766736745834351 971500
1681630976041 -0.2139708548784256 972000
1681630976429 -0.4252023696899414 972500
1681630976779 -0.315208375453949 973000
1681630977137 -0.44754305481910706 973500
1681630977876 -0.30720609426498413 974000
1681630978574 -0.3442770540714264 974500
1681630978834 -0.19082386791706085 975000
1681630979244 -0.19277766346931458 975500
1681630979637 -0.22214429080486298 976000
1681630979870 -0.2028370201587677 976500
1681630980148 -0.25189316272735596 977000
1681630980446 -0.23989412188529968 977500
1681630980788 -0.29802700877189636 978000
1681630981485 -0.4333602786064148 978500
1681630981889 -0.21122798323631287 979000
1681630982283 -0.4102039933204651 979500
1681630982535 -0.3133576810359955 980000
1681630982968 -0.3061453700065613 980500
1681630983277 -0.2646833658218384 981000
1681630983532 -0.6154653429985046 981500
1681630983907 -0.7362560033798218 982000
1681630984164 -0.22476105391979218 982500
1681630984429 -0.5113965272903442 983000
1681630984872 -0.3289737105369568 983500
1681630985252 -0.3078541159629822 984000
1681630985757 -0.34929776191711426 984500
1681630986231 -0.41739970445632935 985000
1681630986536 -0.36610645055770874 985500
1681630986899 -0.19693700969219208 986000
1681630987156 -0.10669505596160889 986500
1681630987594 -0.08566862344741821 987000
1681630987972 -0.5673185586929321 987500
1681630988332 -0.37823420763015747 988000
1681630988699 -0.0014317136956378818 988500
1681630988964 -0.3769788146018982 989000
1681630989328 -0.33658283948898315 989500
1681630989601 -0.0001147211150964722 990000
1681630989852 -0.33322688937187195 990500
1681630990181 -0.3018057942390442 991000
1681630990604 -0.5311511754989624 991500
1681630990882 -0.00011917248775716871 992000
1681630991083 -0.4604156017303467 992500
1681630991374 -0.380795419216156 993000
1681630991795 -0.33185097575187683 993500
1681630992013 -0.5719074010848999 994000
1681630992259 -0.36329036951065063 994500
1681630992499 -0.584511935710907 995000
1681630992793 -0.6947504878044128 995500
1681630993139 -0.019835500046610832 996000
1681630993340 -0.5248277187347412 996500
1681630993598 -0.9582366943359375 997000
1681630993804 -0.7985974550247192 997500
1681630994061 -0.49797144532203674 998000
1681630994257 -0.2775754928588867 998500
1681630994627 -0.48635005950927734 999000
1681630994858 -0.43680891394615173 999500
1681630995134 -0.37182092666625977 1000000
