1681630125504 0.003496408462524414 500
1681630125711 -0.05544602870941162 1000
1681630125937 0.06163668632507324 1500
1681630126152 -0.02446305751800537 2000
1681630126423 0.013661742210388184 2500
1681630126690 -6.628036499023438e-05 3000
1681630126917 -0.007201671600341797 3500
1681630127165 0.0007495880126953125 4000
1681630127404 -0.0011020898818969727 4500
1681630127820 0.49277496337890625 5000
1681630128625 -0.014052271842956543 5500
1681630128891 0.08465105295181274 6000
1681630129159 -0.015612363815307617 6500
1681630129372 0.0025163888931274414 7000
1681630129680 -0.04599142074584961 7500
1681630129910 -0.07312798500061035 8000
1681630130259 -0.7475796937942505 8500
1681630130609 0.16164928674697876 9000
1681630130837 0.11060547828674316 9500
1681630131070 -0.3388087749481201 10000
1681630131344 -0.6163725852966309 10500
1681630131621 -0.023518800735473633 11000
1681630132146 0.02183520793914795 11500
1681630132415 0.3798225522041321 12000
1681630132671 0.08463579416275024 12500
1681630132886 -0.14658689498901367 13000
1681630133215 0.09875750541687012 13500
1681630133493 -0.2527517080307007 14000
1681630133768 0.039622485637664795 14500
1681630134020 -0.026053190231323242 15000
1681630134279 -0.9447828531265259 15500
1681630134533 0.28213268518447876 16000
1681630134788 -0.0025153160095214844 16500
1681630135084 -0.3294769525527954 17000
1681630135332 -0.002747774124145508 17500
1681630135655 -118.65181732177734 18000
1681630135950 -0.0026398897171020508 18500
1681630136172 0.021097242832183838 19000
1681630136390 0.4583469033241272 19500
1681630136699 0.8911571353673935 20000
1681630136960 0.5479275584220886 20500
1681630137248 0.06466329097747803 21000
1681630137514 -16.562761306762695 21500
1681630137782 -2.111588716506958 22000
1681630138044 0.6072860360145569 22500
1681630138315 -0.1222914457321167 23000
1681630138655 -0.0014715194702148438 23500
1681630138943 -0.024876832962036133 24000
1681630139206 0.00588148832321167 24500
1681630139442 0.7394304275512695 25000
1681630139662 -0.0013037919998168945 25500
1681630139964 -0.455718994140625 26000
1681630140232 -2.7235326766967773 26500
1681630140563 0.6365408599376678 27000
1681630140799 0.21614587306976318 27500
1681630141049 0.5267022252082825 28000
1681630141308 0.04285174608230591 28500
1681630141625 -30.75823974609375 29000
1681630142041 -61.18600082397461 29500
1681630142243 0.27362531423568726 30000
1681630142487 -0.03517293930053711 30500
1681630142904 0.003169417381286621 31000
1681630143301 -4.167160987854004 31500
1681630143591 0.005047500133514404 32000
1681630143860 -0.0065490007400512695 32500
1681630144135 -0.032286643981933594 33000
1681630144487 0.5059888064861298 33500
1681630144911 -0.5694631338119507 34000
1681630145189 -0.12124240398406982 34500
1681630145418 -2.1462643146514893 35000
1681630145678 -1.6199584007263184 35500
1681630146011 0.00015807151794433594 36000
1681630146418 0.5690019130706787 36500
1681630146892 -5.4955482482910156e-05 37000
1681630147199 0.6534961462020874 37500
1681630147574 9.739398956298828e-05 38000
1681630148000 0.004348814487457275 38500
1681630148378 0.11509078741073608 39000
1681630148878 -4.2557716369628906e-05 39500
1681630149194 0.11411768198013306 40000
1681630149659 0.6249383389949799 40500
1681630149946 0.23706704378128052 41000
1681630150265 0.0204317569732666 41500
1681630150581 0.23195874691009521 42000
1681630150980 0.046719372272491455 42500
1681630151273 0.6257179379463196 43000
1681630151578 0.30605435371398926 43500
1681630151880 0.9896414764225483 44000
1681630152250 -0.08166074752807617 44500
1681630152619 -5.040861129760742 45000
1681630152955 -0.04139912128448486 45500
1681630153249 0.9679950401186943 46000
1681630153585 -0.2854032516479492 46500
1681630153852 -0.0005805492401123047 47000
1681630154096 0.9052334651350975 47500
1681630154330 -7.9698638916015625 48000
1681630154618 0.5067186653614044 48500
1681630154931 0.9331082850694656 49000
1681630155153 -2.918644905090332 49500
1681630155379 0.00019359588623046875 50000
1681630155632 0.0880732536315918 50500
1681630155875 0.7657459676265717 51000
1681630156114 0.9517223946750164 51500
1681630156393 -0.01788473129272461 52000
1681630156701 -0.02320694923400879 52500
1681630156941 0.18369019031524658 53000
1681630157153 0.12440025806427002 53500
1681630157409 0.1291567087173462 54000
1681630157624 0.6830489039421082 54500
1681630157872 0.9602977223694324 55000
1681630158101 -4.072446346282959 55500
1681630158369 0.9796803463250399 56000
1681630158611 0.20668095350265503 56500
1681630158947 0.4127844572067261 57000
1681630159178 0.0068656206130981445 57500
1681630159432 0.6045792698860168 58000
1681630159668 0.7278075218200684 58500
1681630159980 -0.09731638431549072 59000
1681630160220 -0.6175937652587891 59500
1681630160437 0.5700270235538483 60000
1681630160683 -1.6435339450836182 60500
1681630160909 -0.023030996322631836 61000
1681630161169 0.07985061407089233 61500
1681630161418 0.9809416513890028 62000
1681630161872 0.05360090732574463 62500
1681630162093 0.46088773012161255 63000
1681630162340 -26.762327194213867 63500
1681630162654 0.07790124416351318 64000
1681630162892 0.21355652809143066 64500
1681630163100 0.6585922539234161 65000
1681630163319 -0.11577296257019043 65500
1681630163517 0.4668322205543518 66000
1681630163745 -0.12453103065490723 66500
1681630163950 -0.3565840721130371 67000
1681630164153 -1.1548283100128174 67500
1681630164345 0.9608151763677597 68000
1681630164542 0.8952662497758865 68500
1681630164745 0.7176159620285034 69000
1681630164971 0.48765653371810913 69500
1681630165166 0.8659001886844635 70000
1681630165358 0.8006154000759125 70500
1681630165547 0.058360517024993896 71000
1681630165736 0.7616679668426514 71500
1681630165926 -4.0760111808776855 72000
1681630166120 -0.005600452423095703 72500
1681630166329 0.34332776069641113 73000
1681630166553 -0.17249822616577148 73500
1681630166749 0.600572794675827 74000
1681630166972 0.6951548159122467 74500
1681630167213 0.8687164634466171 75000
1681630167416 0.8637488931417465 75500
1681630167612 0.6584443747997284 76000
1681630167882 0.9758665934205055 76500
1681630168136 -102.8376235961914 77000
1681630168423 0.9540426358580589 77500
1681630168635 0.649454802274704 78000
1681630168831 0.377607524394989 78500
1681630169058 0.16856950521469116 79000
1681630169388 0.5425533354282379 79500
1681630169767 0.031436145305633545 80000
1681630170194 0.7736067175865173 80500
1681630170460 0.7936184704303741 81000
1681630170731 -0.8273187875747681 81500
1681630171118 0.3434508442878723 82000
1681630171694 -1.4336438179016113 82500
1681630172133 0.898542083799839 83000
1681630172461 0.33147716522216797 83500
1681630172783 -2.1158978939056396 84000
1681630173384 0.3347642421722412 84500
1681630174289 0.24706852436065674 85000
1681630174799 0.4640406370162964 85500
1681630175382 -0.5159963369369507 86000
1681630175658 0.9737785514444113 86500
1681630176027 0.12973493337631226 87000
1681630176553 0.6830378770828247 87500
1681630177392 0.44192302227020264 88000
1681630177685 0.4585660696029663 88500
1681630178186 0.4544128179550171 89000
1681630178723 -0.8807711601257324 89500
1681630179137 0.08572101593017578 90000
1681630180006 -0.9473435878753662 90500
1681630180270 0.8031350821256638 91000
1681630180600 0.46657055616378784 91500
1681630180825 0.19430255889892578 92000
1681630181062 0.8900733292102814 92500
1681630181262 0.31694865226745605 93000
1681630181462 0.7599988728761673 93500
1681630181659 0.46255773305892944 94000
1681630181861 0.3813251852989197 94500
1681630182106 0.8886500298976898 95000
1681630182349 0.613501101732254 95500
1681630182579 0.9526601135730743 96000
1681630182786 0.5407513976097107 96500
1681630183011 0.8426226377487183 97000
1681630183213 0.2745348811149597 97500
1681630183421 -0.9119019508361816 98000
1681630183683 0.8108375072479248 98500
1681630183904 0.9557638056576252 99000
1681630184126 0.2877401113510132 99500
1681630184324 0.14366376399993896 100000
1681630184527 0.9336763396859169 100500
1681630184726 0.7709099501371384 101000
1681630184922 0.9337653443217278 101500
1681630185124 0.07597070932388306 102000
1681630185343 0.9390094615519047 102500
1681630185573 0.9818443786352873 103000
1681630185777 0.9771027378737926 103500
1681630185978 0.9424462653696537 104000
1681630186188 -0.5706870555877686 104500
1681630186428 -1.060546636581421 105000
1681630186772 0.723020613193512 105500
1681630187127 -55.48009490966797 106000
1681630187403 0.4927164316177368 106500
1681630187687 0.09323811531066895 107000
1681630188064 0.6873570382595062 107500
1681630188464 0.5881778001785278 108000
1681630189175 0.19820237159729004 108500
1681630189584 0.9167734831571579 109000
1681630190141 0.5572029948234558 109500
1681630190590 0.8990082815289497 110000
1681630191081 0.2436772584915161 110500
1681630191909 -0.03956723213195801 111000
1681630192530 0.8148219734430313 111500
1681630193361 0.9839024655520916 112000
1681630194080 0.9885276146233082 112500
1681630194593 0.8915942311286926 113000
1681630195147 0.791357159614563 113500
1681630195483 0.8554689139127731 114000
1681630195912 0.5652515590190887 114500
1681630196235 0.8228764981031418 115000
1681630196599 -4.188217639923096 115500
1681630196980 0.48310089111328125 116000
1681630197269 0.8936726227402687 116500
1681630197684 0.7739940583705902 117000
1681630197958 0.988439523614943 117500
1681630198231 0.7742211520671844 118000
1681630198446 0.9948319406248629 118500
1681630198645 -4.431249618530273 119000
1681630198840 -2.976879358291626 119500
1681630199070 0.21429365873336792 120000
1681630199281 0.991002082824707 120500
1681630199487 0.6728277504444122 121000
1681630199741 0.967567440122366 121500
1681630199954 -0.2754126787185669 122000
1681630200154 0.9123421087861061 122500
1681630200384 0.9762762077152729 123000
1681630200566 0.980517691001296 123500
1681630200761 -0.48058760166168213 124000
1681630200943 0.819503515958786 124500
1681630201144 -7.429513931274414 125000
1681630201346 0.5434781014919281 125500
1681630201538 0.3322327733039856 126000
1681630201716 -2.38861083984375 126500
1681630201893 0.3575601577758789 127000
1681630202068 0.8950882852077484 127500
1681630202244 0.8244321048259735 128000
1681630202420 0.9696035478264093 128500
1681630202604 0.9998052965092938 129000
1681630202806 0.9471845403313637 129500
1681630203011 0.8410978615283966 130000
1681630203220 0.9949162197299302 130500
1681630203407 -10.893781661987305 131000
1681630203594 0.9343440905213356 131500
1681630203819 0.8588311225175858 132000
1681630204006 0.9777857158333063 132500
1681630204200 0.7128569185733795 133000
1681630204392 0.6933434307575226 133500
1681630204583 0.3816438913345337 134000
1681630204831 6.139278411865234e-06 134500
1681630205075 0.9324783682823181 135000
1681630205310 0.9600501582026482 135500
1681630205562 0.7867324948310852 136000
1681630206043 -0.04294383525848389 136500
1681630206610 0.9251682683825493 137000
1681630206850 -1.638260841369629 137500
1681630207151 0.41883522272109985 138000
1681630207413 0.7342160046100616 138500
1681630207642 0.5253382921218872 139000
1681630207931 -0.6480070352554321 139500
1681630208266 -0.018011093139648438 140000
1681630208697 0.29375970363616943 140500
1681630209611 0.0 141000
1681630209960 0.8281920552253723 141500
1681630210814 0.2966635823249817 142000
1681630211221 -3.3907337188720703 142500
1681630211937 0.7016770541667938 143000
1681630212491 -1.3095242977142334 143500
1681630212950 -0.3221215009689331 144000
1681630213784 0.3557446599006653 144500
1681630214235 0.7890182435512543 145000
1681630214609 -0.47751033306121826 145500
1681630215004 -2.0394749641418457 146000
1681630215953 -0.07526886463165283 146500
1681630216381 0.8615443855524063 147000
1681630216717 0.037131547927856445 147500
1681630217285 0.6805827021598816 148000
1681630217671 -0.3188135623931885 148500
1681630218544 0.02756655216217041 149000
1681630218909 0.15328234434127808 149500
1681630219452 0.5062214434146881 150000
1681630219984 0.3733462691307068 150500
1681630220800 0.5513800084590912 151000
1681630221308 0.05380529165267944 151500
1681630222261 0.32071417570114136 152000
1681630222727 0.5129435658454895 152500
1681630223131 -0.256227970123291 153000
1681630223513 0.27554136514663696 153500
1681630223914 0.6055790483951569 154000
1681630224300 -3.1616668701171875 154500
1681630224724 0.7870164066553116 155000
1681630225195 -3.574617385864258 155500
1681630225545 -0.004897952079772949 156000
1681630226263 -0.36676669120788574 156500
1681630226604 0.33708059787750244 157000
1681630227159 0.8808418586850166 157500
1681630227582 -2.047057867050171 158000
1681630228712 0.5792478322982788 158500
1681630229038 0.6835185289382935 159000
1681630229707 -0.0046367645263671875 159500
1681630230042 0.7874079644680023 160000
1681630230976 0.9442810900509357 160500
1681630231268 -0.13640546798706055 161000
1681630231811 0.9065861627459526 161500
1681630232215 0.32997339963912964 162000
1681630233234 0.3872838020324707 162500
1681630233559 0.7179409563541412 163000
1681630234150 -0.47294843196868896 163500
1681630234472 -0.08060455322265625 164000
1681630234920 -0.45583057403564453 164500
1681630235241 0.6353789269924164 165000
1681630235742 0.648510068655014 165500
1681630236053 0.9775045737624168 166000
1681630236536 0.8175587356090546 166500
1681630236820 0.378650426864624 167000
1681630237343 0.8149564117193222 167500
1681630237699 -0.4542354345321655 168000
1681630238207 0.6106061637401581 168500
1681630238561 0.3210582137107849 169000
1681630239548 0.6228394508361816 169500
1681630239861 -0.2036377191543579 170000
1681630240416 0.7586542516946793 170500
1681630240711 0.30460125207901 171000
1681630241422 0.44233566522598267 171500
1681630241838 0.9254869446158409 172000
1681630242688 2.0742416381835938e-05 172500
1681630243102 -2.482377767562866 173000
1681630244353 0.010182976722717285 173500
1681630244706 0.7864992618560791 174000
1681630245023 0.989625702612102 174500
1681630245463 0.9951991010457277 175000
1681630245801 -10.339064598083496 175500
1681630246112 0.8906923308968544 176000
1681630246473 0.9928225539624691 176500
1681630246857 0.7183502614498138 177000
1681630247681 0.7777584195137024 177500
1681630248114 0.9741649515926838 178000
1681630248663 0.3640669584274292 178500
1681630249117 0.7635174244642258 179000
1681630249859 0.9899230478331447 179500
1681630250298 0.3093504309654236 180000
1681630251142 0.9776159562170506 180500
1681630251638 -0.008247017860412598 181000
1681630252002 0.6112483441829681 181500
1681630252491 -0.33704352378845215 182000
1681630253314 0.8951828479766846 182500
1681630254097 -0.458271861076355 183000
1681630254469 0.1358586549758911 183500
1681630255075 -0.30725789070129395 184000
1681630255426 -1.9678962230682373 184500
1681630256279 0.7067855000495911 185000
1681630256724 -0.09255528450012207 185500
1681630257970 0.8879246041178703 186000
1681630258400 0.9859618432819843 186500
1681630258871 0.9942023870535195 187000
1681630259461 0.09819746017456055 187500
1681630260274 0.9613525792956352 188000
1681630260913 0.4112750291824341 188500
1681630261725 0.8848379254341125 189000
1681630262396 -0.04964125156402588 189500
1681630263238 0.8004752546548843 190000
1681630263608 0.8774344548583031 190500
1681630263928 0.9880656618624926 191000
1681630264194 -0.09069299697875977 191500
1681630264506 0.09543401002883911 192000
1681630264859 0.8136381208896637 192500
1681630265354 0.7571836709976196 193000
1681630265788 0.7961093634366989 193500
1681630266031 0.3451910614967346 194000
1681630266450 0.9298261553049088 194500
1681630267107 0.18030810356140137 195000
1681630267562 0.8381552249193192 195500
1681630268094 0.7111397683620453 196000
1681630268635 0.650252491235733 196500
1681630269174 0.5128782391548157 197000
1681630269496 0.9785387348383665 197500
1681630270017 0.9789532870054245 198000
1681630270301 0.8542392700910568 198500
1681630270730 0.8640640676021576 199000
1681630271111 0.060030996799468994 199500
1681630271344 0.9625489003956318 200000
1681630271546 -0.9470458030700684 200500
1681630272006 -0.2694814205169678 201000
1681630272804 0.9348871186375618 201500
1681630273125 0.9661293365061283 202000
1681630273618 0.6111022233963013 202500
1681630274624 0.8933720588684082 203000
1681630275009 -1.391406536102295 203500
1681630275672 -1.8757069110870361 204000
1681630276029 -0.009904026985168457 204500
1681630276428 0.892750471830368 205000
1681630277034 0.6903145611286163 205500
1681630277387 0.8595983386039734 206000
1681630277963 0.5239296555519104 206500
1681630278427 0.9756228476762772 207000
1681630279397 0.8771254345774651 207500
1681630279680 0.5758955776691437 208000
1681630280315 0.9916519448161125 208500
1681630281014 0.626562088727951 209000
1681630281390 -1.1137628555297852 209500
1681630281760 0.979980381205678 210000
1681630282286 0.8575672507286072 210500
1681630282730 -1.0854101181030273 211000
1681630283290 0.25511014461517334 211500
1681630283852 0.5618613660335541 212000
1681630284207 0.38038158416748047 212500
1681630284634 -1.4371306896209717 213000
1681630285188 0.14879083633422852 213500
1681630285692 0.4889882802963257 214000
1681630286130 0.9201719388365746 214500
1681630287090 0.43961381912231445 215000
1681630287534 0.9257600978016853 215500
1681630288211 0.21444153785705566 216000
1681630288596 0.803885743021965 216500
1681630289105 -0.5898511409759521 217000
1681630289421 -0.34834742546081543 217500
1681630289659 0.7921214252710342 218000
1681630290270 0.06076014041900635 218500
1681630290874 0.5150626599788666 219000
1681630291124 0.0779678225517273 219500
1681630291565 -0.974085807800293 220000
1681630291994 0.9686165601015091 220500
1681630292456 0.6326801180839539 221000
1681630292992 0.9504387527704239 221500
1681630293832 0.4220184087753296 222000
1681630294413 0.45496588945388794 222500
1681630295261 0.984860934317112 223000
1681630295881 0.23950761556625366 223500
1681630296810 0.5482613146305084 224000
1681630297081 0.7642949521541595 224500
1681630297354 0.6706792116165161 225000
1681630297619 0.9929907186888158 225500
1681630298164 0.5492221117019653 226000
1681630298779 0.6724051833152771 226500
1681630299466 0.6231822371482849 227000
1681630299991 -0.6526228189468384 227500
1681630300399 0.8155893385410309 228000
1681630300866 0.9090154245495796 228500
1681630301291 0.7963746339082718 229000
1681630301739 0.4335747957229614 229500
1681630302287 0.7776083946228027 230000
1681630302783 0.5796985626220703 230500
1681630303448 0.46230965852737427 231000
1681630304091 0.9405859932303429 231500
1681630304769 0.8869354352355003 232000
1681630305294 -0.7626703977584839 232500
1681630305709 -1.0560238361358643 233000
1681630306133 0.0858834981918335 233500
1681630306371 -1.9650890827178955 234000
1681630306698 0.6394536793231964 234500
1681630307474 0.9253593012690544 235000
1681630307865 0.9170203432440758 235500
1681630308491 0.07690191268920898 236000
1681630308884 0.9214370250701904 236500
1681630309708 -0.06481516361236572 237000
1681630310167 0.40785402059555054 237500
1681630310620 0.8999753519892693 238000
1681630311324 0.30978119373321533 238500
1681630311562 0.5528411865234375 239000
1681630311965 0.05467504262924194 239500
1681630312492 0.044912099838256836 240000
1681630312809 0.5165656805038452 240500
1681630313458 0.993930475320667 241000
1681630314168 0.883878767490387 241500
1681630314841 -0.09353852272033691 242000
1681630315546 0.8939386382699013 242500
1681630316197 0.9035786837339401 243000
1681630316982 0.623708039522171 243500
1681630317323 0.36716359853744507 244000
1681630318062 0.4542848467826843 244500
1681630318770 -0.12365424633026123 245000
1681630319285 0.5212977230548859 245500
1681630319693 0.1584455370903015 246000
1681630320651 0.5292053520679474 246500
1681630321507 0.9784668106585741 247000
1681630322431 0.8174082785844803 247500
1681630323119 0.9830868523567915 248000
1681630324020 0.8918525204062462 248500
1681630324780 0.9467508047819138 249000
1681630325596 0.9779679030179977 249500
1681630326217 0.8918378949165344 250000
1681630327107 0.9044445157051086 250500
1681630327609 0.9782971441745758 251000
1681630328094 0.3070349097251892 251500
1681630328451 0.9843939198181033 252000
1681630329207 0.9375178068876266 252500
1681630329649 0.4339442849159241 253000
1681630330130 0.5325214862823486 253500
1681630330580 0.16556000709533691 254000
1681630330949 -1.6506099700927734 254500
1681630331475 -2.820063829421997 255000
1681630331742 -0.4658069610595703 255500
1681630332003 0.8840473219752312 256000
1681630332594 0.04455524682998657 256500
1681630332958 0.3944159150123596 257000
1681630333901 0.9992189265904017 257500
1681630334137 -12.910514831542969 258000
1681630334537 0.7802125662565231 258500
1681630335217 0.44579946994781494 259000
1681630335466 -3.9570960998535156 259500
1681630336183 0.7739919275045395 260000
1681630337305 0.927021399140358 260500
1681630337985 0.3068997263908386 261000
1681630338307 -0.1295696496963501 261500
1681630338745 -3.1555280685424805 262000
1681630339443 0.6328396201133728 262500
1681630339794 -1.1322987079620361 263000
1681630340723 0.9073292538523674 263500
1681630341174 -0.0671771764755249 264000
1681630342102 0.013643145561218262 264500
1681630342536 0.57256019115448 265000
1681630343287 0.8012225180864334 265500
1681630343569 0.9180464372038841 266000
1681630344261 0.9938938883133233 266500
1681630344829 -0.8032844066619873 267000
1681630345255 0.9783206526190042 267500
1681630345725 0.5303101539611816 268000
1681630346294 0.9070590734481812 268500
1681630346834 0.9472494758665562 269000
1681630347536 0.723387211561203 269500
1681630348183 0.6162709295749664 270000
1681630348715 0.9612845703959465 270500
1681630349231 0.926082044839859 271000
1681630349826 0.9737350642681122 271500
1681630350375 0.44920581579208374 272000
1681630350765 0.580714613199234 272500
1681630351549 0.9556344337761402 273000
1681630351994 -0.15991365909576416 273500
1681630352881 0.8864428699016571 274000
1681630353190 -0.038021087646484375 274500
1681630353710 0.9167251884937286 275000
1681630354038 0.18246233463287354 275500
1681630354424 -0.1655515432357788 276000
1681630355030 -0.6382241249084473 276500
1681630355319 0.9975753775797784 277000
1681630355824 0.9379045516252518 277500
1681630356079 0.9545076861977577 278000
1681630356529 -2.0877678394317627 278500
1681630357026 0.055739521980285645 279000
1681630357440 0.9600706398487091 279500
1681630358040 0.9920660564675927 280000
1681630358655 -1.0580079555511475 280500
1681630358941 0.38606029748916626 281000
1681630359399 0.5860443711280823 281500
1681630359903 0.4868084192276001 282000
1681630360565 -0.18040800094604492 282500
1681630360988 0.9731395151466131 283000
1681630361787 0.2963339686393738 283500
1681630362172 0.8098025768995285 284000
1681630362557 0.6768490076065063 284500
1681630362846 0.824915423989296 285000
1681630363441 0.7815076261758804 285500
1681630363794 0.0756954550743103 286000
1681630364532 0.9219326078891754 286500
1681630364985 0.8540901839733124 287000
1681630365865 0.751089408993721 287500
1681630366207 0.25525587797164917 288000
1681630367126 0.6418871283531189 288500
1681630367497 0.941823486238718 289000
1681630367894 0.8138463348150253 289500
1681630368886 0.07815659046173096 290000
1681630369404 -0.22571837902069092 290500
1681630370204 0.8804942145943642 291000
1681630370647 0.9967127204872668 291500
1681630371218 0.7854078114032745 292000
1681630371538 0.9651103354990482 292500
1681630371875 -0.14334046840667725 293000
1681630372496 0.9158852249383926 293500
1681630372919 0.19166845083236694 294000
1681630373805 -0.47961246967315674 294500
1681630374208 0.9002236649394035 295000
1681630374647 0.33553630113601685 295500
1681630375005 0.10888242721557617 296000
1681630375556 0.8485661149024963 296500
1681630375920 0.5857811272144318 297000
1681630376659 0.8207450360059738 297500
1681630377047 -0.49736928939819336 298000
1681630377754 0.23210877180099487 298500
1681630378135 0.9287060126662254 299000
1681630378523 0.9829734954982996 299500
1681630378981 0.9948926442302763 300000
1681630379369 0.8122855722904205 300500
1681630379754 0.8725357800722122 301000
1681630380230 -0.06246626377105713 301500
1681630380910 0.7576933801174164 302000
1681630381528 0.1975516676902771 302500
1681630382202 0.9394795261323452 303000
1681630382807 0.1652069091796875 303500
1681630383534 0.6418687999248505 304000
1681630384161 0.647158294916153 304500
1681630384834 0.6310728788375854 305000
1681630385197 -0.1581282615661621 305500
1681630385749 0.8326526433229446 306000
1681630386178 0.9377016685903072 306500
1681630386528 0.5973993837833405 307000
1681630386914 0.9883253751322627 307500
1681630387886 0.9960793037898839 308000
1681630388377 0.8577965795993805 308500
1681630388841 0.6272628009319305 309000
1681630389383 0.7957265228033066 309500
1681630389813 0.6918936967849731 310000
1681630390348 -0.0529787540435791 310500
1681630390693 0.389085590839386 311000
1681630391372 0.8798406198620796 311500
1681630391723 0.9569764472544193 312000
1681630392303 0.8832681030035019 312500
1681630392654 0.9632243290543556 313000
1681630393369 0.7566908746957779 313500
1681630393792 0.6588975191116333 314000
1681630394556 0.9152969643473625 314500
1681630394924 0.5779170989990234 315000
1681630395733 0.5393430888652802 315500
1681630396102 0.9976909477263689 316000
1681630397004 0.05670672655105591 316500
1681630397309 0.9583028480410576 317000
1681630397638 0.9870748901739717 317500
1681630398092 0.9538529850542545 318000
1681630398594 0.7605925649404526 318500
1681630399226 0.9946506377309561 319000
1681630399776 0.17798596620559692 319500
1681630400131 -0.12546801567077637 320000
1681630401048 -0.014436841011047363 320500
1681630401398 0.9950053882785141 321000
1681630401832 -0.8049405813217163 321500
1681630402358 0.23155683279037476 322000
1681630402775 0.7380364239215851 322500
1681630403252 0.7548535764217377 323000
1681630403632 0.9850106108933687 323500
1681630404588 0.7990630716085434 324000
1681630405402 0.9531088024377823 324500
1681630406206 -0.8230799436569214 325000
1681630406928 0.6720298528671265 325500
1681630407497 -8.74470329284668 326000
1681630407806 0.8584388345479965 326500
1681630408169 0.7642252743244171 327000
1681630408897 -0.48122239112854004 327500
1681630409443 0.9920459138229489 328000
1681630409897 -4.0951433181762695 328500
1681630410164 0.7128044962882996 329000
1681630411329 0.9804449435323477 329500
1681630412085 0.9833069257438183 330000
1681630412456 0.0012962818145751953 330500
1681630413133 0.9451802559196949 331000
1681630413595 0.7059867084026337 331500
1681630414090 0.9956009704619646 332000
1681630414844 0.807206854224205 332500
1681630415331 0.7603704631328583 333000
1681630416186 -0.5271412134170532 333500
1681630416863 0.840049535036087 334000
1681630417916 -0.8464657068252563 334500
1681630418281 0.9682739190757275 335000
1681630418679 0.8447309881448746 335500
1681630419178 0.5159720480442047 336000
1681630419620 0.20071572065353394 336500
1681630419921 0.9879701221361756 337000
1681630420252 0.9143559113144875 337500
1681630420743 0.4350343346595764 338000
1681630421125 0.9690857753157616 338500
1681630421950 0.9972356390208006 339000
1681630422498 0.9613408222794533 339500
1681630423058 0.047194838523864746 340000
1681630423553 0.9343848153948784 340500
1681630423866 0.9674433507025242 341000
1681630424359 0.6623772084712982 341500
1681630424753 0.9411701299250126 342000
1681630425342 -1.3028666973114014 342500
1681630425729 0.41810858249664307 343000
1681630426115 0.5508102476596832 343500
1681630426664 0.21355712413787842 344000
1681630427222 0.781529113650322 344500
1681630427988 0.9973722356371582 345000
1681630428936 -0.7720980644226074 345500
1681630429372 0.9191123396158218 346000
1681630429894 0.38038069009780884 346500
1681630430230 0.2703717350959778 347000
1681630430812 0.7485574781894684 347500
1681630431063 0.9822058584541082 348000
1681630431573 0.9779028203338385 348500
1681630431998 0.9861666420474648 349000
1681630432629 0.90892393887043 349500
1681630433100 0.7195035517215729 350000
1681630433654 0.9919423274695873 350500
1681630434118 0.993310933932662 351000
1681630434671 -0.7653993368148804 351500
1681630435097 0.9510167874395847 352000
1681630435949 0.9249773025512695 352500
1681630436432 0.674933135509491 353000
1681630437521 -0.026351213455200195 353500
1681630437994 -0.6381180286407471 354000
1681630438402 -0.8632656335830688 354500
1681630438886 0.2603680491447449 355000
1681630439361 0.10809850692749023 355500
1681630439690 0.9781338144093752 356000
1681630440229 -1.3204481601715088 356500
1681630440679 0.9345123842358589 357000
1681630441804 -0.015997767448425293 357500
1681630442280 0.12778931856155396 358000
1681630442663 0.9711042083799839 358500
1681630443178 0.25348079204559326 359000
1681630443609 0.9821668602526188 359500
1681630443958 0.9532600529491901 360000
1681630444820 -0.005364775657653809 360500
1681630445175 -1.0513267517089844 361000
1681630445866 0.9374070763587952 361500
1681630446278 0.9889629380777478 362000
1681630446679 -0.12732696533203125 362500
1681630446996 0.7879937440156937 363000
1681630447706 0.7524063736200333 363500
1681630448148 0.9301504120230675 364000
1681630448622 -0.03331124782562256 364500
1681630448982 0.9932708027772605 365000
1681630449464 0.05144321918487549 365500
1681630450343 0.8674011528491974 366000
1681630450736 0.6762957274913788 366500
1681630451290 0.736574649810791 367000
1681630451591 0.9592704586684704 367500
1681630451999 -0.28327620029449463 368000
1681630452248 -0.6419134140014648 368500
1681630452620 0.0004087090492248535 369000
1681630453015 0.9204508885741234 369500
1681630453298 0.3712732791900635 370000
1681630453673 0.8217943459749222 370500
1681630454169 0.23050451278686523 371000
1681630454782 0.6742020845413208 371500
1681630455193 0.6762124001979828 372000
1681630455600 -1.7522470951080322 372500
1681630455910 -0.4511672258377075 373000
1681630456445 0.5057777762413025 373500
1681630457107 0.41057121753692627 374000
1681630457626 0.31935548782348633 374500
1681630457938 -0.14094746112823486 375000
1681630458265 -0.8522814512252808 375500
1681630458566 0.7726463079452515 376000
1681630459412 0.5417807996273041 376500
1681630459793 0.9391166642308235 377000
1681630460079 0.6494127511978149 377500
1681630460658 0.9351167529821396 378000
1681630461295 0.590593010187149 378500
1681630461906 -0.08793520927429199 379000
1681630462389 0.5530483722686768 379500
1681630463013 -0.03192019462585449 380000
1681630463796 -0.0038172006607055664 380500
1681630464338 0.6337651610374451 381000
1681630464851 0.9286367073655128 381500
1681630465215 -9.03292465209961 382000
1681630465597 0.8094538152217865 382500
1681630466064 -0.08473265171051025 383000
1681630466972 -0.7019864320755005 383500
1681630467506 -8.738714218139648 384000
1681630467874 0.9989055501064286 384500
1681630468348 -59.95269012451172 385000
1681630468827 0.7849678248167038 385500
1681630469698 0.7197463810443878 386000
1681630470188 0.6448071300983429 386500
1681630471148 0.8979262560606003 387000
1681630471617 0.9421380572021008 387500
1681630472130 0.9705654866993427 388000
1681630472512 0.16447246074676514 388500
1681630473147 0.15531665086746216 389000
1681630473553 0.9184497520327568 389500
1681630473966 -0.1316523551940918 390000
1681630474759 0.9930805522017181 390500
1681630475267 0.8794221878051758 391000
1681630476270 0.7004091441631317 391500
1681630476661 0.8752382472157478 392000
1681630477089 0.9712854344397783 392500
1681630477643 -0.7927939891815186 393000
1681630478352 0.9419113509356976 393500
1681630478750 0.2809215188026428 394000
1681630479152 0.6649552881717682 394500
1681630479447 0.9416029639542103 395000
1681630480038 0.9440884850919247 395500
1681630480449 -0.807754635810852 396000
1681630480713 0.5094944834709167 396500
1681630481266 0.9861730309203267 397000
1681630481756 0.9774675760418177 397500
1681630482251 0.7486490309238434 398000
1681630482700 0.870137482881546 398500
1681630483445 0.508135586977005 399000
1681630483747 0.9552335999906063 399500
1681630484448 -2.190777540206909 400000
1681630485237 0.773947611451149 400500
1681630485532 -2.095762014389038 401000
1681630485985 0.836689293384552 401500
1681630486889 0.8646544814109802 402000
1681630487260 0.9527770765125751 402500
1681630487755 0.9877797504886985 403000
1681630488139 0.9647254981100559 403500
1681630488711 0.6314658522605896 404000
1681630489520 0.94239616766572 404500
1681630489875 0.8590596169233322 405000
1681630490515 0.9848185544833541 405500
1681630491510 0.36232835054397583 406000
1681630491977 0.9884586613625288 406500
1681630492511 0.23008108139038086 407000
1681630492931 -1.2045178413391113 407500
1681630493411 0.8170657008886337 408000
1681630493779 0.9500249326229095 408500
1681630494174 0.9334364533424377 409000
1681630494617 -4.848184585571289 409500
1681630494873 -2.2813282012939453 410000
1681630495337 0.9671168103814125 410500
1681630496302 0.9455488137900829 411000
1681630496951 0.7553665786981583 411500
1681630497876 0.7641178965568542 412000
1681630498475 0.9886342436075211 412500
1681630498975 0.5498521029949188 413000
1681630499338 0.9004771634936333 413500
1681630499633 -0.46605098247528076 414000
1681630500039 0.790029987692833 414500
1681630500538 0.7404431402683258 415000
1681630501156 -0.2216780185699463 415500
1681630501628 0.9702521935105324 416000
1681630501974 0.9836127776652575 416500
1681630502377 0.7299385964870453 417000
1681630502994 0.7458862364292145 417500
1681630503268 -2.3670551776885986 418000
1681630503547 0.6581771373748779 418500
1681630504010 0.6361192166805267 419000
1681630504366 0.7985858917236328 419500
1681630504836 0.34587931632995605 420000
1681630505972 0.9959443896077573 420500
1681630506536 0.9726611711084843 421000
1681630507445 0.7341952323913574 421500
1681630507946 0.3633195161819458 422000
1681630508346 0.8998892232775688 422500
1681630508769 -1.1379144191741943 423000
1681630509175 0.5285618305206299 423500
1681630509787 0.9437651634216309 424000
1681630510679 0.7288884818553925 424500
1681630511136 -0.4729170799255371 425000
1681630511624 0.7721388787031174 425500
1681630512008 0.3948339819908142 426000
1681630512775 -0.10363435745239258 426500
1681630513201 0.8214769214391708 427000
1681630513582 0.9789274372160435 427500
1681630514135 0.9493213519454002 428000
1681630514531 0.9170418456196785 428500
1681630514894 0.7349464297294617 429000
1681630515443 0.7080125212669373 429500
1681630515825 0.8888251706957817 430000
1681630516115 0.9735676515847445 430500
1681630516476 0.1273125410079956 431000
1681630516768 0.681135505437851 431500
1681630517139 0.9991298855748028 432000
1681630517606 -0.15799224376678467 432500
1681630518307 0.8809016868472099 433000
1681630518626 0.5396015644073486 433500
1681630519301 0.18735480308532715 434000
1681630519606 0.6394267082214355 434500
1681630519994 0.7394368350505829 435000
1681630520210 0.4196123480796814 435500
1681630520584 0.15499383211135864 436000
1681630520978 -10.817633628845215 436500
1681630521392 0.9468448124825954 437000
1681630521974 -0.3672600984573364 437500
1681630522824 0.9805959071964025 438000
1681630523336 -0.2779378890991211 438500
1681630524060 0.623757541179657 439000
1681630524503 0.9070242866873741 439500
1681630524933 0.5274684429168701 440000
1681630525917 0.7263790965080261 440500
1681630526211 0.9820477683097124 441000
1681630526791 0.2517298460006714 441500
1681630527265 0.3734470009803772 442000
1681630528428 0.7207485437393188 442500
1681630529030 0.9365319982171059 443000
1681630529723 0.909379817545414 443500
1681630530186 0.945102971047163 444000
1681630530564 0.603796660900116 444500
1681630531155 -0.4788764715194702 445000
1681630531487 0.9117112830281258 445500
1681630531838 0.4612388610839844 446000
1681630532136 0.7926506996154785 446500
1681630532548 0.6097608804702759 447000
1681630533278 -1.7900161743164062 447500
1681630533591 0.5373560190200806 448000
1681630534104 -0.28935766220092773 448500
1681630534872 0.5417308509349823 449000
1681630535163 0.9436045400798321 449500
1681630536206 0.7881345897912979 450000
1681630536836 0.5973396301269531 450500
1681630537447 0.706765204668045 451000
1681630537785 0.848699301481247 451500
1681630538187 -0.30957841873168945 452000
1681630538606 0.9664481282234192 452500
1681630539074 0.9936327105388045 453000
1681630539403 -0.5906689167022705 453500
1681630539902 -0.3187675476074219 454000
1681630540502 0.5891763269901276 454500
1681630540830 0.9702315963804722 455000
1681630541252 0.9946640189737082 455500
1681630541665 0.8769862130284309 456000
1681630541991 -2.035346031188965 456500
1681630542244 0.9846468735486269 457000
1681630542764 0.8844069242477417 457500
1681630543104 -0.00016498565673828125 458000
1681630543516 0.2967277765274048 458500
1681630543783 0.980214549228549 459000
1681630544335 0.2743659019470215 459500
1681630544800 0.4210115671157837 460000
1681630545565 -1.1925277709960938 460500
1681630545973 0.8646423071622849 461000
1681630546940 0.9835430327802896 461500
1681630547243 0.6407615542411804 462000
1681630547742 0.6424158215522766 462500
1681630548010 0.963643629103899 463000
1681630548505 0.2902444005012512 463500
1681630548771 0.7764719575643539 464000
1681630549049 -15.775447845458984 464500
1681630549416 0.986901150085032 465000
1681630549858 0.5947086215019226 465500
1681630550482 0.6160261332988739 466000
1681630550725 0.6859960854053497 466500
1681630551292 0.23108947277069092 467000
1681630551898 0.9492399170994759 467500
1681630552338 -1.7089722156524658 468000
1681630552806 0.6694180965423584 468500
1681630553430 0.6066223084926605 469000
1681630554270 0.42744773626327515 469500
1681630554706 0.7194872796535492 470000
1681630555238 0.866339311003685 470500
1681630555742 -0.7541056871414185 471000
1681630556099 0.9290254563093185 471500
1681630556733 0.9672842212021351 472000
1681630557122 0.5738621056079865 472500
1681630557558 0.808681458234787 473000
1681630558329 0.9409834258258343 473500
1681630558936 0.9409172497689724 474000
1681630559511 0.983114518225193 474500
1681630559784 0.7981417924165726 475000
1681630560551 0.5377717316150665 475500
1681630560969 0.9134790003299713 476000
1681630561482 0.902656652033329 476500
1681630561925 0.9904128760099411 477000
1681630562464 0.046540141105651855 477500
1681630562868 -0.06544697284698486 478000
1681630563287 -0.20671629905700684 478500
1681630563716 0.5813689529895782 479000
1681630564545 -0.33306729793548584 479500
1681630564847 -0.7642490863800049 480000
1681630565449 0.7231282889842987 480500
1681630565814 0.8956619873642921 481000
1681630566079 0.8945926502346992 481500
1681630566338 0.5568844079971313 482000
1681630566654 0.44872039556503296 482500
1681630567085 0.973628394305706 483000
1681630567455 0.8077195286750793 483500
1681630567884 0.01620638370513916 484000
1681630568149 0.5087800920009613 484500
1681630568665 0.6111374795436859 485000
1681630569077 0.8874766528606415 485500
1681630569416 0.989670586772263 486000
1681630569670 0.7838318198919296 486500
1681630569994 -0.17383015155792236 487000
1681630570592 0.9619266577064991 487500
1681630571138 0.7827087789773941 488000
1681630571429 0.9782845117151737 488500
1681630571723 0.5839874148368835 489000
1681630572026 -2.610405921936035 489500
1681630572336 -0.27463459968566895 490000
1681630572729 0.7579626888036728 490500
1681630573159 0.7177466154098511 491000
1681630573387 -5.4738383293151855 491500
1681630573595 0.9939752533100545 492000
1681630574357 0.1676275134086609 492500
1681630574833 0.7064442932605743 493000
1681630575113 0.9902473194524646 493500
1681630575411 0.8735186904668808 494000
1681630575708 0.7748393267393112 494500
1681630576295 -2.92122220993042 495000
1681630576558 0.5509812831878662 495500
1681630576991 -0.10163867473602295 496000
1681630577456 0.9760705437511206 496500
1681630577766 0.8462863862514496 497000
1681630578004 -4.2172136306762695 497500
1681630578532 -0.9570116996765137 498000
1681630578835 0.9259285926818848 498500
1681630579179 0.7422016263008118 499000
1681630579538 -2.6568002700805664 499500
1681630579846 0.07187193632125854 500000
1681630580204 0.572527676820755 500500
1681630580777 -0.10858917236328125 501000
1681630581029 -1.6143639087677002 501500
1681630581321 0.9000970870256424 502000
1681630581707 0.6762898564338684 502500
1681630581953 -0.5466842651367188 503000
1681630582212 0.8637538254261017 503500
1681630582671 -0.984121561050415 504000
1681630583285 -0.37485766410827637 504500
1681630583599 -0.8100841045379639 505000
1681630584007 -6.0800862312316895 505500
1681630584370 -0.7673344612121582 506000
1681630584870 -0.8738383054733276 506500
1681630585326 0.40730756521224976 507000
1681630585943 -0.509131669998169 507500
1681630586362 0.804482102394104 508000
1681630587004 0.32689613103866577 508500
1681630587336 0.7994823753833771 509000
1681630587584 -0.2712029218673706 509500
1681630587888 0.8934503495693207 510000
1681630588187 0.5432912409305573 510500
1681630588643 0.9464702643454075 511000
1681630589274 0.1671513319015503 511500
1681630589662 -8.588913917541504 512000
1681630589906 -0.5716104507446289 512500
1681630590150 0.9499833956360817 513000
1681630590450 0.8197931796312332 513500
1681630590734 0.9961329770740122 514000
1681630591128 -0.6902086734771729 514500
1681630591360 0.7908454984426498 515000
1681630591675 0.09707134962081909 515500
1681630592067 0.22096437215805054 516000
1681630592605 -0.8312463760375977 516500
1681630592869 0.9624597765505314 517000
1681630593436 0.838107705116272 517500
1681630593994 -0.6700432300567627 518000
1681630594822 0.9341822937130928 518500
1681630595325 0.5022334158420563 519000
1681630595766 0.8636183887720108 519500
1681630596283 0.3743225336074829 520000
1681630596655 0.7810733020305634 520500
1681630597059 0.8396250903606415 521000
1681630597602 -0.6623586416244507 521500
1681630597950 0.38541680574417114 522000
1681630598540 -2.049086570739746 522500
1681630598837 0.9960562488995492 523000
1681630599297 0.914297804236412 523500
1681630599820 -0.15158653259277344 524000
1681630600153 -0.155298113822937 524500
1681630600903 0.8544002622365952 525000
1681630601629 0.9856666093692183 525500
1681630601991 -2.5116875171661377 526000
1681630602323 -3.1801395416259766 526500
1681630602860 0.02819967269897461 527000
1681630603087 0.9383117891848087 527500
1681630603532 -1.1940820217132568 528000
1681630603819 0.8138156533241272 528500
1681630604112 0.9015982896089554 529000
1681630604470 -0.11862325668334961 529500
1681630605127 0.920968309044838 530000
1681630605464 0.966656532138586 530500
1681630606053 -26.406034469604492 531000
1681630606390 0.9308643862605095 531500
1681630606715 -0.2657485008239746 532000
1681630607033 0.9776975829154253 532500
1681630607307 0.5894061625003815 533000
1681630607690 0.43822962045669556 533500
1681630608061 0.7330119609832764 534000
1681630608725 0.3788277506828308 534500
1681630609139 0.47012197971343994 535000
1681630609493 0.3815203905105591 535500
1681630610354 0.9922893666662276 536000
1681630610819 0.4412385821342468 536500
1681630611067 0.4990834593772888 537000
1681630611378 0.9752537105232477 537500
1681630611798 0.8526074141263962 538000
1681630612225 0.532240241765976 538500
1681630612680 0.06752604246139526 539000
1681630613103 0.03540724515914917 539500
1681630613554 -0.08852577209472656 540000
1681630613775 -1.8367223739624023 540500
1681630614274 0.5535791218280792 541000
1681630614766 0.15034812688827515 541500
1681630615387 0.8315142840147018 542000
1681630616027 0.5270435512065887 542500
1681630616702 0.33329933881759644 543000
1681630617279 -0.3635752201080322 543500
1681630617706 -0.9378492832183838 544000
1681630617965 0.8832202181220055 544500
1681630618432 0.43371903896331787 545000
1681630618811 0.7984051704406738 545500
1681630619119 0.7301089763641357 546000
1681630619751 0.9563187919557095 546500
1681630620161 0.8961131796240807 547000
1681630620667 0.932251013815403 547500
1681630621060 0.6381384432315826 548000
1681630621525 0.3347616195678711 548500
1681630621948 0.9215815141797066 549000
1681630622338 0.9888201970607042 549500
1681630623206 0.9951661126688123 550000
1681630623488 0.8954804018139839 550500
1681630624167 0.31937605142593384 551000
1681630624652 0.8673598319292068 551500
1681630624981 0.6267432272434235 552000
1681630625596 0.34480708837509155 552500
1681630626256 0.392769455909729 553000
1681630626478 -0.25628387928009033 553500
1681630626794 -0.033713459968566895 554000
1681630627044 0.8702131658792496 554500
1681630627790 0.8844415172934532 555000
1681630628528 -0.402376651763916 555500
1681630629026 0.16687750816345215 556000
1681630629299 0.6787906885147095 556500
1681630629549 0.47740793228149414 557000
1681630630122 0.5645537972450256 557500
1681630630400 0.5862355530261993 558000
1681630630786 0.786348432302475 558500
1681630631399 0.05776381492614746 559000
1681630631973 0.2578442096710205 559500
1681630632222 -0.37753140926361084 560000
1681630632482 0.1757240891456604 560500
1681630632749 0.6891440153121948 561000
1681630633182 -2.2953591346740723 561500
1681630633929 0.0745818018913269 562000
1681630634290 0.19790881872177124 562500
1681630634979 -0.01641690731048584 563000
1681630635419 0.992468323558569 563500
1681630636065 0.728341281414032 564000
1681630636541 0.9014384374022484 564500
1681630637483 -12.098154067993164 565000
1681630637892 -0.4166160821914673 565500
1681630638449 0.45012617111206055 566000
1681630638810 0.8778877705335617 566500
1681630639384 0.534614086151123 567000
1681630639746 0.981265788897872 567500
1681630640460 -0.6859700679779053 568000
1681630640892 0.9599950052797794 568500
1681630641332 0.5844468772411346 569000
1681630641750 -1.4489467144012451 569500
1681630642197 0.4308376908302307 570000
1681630642747 0.744192898273468 570500
1681630643271 0.9557239003479481 571000
1681630643953 0.7497995793819427 571500
1681630644589 0.8745495676994324 572000
1681630645086 0.9684117957949638 572500
1681630645557 0.35796093940734863 573000
1681630646009 0.6405651867389679 573500
1681630646631 0.9211990609765053 574000
1681630647004 0.676435261964798 574500
1681630647343 0.3485434651374817 575000
1681630647832 0.7639698684215546 575500
1681630648313 0.7403992116451263 576000
1681630648948 0.5934804379940033 576500
1681630649366 0.6982571482658386 577000
1681630649865 0.6718556880950928 577500
1681630650224 -0.20690381526947021 578000
1681630650731 -0.9945180416107178 578500
1681630651194 0.8464333564043045 579000
1681630651979 0.9800040107220411 579500
1681630652360 -0.09766757488250732 580000
1681630652760 0.041899025440216064 580500
1681630653315 0.40406888723373413 581000
1681630653950 0.8446553647518158 581500
1681630654671 0.369426429271698 582000
1681630654969 -0.06410932540893555 582500
1681630655336 0.9877765933051705 583000
1681630655600 0.5760069489479065 583500
1681630656285 0.8985962048172951 584000
1681630656828 -1.271362066268921 584500
1681630657123 -1.1096558570861816 585000
1681630657672 0.8338219374418259 585500
1681630658073 -0.37708961963653564 586000
1681630658525 0.16356581449508667 586500
1681630658897 0.8575924187898636 587000
1681630659455 0.678648978471756 587500
1681630659931 0.4133811593055725 588000
1681630660552 0.9282938465476036 588500
1681630661037 0.9928732868283987 589000
1681630661458 0.9940558462403715 589500
1681630661930 0.5975087881088257 590000
1681630662368 0.8853005990386009 590500
1681630662897 0.8523175567388535 591000
1681630663385 -1.3577592372894287 591500
1681630663756 0.9023795276880264 592000
1681630664419 0.9200434982776642 592500
1681630664886 0.8782825842499733 593000
1681630665904 0.9338495954871178 593500
1681630666158 -0.3393063545227051 594000
1681630666562 -0.5103024244308472 594500
1681630667154 0.6214635372161865 595000
1681630667581 0.8309409767389297 595500
1681630667885 0.6446823179721832 596000
1681630668392 0.6018337309360504 596500
1681630668847 0.9340884312987328 597000
1681630669666 0.9147931709885597 597500
1681630670107 0.9135387092828751 598000
1681630670519 0.8570616841316223 598500
1681630670827 0.9571023546159267 599000
1681630671415 0.7851346433162689 599500
1681630672029 0.9737257901579142 600000
1681630672696 0.8951740339398384 600500
1681630673369 0.7938900738954544 601000
1681630673747 0.5724793076515198 601500
1681630674039 0.7450248897075653 602000
1681630674724 -1.1246390342712402 602500
1681630675206 -0.4668741226196289 603000
1681630675962 0.9595158621668816 603500
1681630676559 0.9507857300341129 604000
1681630677232 0.7934245616197586 604500
1681630677738 0.13574117422103882 605000
1681630678224 0.8294165581464767 605500
1681630678615 0.7905176281929016 606000
1681630679260 0.9818447269499302 606500
1681630679728 0.7577413618564606 607000
1681630680146 0.6050477623939514 607500
1681630680427 0.6782339811325073 608000
1681630680671 0.8021857142448425 608500
1681630681012 0.7984342873096466 609000
1681630681261 0.9794114902615547 609500
1681630681597 0.871887132525444 610000
1681630681996 0.9114966988563538 610500
1681630682346 0.9312955066561699 611000
1681630682625 0.9941006600856781 611500
1681630682918 0.9982562717050314 612000
1681630683207 -0.3868844509124756 612500
1681630683483 -6.909911155700684 613000
1681630683725 -0.1016610860824585 613500
1681630684093 0.012297391891479492 614000
1681630684405 0.28695207834243774 614500
1681630684670 0.9869587039574981 615000
1681630685304 0.7118298411369324 615500
1681630685535 0.004680275917053223 616000
1681630685787 0.9757814221084118 616500
1681630686071 -0.3584243059158325 617000
1681630686448 0.7789976000785828 617500
1681630686739 0.9786792583763599 618000
1681630687038 0.50306835770607 618500
1681630687343 0.4483579993247986 619000
1681630687604 0.7984769195318222 619500
1681630687830 0.5007007122039795 620000
1681630688100 -0.20120477676391602 620500
1681630688317 -0.0013169050216674805 621000
1681630688558 0.3694790005683899 621500
1681630688916 0.8056230992078781 622000
1681630689168 0.7836449593305588 622500
1681630689553 -0.05104494094848633 623000
1681630689867 0.4677404761314392 623500
1681630690135 5.131959915161133e-05 624000
1681630690378 0.8885978609323502 624500
1681630690663 0.995432619471103 625000
1681630691040 0.42323386669158936 625500
1681630691394 0.8032109290361404 626000
1681630691649 0.7825268805027008 626500
1681630691952 -1.2552201747894287 627000
1681630692252 0.0641515851020813 627500
1681630692591 0.7677129358053207 628000
1681630692918 0.9130123481154442 628500
1681630693262 0.16363084316253662 629000
1681630693511 0.14568156003952026 629500
1681630693886 -8.58139419555664 630000
1681630694382 0.29354327917099 630500
1681630694642 -7.460302352905273 631000
1681630694965 0.9643892720341682 631500
1681630695255 0.2086496353149414 632000
1681630695562 0.5638730525970459 632500
1681630695919 -0.8141710758209229 633000
1681630696674 0.7025441527366638 633500
1681630696909 0.4128221273422241 634000
1681630697153 0.8078064769506454 634500
1681630697594 -0.10663580894470215 635000
1681630698591 0.9433648660778999 635500
1681630698851 -0.03781783580780029 636000
1681630699429 -0.5818076133728027 636500
1681630699680 0.2840123772621155 637000
1681630700030 -1.029956340789795 637500
1681630700398 0.7005153894424438 638000
1681630700649 0.9362281709909439 638500
1681630700969 0.8728336989879608 639000
1681630701585 0.6863751411437988 639500
1681630701815 0.6255927383899689 640000
1681630702152 0.875434547662735 640500
1681630702570 0.46238118410110474 641000
1681630703000 0.6911535859107971 641500
1681630703336 0.4105622172355652 642000
1681630703636 -1.4292609691619873 642500
1681630704076 0.9051391035318375 643000
1681630704644 0.7954205125570297 643500
1681630705343 0.48670506477355957 644000
1681630705735 0.9782740268856287 644500
1681630706508 0.3824247121810913 645000
1681630706817 0.8332014232873917 645500
1681630707153 0.07529932260513306 646000
1681630707775 0.4039495587348938 646500
1681630708258 0.9764081407338381 647000
1681630708753 0.9206378161907196 647500
1681630709298 0.8525878190994263 648000
1681630709722 0.8943676874041557 648500
1681630709986 0.37670063972473145 649000
1681630710500 0.878263883292675 649500
1681630710980 0.8999978229403496 650000
1681630711324 0.11050057411193848 650500
1681630711650 0.7448031306266785 651000
1681630711937 -0.011214256286621094 651500
1681630712354 0.7667254507541656 652000
1681630712766 -0.16331195831298828 652500
1681630713200 0.9744767975062132 653000
1681630713860 -0.33019769191741943 653500
1681630714226 -0.043482065200805664 654000
1681630714641 0.03766065835952759 654500
1681630715070 0.9746050480753183 655000
1681630715513 0.5988734364509583 655500
1681630716124 0.06693333387374878 656000
1681630716407 0.9059649780392647 656500
1681630716933 0.007939338684082031 657000
1681630717807 0.6435105204582214 657500
1681630718201 0.6449020206928253 658000
1681630718713 0.9477563016116619 658500
1681630719148 0.24469155073165894 659000
1681630719479 0.968705341219902 659500
1681630720283 0.44115257263183594 660000
1681630720851 -0.06916451454162598 660500
1681630721212 -0.32993054389953613 661000
1681630721952 0.03919851779937744 661500
1681630722322 0.8320555984973907 662000
1681630722947 0.49186861515045166 662500
1681630723275 0.011279642581939697 663000
1681630723591 -3.707890033721924 663500
1681630724003 0.833142101764679 664000
1681630724629 0.4962427020072937 664500
1681630724856 0.8100036382675171 665000
1681630725131 0.9887067917734385 665500
1681630725388 0.795910656452179 666000
1681630725928 0.6717323362827301 666500
1681630726193 -5.079739093780518 667000
1681630726463 0.6592714786529541 667500
1681630726790 0.9739322084933519 668000
1681630727098 0.7801825851202011 668500
1681630727464 -1.353018045425415 669000
1681630727874 -0.33060336112976074 669500
1681630728117 -3.8586020469665527 670000
1681630728358 0.23987454175949097 670500
1681630728705 0.7244752049446106 671000
1681630729034 -0.5820260047912598 671500
1681630729367 0.44129347801208496 672000
1681630729569 -0.2934480905532837 672500
1681630729801 0.6866809725761414 673000
1681630730082 0.8698659837245941 673500
1681630730575 0.6041268706321716 674000
1681630730791 0.8294951021671295 674500
1681630731046 0.9559510312974453 675000
1681630731321 0.6576970517635345 675500
1681630731628 -0.0012385845184326172 676000
1681630731881 0.9056106507778168 676500
1681630732232 0.7113857567310333 677000
1681630732503 0.7506566643714905 677500
1681630732775 0.664733499288559 678000
1681630733059 0.7955301403999329 678500
1681630733329 0.5362658500671387 679000
1681630733652 0.222284197807312 679500
1681630733940 -0.5331039428710938 680000
1681630734226 0.8574376106262207 680500
1681630734538 -1.4858427047729492 681000
1681630734908 0.5046540200710297 681500
1681630735752 -1.6197824478149414 682000
1681630736106 -0.22967207431793213 682500
1681630736474 0.2349584698677063 683000
1681630736892 0.9652782045304775 683500
1681630737410 -0.2592669725418091 684000
1681630737640 0.9132054597139359 684500
1681630737921 0.8592181205749512 685000
1681630738662 0.9307223707437515 685500
1681630739460 0.3821967840194702 686000
1681630739682 0.8888329565525055 686500
1681630739983 -0.15607976913452148 687000
1681630740195 -0.5558617115020752 687500
1681630740531 0.049504876136779785 688000
1681630740727 0.21375542879104614 688500
1681630740935 0.9489027820527554 689000
1681630741397 0.650274932384491 689500
1681630741671 -3.046658992767334 690000
1681630742202 0.8798382580280304 690500
1681630742579 -1.6182425022125244 691000
1681630743151 0.374822735786438 691500
1681630743548 0.14079761505126953 692000
1681630743818 0.985575970262289 692500
1681630744384 0.2014777660369873 693000
1681630744946 0.9816748630255461 693500
1681630745197 0.9938898077234626 694000
1681630745553 -0.1776195764541626 694500
1681630746431 -1.1874520778656006 695000
1681630746753 0.9269283041357994 695500
1681630747166 0.41320061683654785 696000
1681630747626 0.9620960056781769 696500
1681630748027 0.9318798556923866 697000
1681630748305 0.2526574730873108 697500
1681630748600 0.37584376335144043 698000
1681630749016 -0.5350733995437622 698500
1681630749414 0.31788814067840576 699000
1681630750146 0.8364712297916412 699500
1681630750526 0.6462061405181885 700000
1681630751108 0.6721900403499603 700500
1681630751380 0.008015215396881104 701000
1681630751771 0.8429857045412064 701500
1681630752327 -0.31382298469543457 702000
1681630752646 0.9558013305068016 702500
1681630753239 0.774976372718811 703000
1681630753798 -0.31185293197631836 703500
1681630754064 0.7631310373544693 704000
1681630754561 0.6029757559299469 704500
1681630755015 0.9040719419717789 705000
1681630755835 0.2550792694091797 705500
1681630756212 0.8898349925875664 706000
1681630757112 0.27167415618896484 706500
1681630757432 0.9812881406396627 707000
1681630758106 0.8651299625635147 707500
1681630758513 0.712568610906601 708000
1681630759079 0.6650914251804352 708500
1681630759553 0.9686284624040127 709000
1681630759862 0.7395922541618347 709500
1681630760308 0.9447565898299217 710000
1681630760874 0.2549089789390564 710500
1681630761297 0.9544452279806137 711000
1681630761823 0.919748917222023 711500
1681630762243 0.05350649356842041 712000
1681630762638 0.8726691603660583 712500
1681630763066 0.9576098583638668 713000
1681630763335 0.8553774356842041 713500
1681630763691 0.950149230659008 714000
1681630764056 0.8514369577169418 714500
1681630764382 0.9867600360885262 715000
1681630764909 0.5264263153076172 715500
1681630765476 0.9483038373291492 716000
1681630765757 0.5474486947059631 716500
1681630766160 0.3161637783050537 717000
1681630766799 0.8481676280498505 717500
1681630767308 -0.47879576683044434 718000
1681630767666 0.7109962701797485 718500
1681630768190 0.6771871149539948 719000
1681630768835 0.7819556295871735 719500
1681630769279 0.006313741207122803 720000
1681630769935 0.3111158609390259 720500
1681630770231 0.39059555530548096 721000
1681630770554 0.5910557508468628 721500
1681630770987 0.9190381169319153 722000
1681630771409 0.88597671687603 722500
1681630771884 0.8343685120344162 723000
1681630772226 -0.5822923183441162 723500
1681630772620 0.8853341862559319 724000
1681630773099 -0.07319033145904541 724500
1681630773404 0.5864354968070984 725000
1681630773910 0.29369503259658813 725500
1681630774310 0.8347020298242569 726000
1681630775055 0.9671942628920078 726500
1681630775469 0.8716300576925278 727000
1681630775883 0.9029888585209846 727500
1681630776418 0.951271578669548 728000
1681630776741 0.8564648479223251 728500
1681630777212 0.2815505862236023 729000
1681630777494 0.38852906227111816 729500
1681630778009 0.26661258935928345 730000
1681630778400 0.19931715726852417 730500
1681630779125 0.7347840070724487 731000
1681630779676 0.9749236740171909 731500
1681630780527 0.9800227265805006 732000
1681630781040 0.39141762256622314 732500
1681630781370 0.6324691772460938 733000
1681630781964 0.7761989682912827 733500
1681630782341 0.9162266254425049 734000
1681630782717 0.9384464882314205 734500
1681630783199 0.159950852394104 735000
1681630783556 0.6241695284843445 735500
1681630784433 0.4646221995353699 736000
1681630784903 0.8648770451545715 736500
1681630785469 0.7754820734262466 737000
1681630785710 0.9962770193815231 737500
1681630786128 -0.001971602439880371 738000
1681630786426 -1.096236228942871 738500
1681630786799 0.8252537101507187 739000
1681630787809 0.889382541179657 739500
1681630788090 0.6613321304321289 740000
1681630788436 0.13569003343582153 740500
1681630788663 0.9905173229053617 741000
1681630789042 0.002474188804626465 741500
1681630789388 0.49391549825668335 742000
1681630790007 0.39871323108673096 742500
1681630790300 0.9900015341117978 743000
1681630790606 0.4133979082107544 743500
1681630790893 0.9218024984002113 744000
1681630791282 0.8658580929040909 744500
1681630791811 0.9655021540820599 745000
1681630792184 -0.5449670553207397 745500
1681630792611 -0.03164243698120117 746000
1681630792964 0.7890888303518295 746500
1681630793241 0.9464947618544102 747000
1681630793993 0.2786414623260498 747500
1681630794541 -0.28385746479034424 748000
1681630794789 0.7779319435358047 748500
1681630795069 0.9939227788709104 749000
1681630795632 0.017865538597106934 749500
1681630796119 -3.935238838195801 750000
1681630796473 0.5480638742446899 750500
1681630796868 -0.0067642927169799805 751000
1681630797212 0.9493584297597408 751500
1681630797794 -1.512784719467163 752000
1681630798296 0.8130799978971481 752500
1681630798814 -0.19901037216186523 753000
1681630799161 0.6520700454711914 753500
1681630799522 0.9595959447324276 754000
1681630799980 0.5490052700042725 754500
1681630800344 0.6813223958015442 755000
1681630800625 0.724252462387085 755500
1681630800909 0.8894401639699936 756000
1681630801273 0.36709165573120117 756500
1681630801573 0.9377051256597042 757000
1681630801988 0.9988759872503579 757500
1681630802224 0.7770330756902695 758000
1681630802750 0.8912389576435089 758500
1681630803195 -0.312813401222229 759000
1681630803887 0.9857381377369165 759500
1681630804268 0.06461566686630249 760000
1681630805117 0.9417024552822113 760500
1681630805441 0.6828532814979553 761000
1681630805848 0.9432419575750828 761500
1681630806455 0.9372787848114967 762000
1681630807194 0.9939229404553771 762500
1681630807794 0.6837696135044098 763000
1681630808332 0.9477586075663567 763500
1681630808633 0.9286874607205391 764000
1681630808986 0.9779930151998997 764500
1681630809818 0.4728568196296692 765000
1681630810179 0.0836409330368042 765500
1681630810712 0.996591895353049 766000
1681630811064 0.9629919156432152 766500
1681630811412 0.3237791657447815 767000
1681630811913 0.0165327787399292 767500
1681630812319 0.39852631092071533 768000
1681630812840 -3.200775146484375 768500
1681630813207 0.8314681500196457 769000
1681630813718 0.8571999371051788 769500
1681630814178 0.891170360147953 770000
1681630814949 0.9640824720263481 770500
1681630815452 0.8069598525762558 771000
1681630815973 0.9515555389225483 771500
1681630816444 0.9955597440712154 772000
1681630816968 0.24838721752166748 772500
1681630817304 0.5763548910617828 773000
1681630817617 0.3518310785293579 773500
1681630817961 -0.4286041259765625 774000
1681630818332 -8.52867603302002 774500
1681630818650 -0.02179086208343506 775000
1681630818946 0.40643244981765747 775500
1681630819270 0.9087284803390503 776000
1681630819516 0.8602532893419266 776500
1681630819955 0.9190303012728691 777000
1681630820317 0.7339587807655334 777500
1681630820793 0.39118897914886475 778000
1681630821268 -0.052236318588256836 778500
1681630821495 0.5180403888225555 779000
1681630822024 -7.021636009216309 779500
1681630822427 0.33055418729782104 780000
1681630822685 0.9395767822861671 780500
1681630823346 -0.3317573070526123 781000
1681630823764 0.8587618172168732 781500
1681630824012 -0.10730540752410889 782000
1681630824319 0.09581464529037476 782500
1681630824756 0.830860823392868 783000
1681630825035 0.9849829385057092 783500
1681630825329 0.5033293962478638 784000
1681630825598 0.989506465382874 784500
1681630825910 0.33674800395965576 785000
1681630826231 0.8689094334840775 785500
1681630826733 0.9484846778213978 786000
1681630826993 0.9905876824632287 786500
1681630827564 0.9981580259045586 787000
1681630828016 0.2883915901184082 787500
1681630828281 -0.11073040962219238 788000
1681630828568 -0.27664077281951904 788500
1681630828889 0.9918092275038362 789000
1681630829179 0.038585364818573 789500
1681630829411 0.9778042230755091 790000
1681630829647 0.9853735314682126 790500
1681630829913 0.3016086220741272 791000
1681630830157 0.992994699627161 791500
1681630830432 0.7533018589019775 792000
1681630830688 0.928967148065567 792500
1681630830978 0.7052642703056335 793000
1681630831399 0.9301067739725113 793500
1681630831727 0.9323479607701302 794000
1681630832092 0.9977623436134309 794500
1681630832384 0.8452547192573547 795000
1681630832796 0.5649605393409729 795500
1681630833138 0.7381461262702942 796000
1681630833885 0.8160838335752487 796500
1681630834497 0.8148453831672668 797000
1681630834759 0.9569325037300587 797500
1681630835146 0.7270740866661072 798000
1681630835473 0.6483473479747772 798500
1681630835718 0.5346164107322693 799000
1681630836130 -0.4291611909866333 799500
1681630836530 0.871289849281311 800000
1681630836851 0.9107976406812668 800500
1681630837295 0.5401053726673126 801000
1681630837951 0.672551155090332 801500
1681630838284 0.8978316858410835 802000
1681630838761 -1.9208359718322754 802500
1681630839175 0.7916210889816284 803000
1681630839870 0.42321258783340454 803500
1681630840385 0.8423567712306976 804000
1681630840905 0.2551792860031128 804500
1681630841341 0.7991272509098053 805000
1681630841920 0.9302101507782936 805500
1681630842352 0.9736808277666569 806000
1681630843029 0.4234279990196228 806500
1681630843549 0.08447933197021484 807000
1681630843871 0.3579212427139282 807500
1681630844312 -0.7091898918151855 808000
1681630844575 0.7363565862178802 808500
1681630845141 0.6798335909843445 809000
1681630845687 0.6486368477344513 809500
1681630846163 0.9151539281010628 810000
1681630846569 0.6259371638298035 810500
1681630846823 0.00028324127197265625 811000
1681630847067 -0.9513347148895264 811500
1681630847308 0.6104357838630676 812000
1681630847976 -0.9408142566680908 812500
1681630848318 -0.2517542839050293 813000
1681630848702 0.897126741707325 813500
1681630849274 0.731519341468811 814000
1681630849814 0.7499568462371826 814500
1681630850657 0.9539581052958965 815000
1681630851077 0.607435941696167 815500
1681630851553 0.6268109083175659 816000
1681630851920 0.9959972002543509 816500
1681630852383 0.5920429825782776 817000
1681630852787 0.9056516960263252 817500
1681630853293 0.8713422864675522 818000
1681630853768 0.917712390422821 818500
1681630854382 0.977821396663785 819000
1681630855031 0.38686811923980713 819500
1681630855824 0.5462359189987183 820000
1681630856096 0.9565012976527214 820500
1681630856692 0.5457008481025696 821000
1681630857060 0.8757592588663101 821500
1681630857501 0.1996648907661438 822000
1681630857806 0.8225304037332535 822500
1681630858247 0.8945049494504929 823000
1681630858588 0.6440785825252533 823500
1681630859496 0.8994974046945572 824000
1681630859917 0.9837143551558256 824500
1681630860399 0.7044999897480011 825000
1681630861149 0.7905793786048889 825500
1681630861472 0.9205362200737 826000
1681630861800 -0.03987395763397217 826500
1681630862169 0.9886060329154134 827000
1681630862750 -1.000218391418457 827500
1681630863152 0.8941776379942894 828000
1681630863607 -11.701272010803223 828500
1681630864145 0.892241820693016 829000
1681630864766 0.7530223876237869 829500
1681630865250 0.5128345489501953 830000
1681630865964 0.3053538203239441 830500
1681630866206 0.9424840323626995 831000
1681630866640 0.9760232213884592 831500
1681630867076 0.933898389339447 832000
1681630867481 0.4123145341873169 832500
1681630868173 0.9846077654510736 833000
1681630868544 0.6139630377292633 833500
1681630868768 0.59089595079422 834000
1681630869019 0.43274450302124023 834500
1681630869220 0.9939950001426041 835000
1681630869556 0.9902371689677238 835500
1681630869765 -4.937397003173828 836000
1681630869982 0.1678924560546875 836500
1681630870362 -0.38958418369293213 837000
1681630870706 -0.389762282371521 837500
1681630871316 0.7008463442325592 838000
1681630871534 -0.18912124633789062 838500
1681630871741 0.41965222358703613 839000
1681630872039 -1.006242275238037 839500
1681630872527 0.5140910744667053 840000
1681630872793 0.03135502338409424 840500
1681630873384 0.9507997930049896 841000
1681630873979 0.07653003931045532 841500
1681630874390 -1.6002328395843506 842000
1681630874700 0.7973905950784683 842500
1681630875389 0.19077181816101074 843000
1681630875750 -1.4726512432098389 843500
1681630876008 0.8686991780996323 844000
1681630876412 0.6208053529262543 844500
1681630876776 0.7252716720104218 845000
1681630877553 0.8071333914995193 845500
1681630877929 0.8045532554388046 846000
1681630878661 0.13881391286849976 846500
1681630878955 0.8122738748788834 847000
1681630879203 0.4853801727294922 847500
1681630879632 0.9685853868722916 848000
1681630880029 -0.33605027198791504 848500
1681630880294 0.7268360555171967 849000
1681630880535 -0.20205116271972656 849500
1681630880801 0.9936765125021338 850000
1681630881155 0.9450987502932549 850500
1681630881462 0.9459897167980671 851000
1681630881914 0.983312064781785 851500
1681630882181 0.9719478543847799 852000
1681630882765 0.3468784689903259 852500
1681630883231 0.8516902476549149 853000
1681630883559 -0.40643513202667236 853500
1681630883808 0.9970468324609101 854000
1681630884365 0.6776056587696075 854500
1681630885043 -0.058368682861328125 855000
1681630885311 -0.02058994770050049 855500
1681630885721 0.9545452408492565 856000
1681630886069 0.9142500683665276 856500
1681630886911 0.36263352632522583 857000
1681630887422 -1.6396477222442627 857500
1681630887623 0.9761662725359201 858000
1681630888033 -0.7514086961746216 858500
1681630888312 0.2951750159263611 859000
1681630888713 0.9702197536826134 859500
1681630889133 0.5103983581066132 860000
1681630889416 0.1786831021308899 860500
1681630889921 -0.9578843116760254 861000
1681630890352 0.3874579071998596 861500
1681630890930 0.6563069522380829 862000
1681630891316 0.7002439200878143 862500
1681630892046 -0.4981876611709595 863000
1681630892370 0.20171499252319336 863500
1681630892667 0.22434568405151367 864000
1681630893518 0.6547951102256775 864500
1681630893909 0.031773924827575684 865000
1681630894454 0.8931739553809166 865500
1681630894868 0.7435124516487122 866000
1681630895303 0.5503738820552826 866500
1681630895585 -0.31393909454345703 867000
1681630896083 0.8447489440441132 867500
1681630896442 0.4535255432128906 868000
1681630897168 -0.5983889102935791 868500
1681630897444 0.6260567009449005 869000
1681630897953 0.7704339176416397 869500
1681630898324 0.8835821226239204 870000
1681630898875 -1.1349563598632812 870500
1681630899521 -0.1311805248260498 871000
1681630900010 0.9869630569592118 871500
1681630900641 -0.1096733808517456 872000
1681630901071 -0.8474586009979248 872500
1681630901349 0.9048411548137665 873000
1681630901715 -0.1106194257736206 873500
1681630902021 0.9519365727901459 874000
1681630902303 -0.04414522647857666 874500
1681630902843 0.964302334934473 875000
1681630903270 0.6024039685726166 875500
1681630903953 0.5464252531528473 876000
1681630904479 -0.5271631479263306 876500
1681630904759 0.9431734941899776 877000
1681630905246 0.9764291699975729 877500
1681630905503 -0.6075587272644043 878000
1681630905715 0.6941435635089874 878500
1681630906265 -0.2314549684524536 879000
1681630906673 0.6959379613399506 879500
1681630907476 0.3522855043411255 880000
1681630907886 0.9623083509504795 880500
1681630908272 0.8347958475351334 881000
1681630908551 0.2229786515235901 881500
1681630908970 -0.0007500648498535156 882000
1681630909198 0.8078639358282089 882500
1681630909439 0.5550312399864197 883000
1681630909772 0.5388949811458588 883500
1681630910806 0.4195484519004822 884000
1681630911140 0.6980021297931671 884500
1681630911393 0.9149086326360703 885000
1681630911946 0.9869637107476592 885500
1681630912291 0.9546679370105267 886000
1681630912543 0.9661673828959465 886500
1681630912888 0.08986449241638184 887000
1681630913244 0.6913202106952667 887500
1681630913491 -0.6077398061752319 888000
1681630913726 0.6336878538131714 888500
1681630913935 -1.8259475231170654 889000
1681630914267 0.8568979948759079 889500
1681630914613 0.5015206933021545 890000
1681630914805 0.5718943774700165 890500
1681630915269 -0.11651051044464111 891000
1681630915608 -0.23937749862670898 891500
1681630915817 0.9975220230408013 892000
1681630916056 0.5831872522830963 892500
1681630916369 0.9838688373565674 893000
1681630916822 0.711146891117096 893500
1681630917161 -0.21666502952575684 894000
1681630917730 0.33502525091171265 894500
1681630918139 0.7965928912162781 895000
1681630918866 0.6768549084663391 895500
1681630919426 0.9446843937039375 896000
1681630919833 0.6617594063282013 896500
1681630920219 0.8542626947164536 897000
1681630920699 0.9906461425125599 897500
1681630921155 -0.31518614292144775 898000
1681630921475 0.9535454958677292 898500
1681630921729 0.7656290829181671 899000
1681630922147 0.9884670590981841 899500
1681630922447 0.9501320458948612 900000
1681630923030 0.9931677184067667 900500
1681630923384 0.8996679410338402 901000
1681630924097 0.817237138748169 901500
1681630924370 0.044988155364990234 902000
1681630924604 0.9609203264117241 902500
1681630925096 -5.4114885330200195 903000
1681630925444 0.8017095029354095 903500
1681630925997 0.48727095127105713 904000
1681630926343 0.9545308314263821 904500
1681630926987 0.5600146651268005 905000
1681630927377 0.47396159172058105 905500
1681630928177 0.3891162872314453 906000
1681630928580 0.9580092877149582 906500
1681630929016 -0.3505767583847046 907000
1681630929368 0.8336077779531479 907500
1681630929828 0.9648300409317017 908000
1681630930364 -0.7809596061706543 908500
1681630930837 -0.20646798610687256 909000
1681630931329 0.5100257694721222 909500
1681630931642 -0.09439492225646973 910000
1681630932207 0.5396610498428345 910500
1681630932545 0.9905910501256585 911000
1681630933012 0.9400013014674187 911500
1681630933369 0.9886302910745144 912000
1681630934050 0.8760788589715958 912500
1681630934476 0.9005211591720581 913000
1681630935062 0.4692416787147522 913500
1681630935426 0.9966314209159464 914000
1681630936029 -1.0894262790679932 914500
1681630936385 0.8286685347557068 915000
1681630936675 0.4715151786804199 915500
1681630937045 0.08128869533538818 916000
1681630937485 0.966962706297636 916500
1681630937752 -0.09189081192016602 917000
1681630938104 0.8931982070207596 917500
1681630938455 0.9469274617731571 918000
1681630938815 0.5438553094863892 918500
1681630939182 0.9731668643653393 919000
1681630939494 0.966049499809742 919500
1681630939814 0.9158588200807571 920000
1681630940081 0.5049670338630676 920500
1681630940455 0.30854296684265137 921000
1681630940868 0.9249743074178696 921500
1681630941155 0.9516461007297039 922000
1681630941782 0.8760216310620308 922500
1681630942182 -1.2693686485290527 923000
1681630942394 0.9752858448773623 923500
1681630942676 0.8946149721741676 924000
1681630943001 0.9704603925347328 924500
1681630943434 0.17271828651428223 925000
1681630943694 0.8829284831881523 925500
1681630943993 -2.3357350826263428 926000
1681630944272 -1.7074966430664062 926500
1681630944498 0.8311553597450256 927000
1681630944831 0.43024593591690063 927500
1681630945132 0.16041839122772217 928000
1681630945417 0.9089480862021446 928500
1681630945779 0.7210321128368378 929000
1681630946049 0.8406979739665985 929500
1681630946408 0.9886808274313807 930000
1681630947106 0.26617568731307983 930500
1681630947405 0.9582435749471188 931000
1681630947758 0.793703019618988 931500
1681630948095 0.9940943419933319 932000
1681630948363 0.2749757170677185 932500
1681630948626 0.4119846224784851 933000
1681630948863 0.7649204283952713 933500
1681630949091 0.04610997438430786 934000
1681630949359 0.9885595794767141 934500
1681630949646 0.8533449172973633 935000
1681630949928 -0.11290538311004639 935500
1681630950145 0.4265821576118469 936000
1681630950420 0.3013089895248413 936500
1681630950669 0.03946608304977417 937000
1681630950948 0.13518452644348145 937500
1681630951242 0.10201120376586914 938000
1681630951549 0.9163854271173477 938500
1681630951869 0.872829794883728 939000
1681630952096 0.7045442759990692 939500
1681630952338 -3.4201536178588867 940000
1681630952575 0.6806418299674988 940500
1681630952930 0.8112667351961136 941000
1681630953236 0.5531074702739716 941500
1681630953574 0.9135317429900169 942000
1681630954202 0.39423906803131104 942500
1681630954624 0.7623447328805923 943000
1681630954912 -6.337810039520264 943500
1681630955493 -0.10379898548126221 944000
1681630956186 -0.06612491607666016 944500
1681630956563 0.9933425984345376 945000
1681630957059 0.5633877813816071 945500
1681630957401 0.9509276524186134 946000
1681630957996 0.9899478638544679 946500
1681630958470 0.6672232151031494 947000
1681630959040 0.9986733881523833 947500
1681630959550 -0.0007557868957519531 948000
1681630959784 0.861756443977356 948500
1681630960419 0.5475092530250549 949000
1681630960971 0.2672004699707031 949500
1681630961204 0.9811387974768877 950000
1681630961887 0.9720657970756292 950500
1681630962430 0.9252736121416092 951000
1681630962812 0.989482176490128 951500
1681630963157 0.9672894775867462 952000
1681630963540 0.9920893590897322 952500
1681630963891 0.9829750750213861 953000
1681630964215 0.877369686961174 953500
1681630964503 0.9869625875726342 954000
1681630964813 0.9791684374213219 954500
1681630965066 0.9927513673901558 955000
1681630965371 0.9681024737656116 955500
1681630965626 0.7797577679157257 956000
1681630965907 0.8702201247215271 956500
1681630966311 0.7400897443294525 957000
1681630966568 0.6921448111534119 957500
1681630966797 0.06457787752151489 958000
1681630967032 0.7266285717487335 958500
1681630967364 0.9544227905571461 959000
1681630967877 0.9342028349637985 959500
1681630968190 0.463995099067688 960000
1681630968511 0.2860807776451111 960500
1681630968875 0.9934604130685329 961000
1681630969159 0.05739802122116089 961500
1681630969374 0.1491774320602417 962000
1681630969635 0.9657472111284733 962500
1681630969967 0.42819076776504517 963000
1681630970401 0.8804724738001823 963500
1681630970696 0.8384742587804794 964000
1681630971039 -8.199305534362793 964500
1681630971265 0.9024307355284691 965000
1681630971594 0.6573761999607086 965500
1681630971930 0.9197070151567459 966000
1681630972260 -0.18173813819885254 966500
1681630972686 0.5412064492702484 967000
1681630973107 0.43710678815841675 967500
1681630973508 -0.6264617443084717 968000
1681630973717 -0.458446741104126 968500
1681630973930 0.9214365035295486 969000
1681630974551 0.9426040314137936 969500
1681630975138 0.6594078838825226 970000
1681630975358 -2.3799099922180176 970500
1681630975562 -1.6214678287506104 971000
1681630975788 0.3649946451187134 971500
1681630976042 0.9550576694309711 972000
1681630976429 0.5192283689975739 972500
1681630976779 0.19891297817230225 973000
1681630977137 0.8899446427822113 973500
1681630977877 0.9779988117516041 974000
1681630978574 -0.03425467014312744 974500
1681630978834 0.782394289970398 975000
1681630979244 -0.05124473571777344 975500
1681630979637 -0.24995267391204834 976000
1681630979870 -0.4322547912597656 976500
1681630980149 0.6325721740722656 977000
1681630980446 0.9893189305439591 977500
1681630980788 0.8578435778617859 978000
1681630981486 0.9556536413729191 978500
1681630981889 0.5242155194282532 979000
1681630982284 -0.4827662706375122 979500
1681630982535 0.9708126094192266 980000
1681630982968 0.5405380129814148 980500
1681630983277 -0.5492666959762573 981000
1681630983533 0.9596685990691185 981500
1681630983907 0.8429798185825348 982000
1681630984164 0.34220683574676514 982500
1681630984430 0.7841167449951172 983000
1681630984872 0.7258715033531189 983500
1681630985253 0.9603705033659935 984000
1681630985758 0.8679964691400528 984500
1681630986232 0.3571544885635376 985000
1681630986536 0.6961143612861633 985500
1681630986899 -0.13414764404296875 986000
1681630987156 0.3456690311431885 986500
1681630987595 0.9175943583250046 987000
1681630987972 0.3018494248390198 987500
1681630988333 0.6877337396144867 988000
1681630988699 0.17352068424224854 988500
1681630988965 0.812967836856842 989000
1681630989328 0.5490182936191559 989500
1681630989601 0.8097224682569504 990000
1681630989852 0.773606613278389 990500
1681630990182 0.7975443005561829 991000
1681630990604 0.2361624836921692 991500
1681630990882 6.771087646484375e-05 992000
1681630991083 0.9596856571733952 992500
1681630991374 0.7650627940893173 993000
1681630991795 0.12094104290008545 993500
1681630992014 0.2620159387588501 994000
1681630992259 0.41075146198272705 994500
1681630992499 0.9784699138253927 995000
1681630992793 0.2816116213798523 995500
1681630993140 -11.896984100341797 996000
1681630993340 0.7348768413066864 996500
1681630993598 -2.0249412059783936 997000
1681630993804 0.7394868731498718 997500
1681630994061 -22.14235496520996 998000
1681630994257 0.9630451612174511 998500
1681630994628 -0.5245258808135986 999000
1681630994859 -0.648982048034668 999500
1681630995134 0.7161184549331665 1000000
