1681630125505 0.0007 500
1681630125712 0.0007 1000
1681630125937 0.0007 1500
1681630126153 0.0007 2000
1681630126423 0.0007 2500
1681630126691 0.0007 3000
1681630126918 0.0007 3500
1681630127166 0.0007 4000
1681630127404 0.0007 4500
1681630127820 0.0007 5000
1681630128625 0.0007 5500
1681630128892 0.0007 6000
1681630129159 0.0007 6500
1681630129372 0.0007 7000
1681630129680 0.0007 7500
1681630129910 0.0007 8000
1681630130259 0.0007 8500
1681630130609 0.0007 9000
1681630130838 0.0007 9500
1681630131070 0.0007 10000
1681630131344 0.0007 10500
1681630131621 0.0007 11000
1681630132147 0.0007 11500
1681630132415 0.0007 12000
1681630132671 0.0007 12500
1681630132887 0.0007 13000
1681630133215 0.0007 13500
1681630133493 0.0007 14000
1681630133768 0.0007 14500
1681630134021 0.0007 15000
1681630134280 0.0007 15500
1681630134534 0.0007 16000
1681630134788 0.0007 16500
1681630135085 0.0007 17000
1681630135332 0.0007 17500
1681630135655 0.0007 18000
1681630135950 0.0007 18500
1681630136172 0.0007 19000
1681630136390 0.0007 19500
1681630136699 0.0007 20000
1681630136960 0.0007 20500
1681630137249 0.0007 21000
1681630137514 0.0007 21500
1681630137782 0.0007 22000
1681630138044 0.0007 22500
1681630138315 0.0007 23000
1681630138655 0.0007 23500
1681630138943 0.0007 24000
1681630139206 0.0007 24500
1681630139442 0.0007 25000
1681630139662 0.0007 25500
1681630139964 0.0007 26000
1681630140232 0.0007 26500
1681630140563 0.0007 27000
1681630140799 0.0007 27500
1681630141049 0.0007 28000
1681630141308 0.0007 28500
1681630141625 0.0007 29000
1681630142041 0.0007 29500
1681630142243 0.0007 30000
1681630142488 0.0007 30500
1681630142905 0.0007 31000
1681630143301 0.0007 31500
1681630143592 0.0007 32000
1681630143861 0.0007 32500
1681630144135 0.0007 33000
1681630144488 0.0007 33500
1681630144912 0.0007 34000
1681630145189 0.0007 34500
1681630145419 0.0007 35000
1681630145678 0.0007 35500
1681630146011 0.0007 36000
1681630146419 0.0007 36500
1681630146893 0.0007 37000
1681630147200 0.0007 37500
1681630147574 0.0007 38000
1681630148000 0.0007 38500
1681630148379 0.0007 39000
1681630148879 0.0007 39500
1681630149194 0.0007 40000
1681630149659 0.0007 40500
1681630149947 0.0007 41000
1681630150266 0.0007 41500
1681630150582 0.0007 42000
1681630150980 0.0007 42500
1681630151273 0.0007 43000
1681630151579 0.0007 43500
1681630151880 0.0007 44000
1681630152250 0.0007 44500
1681630152619 0.0007 45000
1681630152956 0.0007 45500
1681630153250 0.0007 46000
1681630153586 0.0007 46500
1681630153852 0.0007 47000
1681630154097 0.0007 47500
1681630154330 0.0007 48000
1681630154619 0.0007 48500
1681630154931 0.0007 49000
1681630155153 0.0007 49500
1681630155380 0.0007 50000
1681630155632 0.0007 50500
1681630155875 0.0007 51000
1681630156114 0.0007 51500
1681630156394 0.0007 52000
1681630156702 0.0007 52500
1681630156942 0.0007 53000
1681630157153 0.0007 53500
1681630157409 0.0007 54000
1681630157624 0.0007 54500
1681630157873 0.0007 55000
1681630158101 0.0007 55500
1681630158370 0.0007 56000
1681630158611 0.0007 56500
1681630158948 0.0007 57000
1681630159179 0.0007 57500
1681630159432 0.0007 58000
1681630159668 0.0007 58500
1681630159981 0.0007 59000
1681630160221 0.0007 59500
1681630160438 0.0007 60000
1681630160683 0.0007 60500
1681630160909 0.0007 61000
1681630161170 0.0007 61500
1681630161418 0.0007 62000
1681630161873 0.0007 62500
1681630162094 0.0007 63000
1681630162340 0.0007 63500
1681630162654 0.0007 64000
1681630162893 0.0007 64500
1681630163100 0.0007 65000
1681630163320 0.0007 65500
1681630163517 0.0007 66000
1681630163745 0.0007 66500
1681630163950 0.0007 67000
1681630164153 0.0007 67500
1681630164345 0.0007 68000
1681630164542 0.0007 68500
1681630164745 0.0007 69000
1681630164971 0.0007 69500
1681630165167 0.0007 70000
1681630165358 0.0007 70500
1681630165548 0.0007 71000
1681630165736 0.0007 71500
1681630165927 0.0007 72000
1681630166120 0.0007 72500
1681630166329 0.0007 73000
1681630166554 0.0007 73500
1681630166750 0.0007 74000
1681630166974 0.0007 74500
1681630167213 0.0007 75000
1681630167416 0.0007 75500
1681630167612 0.0007 76000
1681630167882 0.0007 76500
1681630168137 0.0007 77000
1681630168424 0.0007 77500
1681630168635 0.0007 78000
1681630168831 0.0007 78500
1681630169058 0.0007 79000
1681630169388 0.0007 79500
1681630169767 0.0007 80000
1681630170194 0.0007 80500
1681630170460 0.0007 81000
1681630170731 0.0007 81500
1681630171118 0.0007 82000
1681630171695 0.0007 82500
1681630172133 0.0007 83000
1681630172461 0.0007 83500
1681630172784 0.0007 84000
1681630173384 0.0007 84500
1681630174289 0.0007 85000
1681630174799 0.0007 85500
1681630175383 0.0007 86000
1681630175658 0.0007 86500
1681630176028 0.0007 87000
1681630176553 0.0007 87500
1681630177392 0.0007 88000
1681630177685 0.0007 88500
1681630178186 0.0007 89000
1681630178723 0.0007 89500
1681630179137 0.0007 90000
1681630180006 0.0007 90500
1681630180270 0.0007 91000
1681630180600 0.0007 91500
1681630180826 0.0007 92000
1681630181062 0.0007 92500
1681630181262 0.0007 93000
1681630181463 0.0007 93500
1681630181659 0.0007 94000
1681630181861 0.0007 94500
1681630182106 0.0007 95000
1681630182349 0.0007 95500
1681630182579 0.0007 96000
1681630182786 0.0007 96500
1681630183012 0.0007 97000
1681630183213 0.0007 97500
1681630183421 0.0007 98000
1681630183684 0.0007 98500
1681630183905 0.0007 99000
1681630184126 0.0007 99500
1681630184324 0.0007 100000
1681630184527 0.0007 100500
1681630184726 0.0007 101000
1681630184922 0.0007 101500
1681630185124 0.0007 102000
1681630185343 0.0007 102500
1681630185574 0.0007 103000
1681630185778 0.0007 103500
1681630185978 0.0007 104000
1681630186189 0.0007 104500
1681630186428 0.0007 105000
1681630186772 0.0007 105500
1681630187127 0.0007 106000
1681630187404 0.0007 106500
1681630187688 0.0007 107000
1681630188064 0.0007 107500
1681630188464 0.0007 108000
1681630189176 0.0007 108500
1681630189585 0.0007 109000
1681630190141 0.0007 109500
1681630190590 0.0007 110000
1681630191081 0.0007 110500
1681630191909 0.0007 111000
1681630192530 0.0007 111500
1681630193361 0.0007 112000
1681630194081 0.0007 112500
1681630194594 0.0007 113000
1681630195148 0.0007 113500
1681630195484 0.0007 114000
1681630195912 0.0007 114500
1681630196235 0.0007 115000
1681630196600 0.0007 115500
1681630196980 0.0007 116000
1681630197269 0.0007 116500
1681630197685 0.0007 117000
1681630197958 0.0007 117500
1681630198231 0.0007 118000
1681630198446 0.0007 118500
1681630198646 0.0007 119000
1681630198841 0.0007 119500
1681630199070 0.0007 120000
1681630199282 0.0007 120500
1681630199487 0.0007 121000
1681630199741 0.0007 121500
1681630199955 0.0007 122000
1681630200154 0.0007 122500
1681630200385 0.0007 123000
1681630200566 0.0007 123500
1681630200762 0.0007 124000
1681630200943 0.0007 124500
1681630201144 0.0007 125000
1681630201346 0.0007 125500
1681630201538 0.0007 126000
1681630201716 0.0007 126500
1681630201893 0.0007 127000
1681630202069 0.0007 127500
1681630202244 0.0007 128000
1681630202421 0.0007 128500
1681630202604 0.0007 129000
1681630202806 0.0007 129500
1681630203012 0.0007 130000
1681630203221 0.0007 130500
1681630203407 0.0007 131000
1681630203594 0.0007 131500
1681630203819 0.0007 132000
1681630204006 0.0007 132500
1681630204200 0.0007 133000
1681630204393 0.0007 133500
1681630204583 0.0007 134000
1681630204831 0.0007 134500
1681630205076 0.0007 135000
1681630205311 0.0007 135500
1681630205563 0.0007 136000
1681630206043 0.0007 136500
1681630206611 0.0007 137000
1681630206851 0.0007 137500
1681630207151 0.0007 138000
1681630207414 0.0007 138500
1681630207642 0.0007 139000
1681630207931 0.0007 139500
1681630208266 0.0007 140000
1681630208697 0.0007 140500
1681630209612 0.0007 141000
1681630209960 0.0007 141500
1681630210814 0.0007 142000
1681630211221 0.0007 142500
1681630211938 0.0007 143000
1681630212491 0.0007 143500
1681630212952 0.0007 144000
1681630213784 0.0007 144500
1681630214235 0.0007 145000
1681630214610 0.0007 145500
1681630215004 0.0007 146000
1681630215954 0.0007 146500
1681630216382 0.0007 147000
1681630216717 0.0007 147500
1681630217285 0.0007 148000
1681630217671 0.0007 148500
1681630218544 0.0007 149000
1681630218909 0.0007 149500
1681630219452 0.0007 150000
1681630219985 0.0007 150500
1681630220800 0.0007 151000
1681630221308 0.0007 151500
1681630222261 0.0007 152000
1681630222727 0.0007 152500
1681630223131 0.0007 153000
1681630223514 0.0007 153500
1681630223915 0.0007 154000
1681630224300 0.0007 154500
1681630224724 0.0007 155000
1681630225195 0.0007 155500
1681630225545 0.0007 156000
1681630226263 0.0007 156500
1681630226604 0.0007 157000
1681630227159 0.0007 157500
1681630227583 0.0007 158000
1681630228712 0.0007 158500
1681630229038 0.0007 159000
1681630229707 0.0007 159500
1681630230042 0.0007 160000
1681630230977 0.0007 160500
1681630231269 0.0007 161000
1681630231812 0.0007 161500
1681630232215 0.0007 162000
1681630233235 0.0007 162500
1681630233559 0.0007 163000
1681630234150 0.0007 163500
1681630234472 0.0007 164000
1681630234920 0.0007 164500
1681630235242 0.0007 165000
1681630235742 0.0007 165500
1681630236053 0.0007 166000
1681630236536 0.0007 166500
1681630236820 0.0007 167000
1681630237343 0.0007 167500
1681630237699 0.0007 168000
1681630238207 0.0007 168500
1681630238562 0.0007 169000
1681630239549 0.0007 169500
1681630239862 0.0007 170000
1681630240416 0.0007 170500
1681630240712 0.0007 171000
1681630241423 0.0007 171500
1681630241839 0.0007 172000
1681630242689 0.0007 172500
1681630243102 0.0007 173000
1681630244354 0.0007 173500
1681630244707 0.0007 174000
1681630245023 0.0007 174500
1681630245463 0.0007 175000
1681630245801 0.0007 175500
1681630246112 0.0007 176000
1681630246474 0.0007 176500
1681630246857 0.0007 177000
1681630247681 0.0007 177500
1681630248114 0.0007 178000
1681630248663 0.0007 178500
1681630249118 0.0007 179000
1681630249859 0.0007 179500
1681630250298 0.0007 180000
1681630251142 0.0007 180500
1681630251638 0.0007 181000
1681630252002 0.0007 181500
1681630252491 0.0007 182000
1681630253314 0.0007 182500
1681630254097 0.0007 183000
1681630254470 0.0007 183500
1681630255075 0.0007 184000
1681630255427 0.0007 184500
1681630256279 0.0007 185000
1681630256724 0.0007 185500
1681630257970 0.0007 186000
1681630258400 0.0007 186500
1681630258871 0.0007 187000
1681630259461 0.0007 187500
1681630260274 0.0007 188000
1681630260913 0.0007 188500
1681630261725 0.0007 189000
1681630262396 0.0007 189500
1681630263238 0.0007 190000
1681630263608 0.0007 190500
1681630263928 0.0007 191000
1681630264195 0.0007 191500
1681630264507 0.0007 192000
1681630264859 0.0007 192500
1681630265354 0.0007 193000
1681630265788 0.0007 193500
1681630266031 0.0007 194000
1681630266451 0.0007 194500
1681630267107 0.0007 195000
1681630267563 0.0007 195500
1681630268095 0.0007 196000
1681630268635 0.0007 196500
1681630269174 0.0007 197000
1681630269497 0.0007 197500
1681630270017 0.0007 198000
1681630270301 0.0007 198500
1681630270730 0.0007 199000
1681630271111 0.0007 199500
1681630271344 0.0007 200000
1681630271547 0.0007 200500
1681630272007 0.0007 201000
1681630272805 0.0007 201500
1681630273126 0.0007 202000
1681630273619 0.0007 202500
1681630274625 0.0007 203000
1681630275009 0.0007 203500
1681630275673 0.0007 204000
1681630276029 0.0007 204500
1681630276428 0.0007 205000
1681630277034 0.0007 205500
1681630277387 0.0007 206000
1681630277963 0.0007 206500
1681630278427 0.0007 207000
1681630279397 0.0007 207500
1681630279681 0.0007 208000
1681630280315 0.0007 208500
1681630281014 0.0007 209000
1681630281391 0.0007 209500
1681630281761 0.0007 210000
1681630282287 0.0007 210500
1681630282730 0.0007 211000
1681630283290 0.0007 211500
1681630283852 0.0007 212000
1681630284208 0.0007 212500
1681630284634 0.0007 213000
1681630285188 0.0007 213500
1681630285693 0.0007 214000
1681630286130 0.0007 214500
1681630287091 0.0007 215000
1681630287535 0.0007 215500
1681630288211 0.0007 216000
1681630288596 0.0007 216500
1681630289106 0.0007 217000
1681630289421 0.0007 217500
1681630289659 0.0007 218000
1681630290270 0.0007 218500
1681630290874 0.0007 219000
1681630291124 0.0007 219500
1681630291566 0.0007 220000
1681630291995 0.0007 220500
1681630292456 0.0007 221000
1681630292993 0.0007 221500
1681630293833 0.0007 222000
1681630294413 0.0007 222500
1681630295261 0.0007 223000
1681630295882 0.0007 223500
1681630296811 0.0007 224000
1681630297081 0.0007 224500
1681630297355 0.0007 225000
1681630297619 0.0007 225500
1681630298165 0.0007 226000
1681630298779 0.0007 226500
1681630299467 0.0007 227000
1681630299992 0.0007 227500
1681630300400 0.0007 228000
1681630300867 0.0007 228500
1681630301292 0.0007 229000
1681630301739 0.0007 229500
1681630302287 0.0007 230000
1681630302784 0.0007 230500
1681630303448 0.0007 231000
1681630304092 0.0007 231500
1681630304770 0.0007 232000
1681630305294 0.0007 232500
1681630305709 0.0007 233000
1681630306133 0.0007 233500
1681630306371 0.0007 234000
1681630306699 0.0007 234500
1681630307474 0.0007 235000
1681630307866 0.0007 235500
1681630308491 0.0007 236000
1681630308884 0.0007 236500
1681630309709 0.0007 237000
1681630310167 0.0007 237500
1681630310621 0.0007 238000
1681630311325 0.0007 238500
1681630311562 0.0007 239000
1681630311966 0.0007 239500
1681630312492 0.0007 240000
1681630312809 0.0007 240500
1681630313459 0.0007 241000
1681630314169 0.0007 241500
1681630314841 0.0007 242000
1681630315547 0.0007 242500
1681630316198 0.0007 243000
1681630316983 0.0007 243500
1681630317324 0.0007 244000
1681630318062 0.0007 244500
1681630318770 0.0007 245000
1681630319285 0.0007 245500
1681630319693 0.0007 246000
1681630320651 0.0007 246500
1681630321507 0.0007 247000
1681630322432 0.0007 247500
1681630323120 0.0007 248000
1681630324020 0.0007 248500
1681630324781 0.0007 249000
1681630325597 0.0007 249500
1681630326217 0.0007 250000
1681630327108 0.0007 250500
1681630327609 0.0007 251000
1681630328094 0.0007 251500
1681630328452 0.0007 252000
1681630329207 0.0007 252500
1681630329649 0.0007 253000
1681630330131 0.0007 253500
1681630330580 0.0007 254000
1681630330949 0.0007 254500
1681630331476 0.0007 255000
1681630331743 0.0007 255500
1681630332003 0.0007 256000
1681630332595 0.0007 256500
1681630332958 0.0007 257000
1681630333902 0.0007 257500
1681630334138 0.0007 258000
1681630334538 0.0007 258500
1681630335217 0.0007 259000
1681630335467 0.0007 259500
1681630336183 0.0007 260000
1681630337305 0.0007 260500
1681630337986 0.0007 261000
1681630338308 0.0007 261500
1681630338746 0.0007 262000
1681630339444 0.0007 262500
1681630339794 0.0007 263000
1681630340724 0.0007 263500
1681630341174 0.0007 264000
1681630342103 0.0007 264500
1681630342536 0.0007 265000
1681630343288 0.0007 265500
1681630343569 0.0007 266000
1681630344262 0.0007 266500
1681630344829 0.0007 267000
1681630345256 0.0007 267500
1681630345726 0.0007 268000
1681630346295 0.0007 268500
1681630346835 0.0007 269000
1681630347537 0.0007 269500
1681630348183 0.0007 270000
1681630348716 0.0007 270500
1681630349231 0.0007 271000
1681630349827 0.0007 271500
1681630350376 0.0007 272000
1681630350766 0.0007 272500
1681630351550 0.0007 273000
1681630351994 0.0007 273500
1681630352881 0.0007 274000
1681630353190 0.0007 274500
1681630353710 0.0007 275000
1681630354039 0.0007 275500
1681630354424 0.0007 276000
1681630355031 0.0007 276500
1681630355320 0.0007 277000
1681630355824 0.0007 277500
1681630356079 0.0007 278000
1681630356530 0.0007 278500
1681630357027 0.0007 279000
1681630357440 0.0007 279500
1681630358041 0.0007 280000
1681630358655 0.0007 280500
1681630358942 0.0007 281000
1681630359400 0.0007 281500
1681630359904 0.0007 282000
1681630360565 0.0007 282500
1681630360989 0.0007 283000
1681630361788 0.0007 283500
1681630362173 0.0007 284000
1681630362557 0.0007 284500
1681630362846 0.0007 285000
1681630363442 0.0007 285500
1681630363795 0.0007 286000
1681630364533 0.0007 286500
1681630364986 0.0007 287000
1681630365865 0.0007 287500
1681630366208 0.0007 288000
1681630367126 0.0007 288500
1681630367497 0.0007 289000
1681630367895 0.0007 289500
1681630368886 0.0007 290000
1681630369405 0.0007 290500
1681630370204 0.0007 291000
1681630370647 0.0007 291500
1681630371219 0.0007 292000
1681630371538 0.0007 292500
1681630371875 0.0007 293000
1681630372496 0.0007 293500
1681630372919 0.0007 294000
1681630373806 0.0007 294500
1681630374208 0.0007 295000
1681630374647 0.0007 295500
1681630375005 0.0007 296000
1681630375557 0.0007 296500
1681630375921 0.0007 297000
1681630376660 0.0007 297500
1681630377047 0.0007 298000
1681630377754 0.0007 298500
1681630378135 0.0007 299000
1681630378523 0.0007 299500
1681630378981 0.0007 300000
1681630379369 0.0007 300500
1681630379754 0.0007 301000
1681630380230 0.0007 301500
1681630380910 0.0007 302000
1681630381528 0.0007 302500
1681630382203 0.0007 303000
1681630382808 0.0007 303500
1681630383534 0.0007 304000
1681630384162 0.0007 304500
1681630384834 0.0007 305000
1681630385198 0.0007 305500
1681630385749 0.0007 306000
1681630386178 0.0007 306500
1681630386529 0.0007 307000
1681630386914 0.0007 307500
1681630387886 0.0007 308000
1681630388378 0.0007 308500
1681630388841 0.0007 309000
1681630389383 0.0007 309500
1681630389814 0.0007 310000
1681630390349 0.0007 310500
1681630390694 0.0007 311000
1681630391372 0.0007 311500
1681630391723 0.0007 312000
1681630392303 0.0007 312500
1681630392654 0.0007 313000
1681630393370 0.0007 313500
1681630393793 0.0007 314000
1681630394556 0.0007 314500
1681630394924 0.0007 315000
1681630395734 0.0007 315500
1681630396103 0.0007 316000
1681630397004 0.0007 316500
1681630397309 0.0007 317000
1681630397639 0.0007 317500
1681630398093 0.0007 318000
1681630398595 0.0007 318500
1681630399226 0.0007 319000
1681630399776 0.0007 319500
1681630400131 0.0007 320000
1681630401049 0.0007 320500
1681630401398 0.0007 321000
1681630401832 0.0007 321500
1681630402358 0.0007 322000
1681630402775 0.0007 322500
1681630403252 0.0007 323000
1681630403632 0.0007 323500
1681630404588 0.0007 324000
1681630405402 0.0007 324500
1681630406206 0.0007 325000
1681630406928 0.0007 325500
1681630407498 0.0007 326000
1681630407806 0.0007 326500
1681630408170 0.0007 327000
1681630408898 0.0007 327500
1681630409443 0.0007 328000
1681630409897 0.0007 328500
1681630410164 0.0007 329000
1681630411330 0.0007 329500
1681630412086 0.0007 330000
1681630412456 0.0007 330500
1681630413133 0.0007 331000
1681630413595 0.0007 331500
1681630414090 0.0007 332000
1681630414845 0.0007 332500
1681630415331 0.0007 333000
1681630416187 0.0007 333500
1681630416863 0.0007 334000
1681630417916 0.0007 334500
1681630418281 0.0007 335000
1681630418680 0.0007 335500
1681630419179 0.0007 336000
1681630419620 0.0007 336500
1681630419921 0.0007 337000
1681630420253 0.0007 337500
1681630420743 0.0007 338000
1681630421125 0.0007 338500
1681630421950 0.0007 339000
1681630422499 0.0007 339500
1681630423058 0.0007 340000
1681630423553 0.0007 340500
1681630423867 0.0007 341000
1681630424360 0.0007 341500
1681630424754 0.0007 342000
1681630425342 0.0007 342500
1681630425730 0.0007 343000
1681630426115 0.0007 343500
1681630426664 0.0007 344000
1681630427223 0.0007 344500
1681630427988 0.0007 345000
1681630428936 0.0007 345500
1681630429372 0.0007 346000
1681630429894 0.0007 346500
1681630430230 0.0007 347000
1681630430812 0.0007 347500
1681630431064 0.0007 348000
1681630431573 0.0007 348500
1681630431998 0.0007 349000
1681630432630 0.0007 349500
1681630433100 0.0007 350000
1681630433655 0.0007 350500
1681630434119 0.0007 351000
1681630434672 0.0007 351500
1681630435097 0.0007 352000
1681630435950 0.0007 352500
1681630436433 0.0007 353000
1681630437521 0.0007 353500
1681630437994 0.0007 354000
1681630438403 0.0007 354500
1681630438886 0.0007 355000
1681630439361 0.0007 355500
1681630439691 0.0007 356000
1681630440229 0.0007 356500
1681630440679 0.0007 357000
1681630441804 0.0007 357500
1681630442280 0.0007 358000
1681630442664 0.0007 358500
1681630443178 0.0007 359000
1681630443610 0.0007 359500
1681630443958 0.0007 360000
1681630444821 0.0007 360500
1681630445176 0.0007 361000
1681630445867 0.0007 361500
1681630446279 0.0007 362000
1681630446679 0.0007 362500
1681630446997 0.0007 363000
1681630447706 0.0007 363500
1681630448148 0.0007 364000
1681630448622 0.0007 364500
1681630448982 0.0007 365000
1681630449464 0.0007 365500
1681630450343 0.0007 366000
1681630450737 0.0007 366500
1681630451290 0.0007 367000
1681630451592 0.0007 367500
1681630451999 0.0007 368000
1681630452248 0.0007 368500
1681630452621 0.0007 369000
1681630453016 0.0007 369500
1681630453298 0.0007 370000
1681630453673 0.0007 370500
1681630454169 0.0007 371000
1681630454782 0.0007 371500
1681630455194 0.0007 372000
1681630455600 0.0007 372500
1681630455911 0.0007 373000
1681630456446 0.0007 373500
1681630457108 0.0007 374000
1681630457626 0.0007 374500
1681630457938 0.0007 375000
1681630458265 0.0007 375500
1681630458566 0.0007 376000
1681630459412 0.0007 376500
1681630459793 0.0007 377000
1681630460080 0.0007 377500
1681630460658 0.0007 378000
1681630461296 0.0007 378500
1681630461907 0.0007 379000
1681630462389 0.0007 379500
1681630463014 0.0007 380000
1681630463797 0.0007 380500
1681630464338 0.0007 381000
1681630464851 0.0007 381500
1681630465215 0.0007 382000
1681630465598 0.0007 382500
1681630466064 0.0007 383000
1681630466973 0.0007 383500
1681630467507 0.0007 384000
1681630467874 0.0007 384500
1681630468348 0.0007 385000
1681630468827 0.0007 385500
1681630469698 0.0007 386000
1681630470188 0.0007 386500
1681630471149 0.0007 387000
1681630471617 0.0007 387500
1681630472130 0.0007 388000
1681630472512 0.0007 388500
1681630473148 0.0007 389000
1681630473553 0.0007 389500
1681630473966 0.0007 390000
1681630474760 0.0007 390500
1681630475268 0.0007 391000
1681630476270 0.0007 391500
1681630476661 0.0007 392000
1681630477089 0.0007 392500
1681630477643 0.0007 393000
1681630478352 0.0007 393500
1681630478750 0.0007 394000
1681630479152 0.0007 394500
1681630479447 0.0007 395000
1681630480038 0.0007 395500
1681630480449 0.0007 396000
1681630480713 0.0007 396500
1681630481266 0.0007 397000
1681630481756 0.0007 397500
1681630482252 0.0007 398000
1681630482700 0.0007 398500
1681630483446 0.0007 399000
1681630483747 0.0007 399500
1681630484448 0.0007 400000
1681630485238 0.0007 400500
1681630485532 0.0007 401000
1681630485985 0.0007 401500
1681630486889 0.0007 402000
1681630487260 0.0007 402500
1681630487756 0.0007 403000
1681630488140 0.0007 403500
1681630488712 0.0007 404000
1681630489520 0.0007 404500
1681630489876 0.0007 405000
1681630490515 0.0007 405500
1681630491511 0.0007 406000
1681630491977 0.0007 406500
1681630492511 0.0007 407000
1681630492931 0.0007 407500
1681630493411 0.0007 408000
1681630493779 0.0007 408500
1681630494174 0.0007 409000
1681630494618 0.0007 409500
1681630494873 0.0007 410000
1681630495338 0.0007 410500
1681630496303 0.0007 411000
1681630496951 0.0007 411500
1681630497877 0.0007 412000
1681630498475 0.0007 412500
1681630498975 0.0007 413000
1681630499338 0.0007 413500
1681630499633 0.0007 414000
1681630500040 0.0007 414500
1681630500538 0.0007 415000
1681630501156 0.0007 415500
1681630501628 0.0007 416000
1681630501975 0.0007 416500
1681630502378 0.0007 417000
1681630502995 0.0007 417500
1681630503269 0.0007 418000
1681630503547 0.0007 418500
1681630504011 0.0007 419000
1681630504366 0.0007 419500
1681630504837 0.0007 420000
1681630505972 0.0007 420500
1681630506537 0.0007 421000
1681630507445 0.0007 421500
1681630507947 0.0007 422000
1681630508346 0.0007 422500
1681630508769 0.0007 423000
1681630509175 0.0007 423500
1681630509787 0.0007 424000
1681630510679 0.0007 424500
1681630511137 0.0007 425000
1681630511625 0.0007 425500
1681630512008 0.0007 426000
1681630512775 0.0007 426500
1681630513201 0.0007 427000
1681630513583 0.0007 427500
1681630514136 0.0007 428000
1681630514531 0.0007 428500
1681630514895 0.0007 429000
1681630515443 0.0007 429500
1681630515826 0.0007 430000
1681630516115 0.0007 430500
1681630516476 0.0007 431000
1681630516768 0.0007 431500
1681630517139 0.0007 432000
1681630517606 0.0007 432500
1681630518308 0.0007 433000
1681630518627 0.0007 433500
1681630519301 0.0007 434000
1681630519606 0.0007 434500
1681630519995 0.0007 435000
1681630520211 0.0007 435500
1681630520584 0.0007 436000
1681630520978 0.0007 436500
1681630521392 0.0007 437000
1681630521974 0.0007 437500
1681630522825 0.0007 438000
1681630523336 0.0007 438500
1681630524061 0.0007 439000
1681630524503 0.0007 439500
1681630524934 0.0007 440000
1681630525917 0.0007 440500
1681630526212 0.0007 441000
1681630526791 0.0007 441500
1681630527265 0.0007 442000
1681630528429 0.0007 442500
1681630529031 0.0007 443000
1681630529724 0.0007 443500
1681630530186 0.0007 444000
1681630530564 0.0007 444500
1681630531156 0.0007 445000
1681630531488 0.0007 445500
1681630531838 0.0007 446000
1681630532137 0.0007 446500
1681630532548 0.0007 447000
1681630533279 0.0007 447500
1681630533591 0.0007 448000
1681630534104 0.0007 448500
1681630534872 0.0007 449000
1681630535164 0.0007 449500
1681630536206 0.0007 450000
1681630536836 0.0007 450500
1681630537447 0.0007 451000
1681630537786 0.0007 451500
1681630538188 0.0007 452000
1681630538606 0.0007 452500
1681630539075 0.0007 453000
1681630539403 0.0007 453500
1681630539903 0.0007 454000
1681630540502 0.0007 454500
1681630540831 0.0007 455000
1681630541252 0.0007 455500
1681630541666 0.0007 456000
1681630541991 0.0007 456500
1681630542244 0.0007 457000
1681630542764 0.0007 457500
1681630543104 0.0007 458000
1681630543516 0.0007 458500
1681630543783 0.0007 459000
1681630544336 0.0007 459500
1681630544801 0.0007 460000
1681630545565 0.0007 460500
1681630545973 0.0007 461000
1681630546940 0.0007 461500
1681630547243 0.0007 462000
1681630547743 0.0007 462500
1681630548011 0.0007 463000
1681630548505 0.0007 463500
1681630548771 0.0007 464000
1681630549049 0.0007 464500
1681630549416 0.0007 465000
1681630549858 0.0007 465500
1681630550482 0.0007 466000
1681630550725 0.0007 466500
1681630551293 0.0007 467000
1681630551898 0.0007 467500
1681630552338 0.0007 468000
1681630552806 0.0007 468500
1681630553430 0.0007 469000
1681630554270 0.0007 469500
1681630554706 0.0007 470000
1681630555238 0.0007 470500
1681630555743 0.0007 471000
1681630556100 0.0007 471500
1681630556733 0.0007 472000
1681630557122 0.0007 472500
1681630557558 0.0007 473000
1681630558330 0.0007 473500
1681630558937 0.0007 474000
1681630559511 0.0007 474500
1681630559784 0.0007 475000
1681630560551 0.0007 475500
1681630560970 0.0007 476000
1681630561482 0.0007 476500
1681630561925 0.0007 477000
1681630562465 0.0007 477500
1681630562869 0.0007 478000
1681630563288 0.0007 478500
1681630563717 0.0007 479000
1681630564545 0.0007 479500
1681630564848 0.0007 480000
1681630565450 0.0007 480500
1681630565814 0.0007 481000
1681630566079 0.0007 481500
1681630566338 0.0007 482000
1681630566655 0.0007 482500
1681630567085 0.0007 483000
1681630567455 0.0007 483500
1681630567884 0.0007 484000
1681630568149 0.0007 484500
1681630568665 0.0007 485000
1681630569078 0.0007 485500
1681630569416 0.0007 486000
1681630569670 0.0007 486500
1681630569995 0.0007 487000
1681630570592 0.0007 487500
1681630571139 0.0007 488000
1681630571429 0.0007 488500
1681630571723 0.0007 489000
1681630572027 0.0007 489500
1681630572336 0.0007 490000
1681630572729 0.0007 490500
1681630573159 0.0007 491000
1681630573387 0.0007 491500
1681630573596 0.0007 492000
1681630574358 0.0007 492500
1681630574834 0.0007 493000
1681630575114 0.0007 493500
1681630575412 0.0007 494000
1681630575709 0.0007 494500
1681630576295 0.0007 495000
1681630576559 0.0007 495500
1681630576991 0.0007 496000
1681630577456 0.0007 496500
1681630577767 0.0007 497000
1681630578004 0.0007 497500
1681630578533 0.0007 498000
1681630578835 0.0007 498500
1681630579180 0.0007 499000
1681630579539 0.0007 499500
1681630579847 0.0007 500000
1681630580204 0.0007 500500
1681630580777 0.0007 501000
1681630581030 0.0007 501500
1681630581321 0.0007 502000
1681630581707 0.0007 502500
1681630581953 0.0007 503000
1681630582212 0.0007 503500
1681630582671 0.0007 504000
1681630583285 0.0007 504500
1681630583599 0.0007 505000
1681630584007 0.0007 505500
1681630584371 0.0007 506000
1681630584871 0.0007 506500
1681630585326 0.0007 507000
1681630585943 0.0007 507500
1681630586363 0.0007 508000
1681630587004 0.0007 508500
1681630587336 0.0007 509000
1681630587585 0.0007 509500
1681630587889 0.0007 510000
1681630588187 0.0007 510500
1681630588643 0.0007 511000
1681630589274 0.0007 511500
1681630589662 0.0007 512000
1681630589907 0.0007 512500
1681630590150 0.0007 513000
1681630590450 0.0007 513500
1681630590734 0.0007 514000
1681630591128 0.0007 514500
1681630591360 0.0007 515000
1681630591675 0.0007 515500
1681630592067 0.0007 516000
1681630592605 0.0007 516500
1681630592869 0.0007 517000
1681630593436 0.0007 517500
1681630593994 0.0007 518000
1681630594823 0.0007 518500
1681630595325 0.0007 519000
1681630595767 0.0007 519500
1681630596283 0.0007 520000
1681630596655 0.0007 520500
1681630597059 0.0007 521000
1681630597602 0.0007 521500
1681630597951 0.0007 522000
1681630598540 0.0007 522500
1681630598838 0.0007 523000
1681630599298 0.0007 523500
1681630599820 0.0007 524000
1681630600154 0.0007 524500
1681630600904 0.0007 525000
1681630601630 0.0007 525500
1681630601992 0.0007 526000
1681630602324 0.0007 526500
1681630602861 0.0007 527000
1681630603088 0.0007 527500
1681630603532 0.0007 528000
1681630603819 0.0007 528500
1681630604113 0.0007 529000
1681630604470 0.0007 529500
1681630605127 0.0007 530000
1681630605464 0.0007 530500
1681630606053 0.0007 531000
1681630606390 0.0007 531500
1681630606715 0.0007 532000
1681630607033 0.0007 532500
1681630607307 0.0007 533000
1681630607691 0.0007 533500
1681630608062 0.0007 534000
1681630608725 0.0007 534500
1681630609139 0.0007 535000
1681630609494 0.0007 535500
1681630610354 0.0007 536000
1681630610819 0.0007 536500
1681630611067 0.0007 537000
1681630611379 0.0007 537500
1681630611799 0.0007 538000
1681630612225 0.0007 538500
1681630612681 0.0007 539000
1681630613104 0.0007 539500
1681630613554 0.0007 540000
1681630613776 0.0007 540500
1681630614274 0.0007 541000
1681630614767 0.0007 541500
1681630615387 0.0007 542000
1681630616027 0.0007 542500
1681630616702 0.0007 543000
1681630617279 0.0007 543500
1681630617707 0.0007 544000
1681630617966 0.0007 544500
1681630618432 0.0007 545000
1681630618811 0.0007 545500
1681630619120 0.0007 546000
1681630619752 0.0007 546500
1681630620161 0.0007 547000
1681630620667 0.0007 547500
1681630621060 0.0007 548000
1681630621526 0.0007 548500
1681630621948 0.0007 549000
1681630622339 0.0007 549500
1681630623207 0.0007 550000
1681630623489 0.0007 550500
1681630624167 0.0007 551000
1681630624652 0.0007 551500
1681630624982 0.0007 552000
1681630625596 0.0007 552500
1681630626256 0.0007 553000
1681630626478 0.0007 553500
1681630626795 0.0007 554000
1681630627045 0.0007 554500
1681630627791 0.0007 555000
1681630628528 0.0007 555500
1681630629026 0.0007 556000
1681630629299 0.0007 556500
1681630629550 0.0007 557000
1681630630122 0.0007 557500
1681630630400 0.0007 558000
1681630630786 0.0007 558500
1681630631400 0.0007 559000
1681630631974 0.0007 559500
1681630632223 0.0007 560000
1681630632482 0.0007 560500
1681630632750 0.0007 561000
1681630633183 0.0007 561500
1681630633930 0.0007 562000
1681630634290 0.0007 562500
1681630634979 0.0007 563000
1681630635420 0.0007 563500
1681630636066 0.0007 564000
1681630636542 0.0007 564500
1681630637483 0.0007 565000
1681630637892 0.0007 565500
1681630638450 0.0007 566000
1681630638810 0.0007 566500
1681630639384 0.0007 567000
1681630639747 0.0007 567500
1681630640460 0.0007 568000
1681630640892 0.0007 568500
1681630641332 0.0007 569000
1681630641751 0.0007 569500
1681630642198 0.0007 570000
1681630642748 0.0007 570500
1681630643271 0.0007 571000
1681630643954 0.0007 571500
1681630644589 0.0007 572000
1681630645086 0.0007 572500
1681630645558 0.0007 573000
1681630646009 0.0007 573500
1681630646632 0.0007 574000
1681630647005 0.0007 574500
1681630647343 0.0007 575000
1681630647832 0.0007 575500
1681630648314 0.0007 576000
1681630648948 0.0007 576500
1681630649366 0.0007 577000
1681630649865 0.0007 577500
1681630650224 0.0007 578000
1681630650731 0.0007 578500
1681630651195 0.0007 579000
1681630651979 0.0007 579500
1681630652361 0.0007 580000
1681630652761 0.0007 580500
1681630653315 0.0007 581000
1681630653950 0.0007 581500
1681630654672 0.0007 582000
1681630654970 0.0007 582500
1681630655336 0.0007 583000
1681630655600 0.0007 583500
1681630656286 0.0007 584000
1681630656828 0.0007 584500
1681630657124 0.0007 585000
1681630657672 0.0007 585500
1681630658074 0.0007 586000
1681630658526 0.0007 586500
1681630658897 0.0007 587000
1681630659455 0.0007 587500
1681630659932 0.0007 588000
1681630660552 0.0007 588500
1681630661038 0.0007 589000
1681630661458 0.0007 589500
1681630661930 0.0007 590000
1681630662368 0.0007 590500
1681630662898 0.0007 591000
1681630663386 0.0007 591500
1681630663756 0.0007 592000
1681630664420 0.0007 592500
1681630664887 0.0007 593000
1681630665905 0.0007 593500
1681630666159 0.0007 594000
1681630666563 0.0007 594500
1681630667154 0.0007 595000
1681630667581 0.0007 595500
1681630667886 0.0007 596000
1681630668392 0.0007 596500
1681630668847 0.0007 597000
1681630669666 0.0007 597500
1681630670107 0.0007 598000
1681630670520 0.0007 598500
1681630670828 0.0007 599000
1681630671416 0.0007 599500
1681630672029 0.0007 600000
1681630672696 0.0007 600500
1681630673370 0.0007 601000
1681630673747 0.0007 601500
1681630674040 0.0007 602000
1681630674725 0.0007 602500
1681630675206 0.0007 603000
1681630675963 0.0007 603500
1681630676560 0.0007 604000
1681630677232 0.0007 604500
1681630677739 0.0007 605000
1681630678224 0.0007 605500
1681630678616 0.0007 606000
1681630679260 0.0007 606500
1681630679729 0.0007 607000
1681630680146 0.0007 607500
1681630680428 0.0007 608000
1681630680672 0.0007 608500
1681630681012 0.0007 609000
1681630681262 0.0007 609500
1681630681598 0.0007 610000
1681630681996 0.0007 610500
1681630682347 0.0007 611000
1681630682625 0.0007 611500
1681630682918 0.0007 612000
1681630683208 0.0007 612500
1681630683483 0.0007 613000
1681630683726 0.0007 613500
1681630684094 0.0007 614000
1681630684405 0.0007 614500
1681630684670 0.0007 615000
1681630685304 0.0007 615500
1681630685536 0.0007 616000
1681630685787 0.0007 616500
1681630686072 0.0007 617000
1681630686448 0.0007 617500
1681630686739 0.0007 618000
1681630687039 0.0007 618500
1681630687343 0.0007 619000
1681630687604 0.0007 619500
1681630687830 0.0007 620000
1681630688101 0.0007 620500
1681630688317 0.0007 621000
1681630688559 0.0007 621500
1681630688916 0.0007 622000
1681630689169 0.0007 622500
1681630689553 0.0007 623000
1681630689867 0.0007 623500
1681630690136 0.0007 624000
1681630690379 0.0007 624500
1681630690663 0.0007 625000
1681630691040 0.0007 625500
1681630691395 0.0007 626000
1681630691650 0.0007 626500
1681630691952 0.0007 627000
1681630692252 0.0007 627500
1681630692591 0.0007 628000
1681630692918 0.0007 628500
1681630693263 0.0007 629000
1681630693511 0.0007 629500
1681630693887 0.0007 630000
1681630694383 0.0007 630500
1681630694643 0.0007 631000
1681630694965 0.0007 631500
1681630695255 0.0007 632000
1681630695562 0.0007 632500
1681630695920 0.0007 633000
1681630696675 0.0007 633500
1681630696909 0.0007 634000
1681630697153 0.0007 634500
1681630697595 0.0007 635000
1681630698592 0.0007 635500
1681630698852 0.0007 636000
1681630699429 0.0007 636500
1681630699680 0.0007 637000
1681630700031 0.0007 637500
1681630700399 0.0007 638000
1681630700649 0.0007 638500
1681630700969 0.0007 639000
1681630701585 0.0007 639500
1681630701816 0.0007 640000
1681630702152 0.0007 640500
1681630702570 0.0007 641000
1681630703000 0.0007 641500
1681630703337 0.0007 642000
1681630703637 0.0007 642500
1681630704076 0.0007 643000
1681630704644 0.0007 643500
1681630705343 0.0007 644000
1681630705736 0.0007 644500
1681630706508 0.0007 645000
1681630706818 0.0007 645500
1681630707153 0.0007 646000
1681630707775 0.0007 646500
1681630708258 0.0007 647000
1681630708754 0.0007 647500
1681630709298 0.0007 648000
1681630709722 0.0007 648500
1681630709986 0.0007 649000
1681630710500 0.0007 649500
1681630710981 0.0007 650000
1681630711324 0.0007 650500
1681630711650 0.0007 651000
1681630711937 0.0007 651500
1681630712354 0.0007 652000
1681630712766 0.0007 652500
1681630713200 0.0007 653000
1681630713860 0.0007 653500
1681630714227 0.0007 654000
1681630714642 0.0007 654500
1681630715070 0.0007 655000
1681630715513 0.0007 655500
1681630716125 0.0007 656000
1681630716408 0.0007 656500
1681630716934 0.0007 657000
1681630717807 0.0007 657500
1681630718201 0.0007 658000
1681630718714 0.0007 658500
1681630719149 0.0007 659000
1681630719479 0.0007 659500
1681630720283 0.0007 660000
1681630720851 0.0007 660500
1681630721213 0.0007 661000
1681630721952 0.0007 661500
1681630722322 0.0007 662000
1681630722947 0.0007 662500
1681630723275 0.0007 663000
1681630723591 0.0007 663500
1681630724003 0.0007 664000
1681630724629 0.0007 664500
1681630724856 0.0007 665000
1681630725131 0.0007 665500
1681630725389 0.0007 666000
1681630725929 0.0007 666500
1681630726193 0.0007 667000
1681630726463 0.0007 667500
1681630726791 0.0007 668000
1681630727098 0.0007 668500
1681630727464 0.0007 669000
1681630727875 0.0007 669500
1681630728118 0.0007 670000
1681630728359 0.0007 670500
1681630728705 0.0007 671000
1681630729034 0.0007 671500
1681630729368 0.0007 672000
1681630729569 0.0007 672500
1681630729802 0.0007 673000
1681630730082 0.0007 673500
1681630730576 0.0007 674000
1681630730792 0.0007 674500
1681630731046 0.0007 675000
1681630731322 0.0007 675500
1681630731628 0.0007 676000
1681630731881 0.0007 676500
1681630732232 0.0007 677000
1681630732504 0.0007 677500
1681630732776 0.0007 678000
1681630733059 0.0007 678500
1681630733330 0.0007 679000
1681630733652 0.0007 679500
1681630733941 0.0007 680000
1681630734227 0.0007 680500
1681630734538 0.0007 681000
1681630734909 0.0007 681500
1681630735752 0.0007 682000
1681630736106 0.0007 682500
1681630736475 0.0007 683000
1681630736893 0.0007 683500
1681630737411 0.0007 684000
1681630737640 0.0007 684500
1681630737921 0.0007 685000
1681630738662 0.0007 685500
1681630739460 0.0007 686000
1681630739682 0.0007 686500
1681630739984 0.0007 687000
1681630740196 0.0007 687500
1681630740532 0.0007 688000
1681630740727 0.0007 688500
1681630740935 0.0007 689000
1681630741397 0.0007 689500
1681630741671 0.0007 690000
1681630742203 0.0007 690500
1681630742580 0.0007 691000
1681630743151 0.0007 691500
1681630743548 0.0007 692000
1681630743819 0.0007 692500
1681630744384 0.0007 693000
1681630744947 0.0007 693500
1681630745197 0.0007 694000
1681630745554 0.0007 694500
1681630746431 0.0007 695000
1681630746753 0.0007 695500
1681630747167 0.0007 696000
1681630747626 0.0007 696500
1681630748027 0.0007 697000
1681630748306 0.0007 697500
1681630748601 0.0007 698000
1681630749016 0.0007 698500
1681630749414 0.0007 699000
1681630750146 0.0007 699500
1681630750526 0.0007 700000
1681630751109 0.0007 700500
1681630751380 0.0007 701000
1681630751772 0.0007 701500
1681630752327 0.0007 702000
1681630752647 0.0007 702500
1681630753239 0.0007 703000
1681630753798 0.0007 703500
1681630754064 0.0007 704000
1681630754562 0.0007 704500
1681630755016 0.0007 705000
1681630755836 0.0007 705500
1681630756212 0.0007 706000
1681630757113 0.0007 706500
1681630757432 0.0007 707000
1681630758107 0.0007 707500
1681630758513 0.0007 708000
1681630759079 0.0007 708500
1681630759553 0.0007 709000
1681630759862 0.0007 709500
1681630760308 0.0007 710000
1681630760874 0.0007 710500
1681630761297 0.0007 711000
1681630761823 0.0007 711500
1681630762244 0.0007 712000
1681630762639 0.0007 712500
1681630763066 0.0007 713000
1681630763335 0.0007 713500
1681630763692 0.0007 714000
1681630764057 0.0007 714500
1681630764382 0.0007 715000
1681630764909 0.0007 715500
1681630765476 0.0007 716000
1681630765758 0.0007 716500
1681630766160 0.0007 717000
1681630766800 0.0007 717500
1681630767308 0.0007 718000
1681630767666 0.0007 718500
1681630768191 0.0007 719000
1681630768835 0.0007 719500
1681630769279 0.0007 720000
1681630769935 0.0007 720500
1681630770231 0.0007 721000
1681630770554 0.0007 721500
1681630770988 0.0007 722000
1681630771410 0.0007 722500
1681630771884 0.0007 723000
1681630772226 0.0007 723500
1681630772620 0.0007 724000
1681630773100 0.0007 724500
1681630773404 0.0007 725000
1681630773911 0.0007 725500
1681630774310 0.0007 726000
1681630775056 0.0007 726500
1681630775470 0.0007 727000
1681630775883 0.0007 727500
1681630776418 0.0007 728000
1681630776741 0.0007 728500
1681630777212 0.0007 729000
1681630777494 0.0007 729500
1681630778010 0.0007 730000
1681630778401 0.0007 730500
1681630779126 0.0007 731000
1681630779677 0.0007 731500
1681630780528 0.0007 732000
1681630781040 0.0007 732500
1681630781370 0.0007 733000
1681630781964 0.0007 733500
1681630782342 0.0007 734000
1681630782718 0.0007 734500
1681630783199 0.0007 735000
1681630783556 0.0007 735500
1681630784434 0.0007 736000
1681630784904 0.0007 736500
1681630785469 0.0007 737000
1681630785711 0.0007 737500
1681630786129 0.0007 738000
1681630786427 0.0007 738500
1681630786799 0.0007 739000
1681630787810 0.0007 739500
1681630788090 0.0007 740000
1681630788436 0.0007 740500
1681630788663 0.0007 741000
1681630789043 0.0007 741500
1681630789389 0.0007 742000
1681630790007 0.0007 742500
1681630790301 0.0007 743000
1681630790606 0.0007 743500
1681630790894 0.0007 744000
1681630791283 0.0007 744500
1681630791811 0.0007 745000
1681630792185 0.0007 745500
1681630792611 0.0007 746000
1681630792965 0.0007 746500
1681630793242 0.0007 747000
1681630793993 0.0007 747500
1681630794542 0.0007 748000
1681630794789 0.0007 748500
1681630795069 0.0007 749000
1681630795632 0.0007 749500
1681630796120 0.0007 750000
1681630796473 0.0007 750500
1681630796868 0.0007 751000
1681630797213 0.0007 751500
1681630797794 0.0007 752000
1681630798297 0.0007 752500
1681630798815 0.0007 753000
1681630799161 0.0007 753500
1681630799522 0.0007 754000
1681630799980 0.0007 754500
1681630800344 0.0007 755000
1681630800625 0.0007 755500
1681630800909 0.0007 756000
1681630801273 0.0007 756500
1681630801574 0.0007 757000
1681630801988 0.0007 757500
1681630802224 0.0007 758000
1681630802750 0.0007 758500
1681630803195 0.0007 759000
1681630803887 0.0007 759500
1681630804268 0.0007 760000
1681630805118 0.0007 760500
1681630805441 0.0007 761000
1681630805849 0.0007 761500
1681630806456 0.0007 762000
1681630807194 0.0007 762500
1681630807795 0.0007 763000
1681630808333 0.0007 763500
1681630808633 0.0007 764000
1681630808986 0.0007 764500
1681630809818 0.0007 765000
1681630810179 0.0007 765500
1681630810712 0.0007 766000
1681630811065 0.0007 766500
1681630811412 0.0007 767000
1681630811913 0.0007 767500
1681630812319 0.0007 768000
1681630812841 0.0007 768500
1681630813207 0.0007 769000
1681630813718 0.0007 769500
1681630814179 0.0007 770000
1681630814949 0.0007 770500
1681630815453 0.0007 771000
1681630815973 0.0007 771500
1681630816444 0.0007 772000
1681630816969 0.0007 772500
1681630817304 0.0007 773000
1681630817617 0.0007 773500
1681630817961 0.0007 774000
1681630818333 0.0007 774500
1681630818651 0.0007 775000
1681630818947 0.0007 775500
1681630819270 0.0007 776000
1681630819517 0.0007 776500
1681630819956 0.0007 777000
1681630820317 0.0007 777500
1681630820793 0.0007 778000
1681630821268 0.0007 778500
1681630821495 0.0007 779000
1681630822025 0.0007 779500
1681630822427 0.0007 780000
1681630822686 0.0007 780500
1681630823346 0.0007 781000
1681630823765 0.0007 781500
1681630824013 0.0007 782000
1681630824319 0.0007 782500
1681630824756 0.0007 783000
1681630825035 0.0007 783500
1681630825329 0.0007 784000
1681630825599 0.0007 784500
1681630825910 0.0007 785000
1681630826231 0.0007 785500
1681630826734 0.0007 786000
1681630826993 0.0007 786500
1681630827564 0.0007 787000
1681630828017 0.0007 787500
1681630828281 0.0007 788000
1681630828568 0.0007 788500
1681630828890 0.0007 789000
1681630829180 0.0007 789500
1681630829411 0.0007 790000
1681630829648 0.0007 790500
1681630829913 0.0007 791000
1681630830157 0.0007 791500
1681630830432 0.0007 792000
1681630830688 0.0007 792500
1681630830979 0.0007 793000
1681630831400 0.0007 793500
1681630831727 0.0007 794000
1681630832092 0.0007 794500
1681630832384 0.0007 795000
1681630832796 0.0007 795500
1681630833138 0.0007 796000
1681630833885 0.0007 796500
1681630834498 0.0007 797000
1681630834760 0.0007 797500
1681630835146 0.0007 798000
1681630835473 0.0007 798500
1681630835718 0.0007 799000
1681630836131 0.0007 799500
1681630836530 0.0007 800000
1681630836851 0.0007 800500
1681630837295 0.0007 801000
1681630837952 0.0007 801500
1681630838284 0.0007 802000
1681630838761 0.0007 802500
1681630839175 0.0007 803000
1681630839871 0.0007 803500
1681630840385 0.0007 804000
1681630840906 0.0007 804500
1681630841341 0.0007 805000
1681630841921 0.0007 805500
1681630842352 0.0007 806000
1681630843029 0.0007 806500
1681630843549 0.0007 807000
1681630843872 0.0007 807500
1681630844313 0.0007 808000
1681630844576 0.0007 808500
1681630845141 0.0007 809000
1681630845688 0.0007 809500
1681630846163 0.0007 810000
1681630846569 0.0007 810500
1681630846824 0.0007 811000
1681630847067 0.0007 811500
1681630847308 0.0007 812000
1681630847977 0.0007 812500
1681630848318 0.0007 813000
1681630848703 0.0007 813500
1681630849274 0.0007 814000
1681630849814 0.0007 814500
1681630850657 0.0007 815000
1681630851077 0.0007 815500
1681630851553 0.0007 816000
1681630851920 0.0007 816500
1681630852384 0.0007 817000
1681630852787 0.0007 817500
1681630853294 0.0007 818000
1681630853769 0.0007 818500
1681630854383 0.0007 819000
1681630855031 0.0007 819500
1681630855825 0.0007 820000
1681630856096 0.0007 820500
1681630856692 0.0007 821000
1681630857060 0.0007 821500
1681630857501 0.0007 822000
1681630857807 0.0007 822500
1681630858247 0.0007 823000
1681630858589 0.0007 823500
1681630859496 0.0007 824000
1681630859917 0.0007 824500
1681630860399 0.0007 825000
1681630861149 0.0007 825500
1681630861472 0.0007 826000
1681630861801 0.0007 826500
1681630862170 0.0007 827000
1681630862750 0.0007 827500
1681630863152 0.0007 828000
1681630863608 0.0007 828500
1681630864146 0.0007 829000
1681630864766 0.0007 829500
1681630865250 0.0007 830000
1681630865965 0.0007 830500
1681630866206 0.0007 831000
1681630866640 0.0007 831500
1681630867076 0.0007 832000
1681630867481 0.0007 832500
1681630868174 0.0007 833000
1681630868544 0.0007 833500
1681630868768 0.0007 834000
1681630869019 0.0007 834500
1681630869221 0.0007 835000
1681630869556 0.0007 835500
1681630869765 0.0007 836000
1681630869982 0.0007 836500
1681630870363 0.0007 837000
1681630870706 0.0007 837500
1681630871316 0.0007 838000
1681630871535 0.0007 838500
1681630871742 0.0007 839000
1681630872040 0.0007 839500
1681630872528 0.0007 840000
1681630872793 0.0007 840500
1681630873385 0.0007 841000
1681630873980 0.0007 841500
1681630874391 0.0007 842000
1681630874700 0.0007 842500
1681630875389 0.0007 843000
1681630875751 0.0007 843500
1681630876009 0.0007 844000
1681630876413 0.0007 844500
1681630876776 0.0007 845000
1681630877553 0.0007 845500
1681630877929 0.0007 846000
1681630878661 0.0007 846500
1681630878955 0.0007 847000
1681630879203 0.0007 847500
1681630879633 0.0007 848000
1681630880029 0.0007 848500
1681630880294 0.0007 849000
1681630880535 0.0007 849500
1681630880802 0.0007 850000
1681630881156 0.0007 850500
1681630881462 0.0007 851000
1681630881914 0.0007 851500
1681630882182 0.0007 852000
1681630882765 0.0007 852500
1681630883231 0.0007 853000
1681630883559 0.0007 853500
1681630883808 0.0007 854000
1681630884366 0.0007 854500
1681630885044 0.0007 855000
1681630885312 0.0007 855500
1681630885722 0.0007 856000
1681630886069 0.0007 856500
1681630886911 0.0007 857000
1681630887422 0.0007 857500
1681630887623 0.0007 858000
1681630888033 0.0007 858500
1681630888312 0.0007 859000
1681630888714 0.0007 859500
1681630889133 0.0007 860000
1681630889417 0.0007 860500
1681630889921 0.0007 861000
1681630890353 0.0007 861500
1681630890931 0.0007 862000
1681630891317 0.0007 862500
1681630892046 0.0007 863000
1681630892370 0.0007 863500
1681630892668 0.0007 864000
1681630893519 0.0007 864500
1681630893909 0.0007 865000
1681630894455 0.0007 865500
1681630894869 0.0007 866000
1681630895304 0.0007 866500
1681630895585 0.0007 867000
1681630896084 0.0007 867500
1681630896442 0.0007 868000
1681630897169 0.0007 868500
1681630897445 0.0007 869000
1681630897953 0.0007 869500
1681630898325 0.0007 870000
1681630898876 0.0007 870500
1681630899521 0.0007 871000
1681630900011 0.0007 871500
1681630900642 0.0007 872000
1681630901072 0.0007 872500
1681630901349 0.0007 873000
1681630901715 0.0007 873500
1681630902022 0.0007 874000
1681630902303 0.0007 874500
1681630902844 0.0007 875000
1681630903271 0.0007 875500
1681630903954 0.0007 876000
1681630904479 0.0007 876500
1681630904759 0.0007 877000
1681630905247 0.0007 877500
1681630905504 0.0007 878000
1681630905716 0.0007 878500
1681630906266 0.0007 879000
1681630906673 0.0007 879500
1681630907476 0.0007 880000
1681630907886 0.0007 880500
1681630908273 0.0007 881000
1681630908551 0.0007 881500
1681630908971 0.0007 882000
1681630909198 0.0007 882500
1681630909439 0.0007 883000
1681630909772 0.0007 883500
1681630910807 0.0007 884000
1681630911140 0.0007 884500
1681630911394 0.0007 885000
1681630911946 0.0007 885500
1681630912291 0.0007 886000
1681630912544 0.0007 886500
1681630912888 0.0007 887000
1681630913244 0.0007 887500
1681630913491 0.0007 888000
1681630913726 0.0007 888500
1681630913936 0.0007 889000
1681630914268 0.0007 889500
1681630914613 0.0007 890000
1681630914805 0.0007 890500
1681630915270 0.0007 891000
1681630915608 0.0007 891500
1681630915817 0.0007 892000
1681630916057 0.0007 892500
1681630916369 0.0007 893000
1681630916823 0.0007 893500
1681630917162 0.0007 894000
1681630917730 0.0007 894500
1681630918139 0.0007 895000
1681630918867 0.0007 895500
1681630919426 0.0007 896000
1681630919833 0.0007 896500
1681630920219 0.0007 897000
1681630920699 0.0007 897500
1681630921156 0.0007 898000
1681630921475 0.0007 898500
1681630921729 0.0007 899000
1681630922147 0.0007 899500
1681630922447 0.0007 900000
1681630923030 0.0007 900500
1681630923384 0.0007 901000
1681630924098 0.0007 901500
1681630924371 0.0007 902000
1681630924605 0.0007 902500
1681630925097 0.0007 903000
1681630925444 0.0007 903500
1681630925997 0.0007 904000
1681630926343 0.0007 904500
1681630926987 0.0007 905000
1681630927377 0.0007 905500
1681630928177 0.0007 906000
1681630928581 0.0007 906500
1681630929016 0.0007 907000
1681630929369 0.0007 907500
1681630929828 0.0007 908000
1681630930364 0.0007 908500
1681630930838 0.0007 909000
1681630931329 0.0007 909500
1681630931643 0.0007 910000
1681630932207 0.0007 910500
1681630932545 0.0007 911000
1681630933013 0.0007 911500
1681630933369 0.0007 912000
1681630934051 0.0007 912500
1681630934477 0.0007 913000
1681630935063 0.0007 913500
1681630935427 0.0007 914000
1681630936030 0.0007 914500
1681630936385 0.0007 915000
1681630936675 0.0007 915500
1681630937046 0.0007 916000
1681630937486 0.0007 916500
1681630937752 0.0007 917000
1681630938105 0.0007 917500
1681630938455 0.0007 918000
1681630938815 0.0007 918500
1681630939183 0.0007 919000
1681630939494 0.0007 919500
1681630939815 0.0007 920000
1681630940082 0.0007 920500
1681630940455 0.0007 921000
1681630940869 0.0007 921500
1681630941155 0.0007 922000
1681630941783 0.0007 922500
1681630942183 0.0007 923000
1681630942395 0.0007 923500
1681630942676 0.0007 924000
1681630943001 0.0007 924500
1681630943435 0.0007 925000
1681630943694 0.0007 925500
1681630943994 0.0007 926000
1681630944272 0.0007 926500
1681630944498 0.0007 927000
1681630944832 0.0007 927500
1681630945133 0.0007 928000
1681630945418 0.0007 928500
1681630945779 0.0007 929000
1681630946049 0.0007 929500
1681630946408 0.0007 930000
1681630947106 0.0007 930500
1681630947406 0.0007 931000
1681630947758 0.0007 931500
1681630948095 0.0007 932000
1681630948363 0.0007 932500
1681630948627 0.0007 933000
1681630948863 0.0007 933500
1681630949091 0.0007 934000
1681630949360 0.0007 934500
1681630949646 0.0007 935000
1681630949928 0.0007 935500
1681630950145 0.0007 936000
1681630950421 0.0007 936500
1681630950670 0.0007 937000
1681630950949 0.0007 937500
1681630951242 0.0007 938000
1681630951550 0.0007 938500
1681630951869 0.0007 939000
1681630952097 0.0007 939500
1681630952338 0.0007 940000
1681630952575 0.0007 940500
1681630952930 0.0007 941000
1681630953236 0.0007 941500
1681630953575 0.0007 942000
1681630954202 0.0007 942500
1681630954624 0.0007 943000
1681630954913 0.0007 943500
1681630955493 0.0007 944000
1681630956187 0.0007 944500
1681630956563 0.0007 945000
1681630957060 0.0007 945500
1681630957402 0.0007 946000
1681630957996 0.0007 946500
1681630958470 0.0007 947000
1681630959041 0.0007 947500
1681630959550 0.0007 948000
1681630959785 0.0007 948500
1681630960420 0.0007 949000
1681630960972 0.0007 949500
1681630961205 0.0007 950000
1681630961887 0.0007 950500
1681630962430 0.0007 951000
1681630962812 0.0007 951500
1681630963157 0.0007 952000
1681630963540 0.0007 952500
1681630963891 0.0007 953000
1681630964216 0.0007 953500
1681630964504 0.0007 954000
1681630964813 0.0007 954500
1681630965066 0.0007 955000
1681630965371 0.0007 955500
1681630965626 0.0007 956000
1681630965907 0.0007 956500
1681630966312 0.0007 957000
1681630966568 0.0007 957500
1681630966797 0.0007 958000
1681630967032 0.0007 958500
1681630967364 0.0007 959000
1681630967877 0.0007 959500
1681630968191 0.0007 960000
1681630968512 0.0007 960500
1681630968875 0.0007 961000
1681630969159 0.0007 961500
1681630969375 0.0007 962000
1681630969636 0.0007 962500
1681630969967 0.0007 963000
1681630970401 0.0007 963500
1681630970697 0.0007 964000
1681630971039 0.0007 964500
1681630971266 0.0007 965000
1681630971594 0.0007 965500
1681630971930 0.0007 966000
1681630972260 0.0007 966500
1681630972686 0.0007 967000
1681630973107 0.0007 967500
1681630973508 0.0007 968000
1681630973718 0.0007 968500
1681630973931 0.0007 969000
1681630974551 0.0007 969500
1681630975139 0.0007 970000
1681630975358 0.0007 970500
1681630975563 0.0007 971000
1681630975789 0.0007 971500
1681630976042 0.0007 972000
1681630976430 0.0007 972500
1681630976780 0.0007 973000
1681630977138 0.0007 973500
1681630977877 0.0007 974000
1681630978575 0.0007 974500
1681630978835 0.0007 975000
1681630979244 0.0007 975500
1681630979637 0.0007 976000
1681630979870 0.0007 976500
1681630980149 0.0007 977000
1681630980447 0.0007 977500
1681630980789 0.0007 978000
1681630981486 0.0007 978500
1681630981889 0.0007 979000
1681630982284 0.0007 979500
1681630982536 0.0007 980000
1681630982969 0.0007 980500
1681630983278 0.0007 981000
1681630983533 0.0007 981500
1681630983907 0.0007 982000
1681630984164 0.0007 982500
1681630984430 0.0007 983000
1681630984873 0.0007 983500
1681630985253 0.0007 984000
1681630985758 0.0007 984500
1681630986232 0.0007 985000
1681630986537 0.0007 985500
1681630986900 0.0007 986000
1681630987157 0.0007 986500
1681630987595 0.0007 987000
1681630987973 0.0007 987500
1681630988333 0.0007 988000
1681630988700 0.0007 988500
1681630988965 0.0007 989000
1681630989329 0.0007 989500
1681630989601 0.0007 990000
1681630989852 0.0007 990500
1681630990182 0.0007 991000
1681630990604 0.0007 991500
1681630990882 0.0007 992000
1681630991083 0.0007 992500
1681630991375 0.0007 993000
1681630991795 0.0007 993500
1681630992014 0.0007 994000
1681630992260 0.0007 994500
1681630992500 0.0007 995000
1681630992793 0.0007 995500
1681630993140 0.0007 996000
1681630993340 0.0007 996500
1681630993599 0.0007 997000
1681630993804 0.0007 997500
1681630994061 0.0007 998000
1681630994258 0.0007 998500
1681630994628 0.0007 999000
1681630994859 0.0007 999500
1681630995134 0.0007 1000000
