1681630125505 99.0 500
1681630125712 199.0 1000
1681630125938 299.0 1500
1681630126153 399.0 2000
1681630126423 499.0 2500
1681630126691 599.0 3000
1681630126918 699.0 3500
1681630127166 799.0 4000
1681630127404 899.0 4500
1681630127821 999.0 5000
1681630128626 1099.0 5500
1681630128892 1199.0 6000
1681630129160 1299.0 6500
1681630129373 1399.0 7000
1681630129681 1499.0 7500
1681630129910 1599.0 8000
1681630130260 1699.0 8500
1681630130610 1799.0 9000
1681630130838 1899.0 9500
1681630131071 1999.0 10000
1681630131344 2099.0 10500
1681630131621 2199.0 11000
1681630132147 2299.0 11500
1681630132415 2399.0 12000
1681630132671 2499.0 12500
1681630132887 2599.0 13000
1681630133216 2699.0 13500
1681630133493 2799.0 14000
1681630133769 2899.0 14500
1681630134021 2999.0 15000
1681630134280 3099.0 15500
1681630134534 3199.0 16000
1681630134789 3299.0 16500
1681630135085 3399.0 17000
1681630135332 3499.0 17500
1681630135655 3599.0 18000
1681630135951 3699.0 18500
1681630136173 3799.0 19000
1681630136391 3899.0 19500
1681630136700 3999.0 20000
1681630136961 4099.0 20500
1681630137249 4199.0 21000
1681630137514 4299.0 21500
1681630137782 4399.0 22000
1681630138045 4499.0 22500
1681630138315 4599.0 23000
1681630138656 4699.0 23500
1681630138943 4799.0 24000
1681630139207 4899.0 24500
1681630139442 4999.0 25000
1681630139662 5099.0 25500
1681630139965 5199.0 26000
1681630140233 5299.0 26500
1681630140564 5399.0 27000
1681630140800 5499.0 27500
1681630141049 5599.0 28000
1681630141309 5699.0 28500
1681630141625 5799.0 29000
1681630142042 5899.0 29500
1681630142243 5999.0 30000
1681630142488 6099.0 30500
1681630142905 6199.0 31000
1681630143302 6299.0 31500
1681630143592 6399.0 32000
1681630143861 6499.0 32500
1681630144136 6599.0 33000
1681630144488 6699.0 33500
1681630144912 6799.0 34000
1681630145190 6899.0 34500
1681630145419 6999.0 35000
1681630145678 7099.0 35500
1681630146011 7199.0 36000
1681630146419 7299.0 36500
1681630146893 7399.0 37000
1681630147200 7499.0 37500
1681630147575 7599.0 38000
1681630148001 7699.0 38500
1681630148380 7799.0 39000
1681630148880 7899.0 39500
1681630149195 7999.0 40000
1681630149660 8099.0 40500
1681630149947 8199.0 41000
1681630150266 8299.0 41500
1681630150582 8399.0 42000
1681630150980 8499.0 42500
1681630151274 8599.0 43000
1681630151580 8699.0 43500
1681630151881 8799.0 44000
1681630152250 8899.0 44500
1681630152620 8999.0 45000
1681630152956 9099.0 45500
1681630153250 9199.0 46000
1681630153586 9299.0 46500
1681630153853 9399.0 47000
1681630154097 9499.0 47500
1681630154331 9599.0 48000
1681630154619 9699.0 48500
1681630154932 9799.0 49000
1681630155154 9899.0 49500
1681630155380 9999.0 50000
1681630155632 10099.0 50500
1681630155876 10199.0 51000
1681630156114 10299.0 51500
1681630156394 10399.0 52000
1681630156702 10499.0 52500
1681630156942 10599.0 53000
1681630157154 10699.0 53500
1681630157409 10799.0 54000
1681630157624 10899.0 54500
1681630157873 10999.0 55000
1681630158102 11099.0 55500
1681630158370 11199.0 56000
1681630158611 11299.0 56500
1681630158948 11399.0 57000
1681630159179 11499.0 57500
1681630159432 11599.0 58000
1681630159668 11699.0 58500
1681630159981 11799.0 59000
1681630160221 11899.0 59500
1681630160438 11999.0 60000
1681630160684 12099.0 60500
1681630160910 12199.0 61000
1681630161170 12299.0 61500
1681630161418 12399.0 62000
1681630161873 12499.0 62500
1681630162094 12599.0 63000
1681630162341 12699.0 63500
1681630162655 12799.0 64000
1681630162893 12899.0 64500
1681630163101 12999.0 65000
1681630163320 13099.0 65500
1681630163517 13199.0 66000
1681630163745 13299.0 66500
1681630163951 13399.0 67000
1681630164153 13499.0 67500
1681630164346 13599.0 68000
1681630164543 13699.0 68500
1681630164746 13799.0 69000
1681630164972 13899.0 69500
1681630165167 13999.0 70000
1681630165358 14099.0 70500
1681630165548 14199.0 71000
1681630165737 14299.0 71500
1681630165927 14399.0 72000
1681630166121 14499.0 72500
1681630166330 14599.0 73000
1681630166554 14699.0 73500
1681630166750 14799.0 74000
1681630166975 14899.0 74500
1681630167214 14999.0 75000
1681630167416 15099.0 75500
1681630167613 15199.0 76000
1681630167882 15299.0 76500
1681630168137 15399.0 77000
1681630168424 15499.0 77500
1681630168635 15599.0 78000
1681630168832 15699.0 78500
1681630169059 15799.0 79000
1681630169389 15899.0 79500
1681630169767 15999.0 80000
1681630170195 16099.0 80500
1681630170460 16199.0 81000
1681630170732 16299.0 81500
1681630171119 16399.0 82000
1681630171695 16499.0 82500
1681630172133 16599.0 83000
1681630172461 16699.0 83500
1681630172784 16799.0 84000
1681630173385 16899.0 84500
1681630174290 16999.0 85000
1681630174799 17099.0 85500
1681630175383 17199.0 86000
1681630175659 17299.0 86500
1681630176028 17399.0 87000
1681630176554 17499.0 87500
1681630177392 17599.0 88000
1681630177686 17699.0 88500
1681630178186 17799.0 89000
1681630178723 17899.0 89500
1681630179137 17999.0 90000
1681630180006 18099.0 90500
1681630180271 18199.0 91000
1681630180601 18299.0 91500
1681630180826 18399.0 92000
1681630181063 18499.0 92500
1681630181263 18599.0 93000
1681630181463 18699.0 93500
1681630181660 18799.0 94000
1681630181862 18899.0 94500
1681630182107 18999.0 95000
1681630182350 19099.0 95500
1681630182580 19199.0 96000
1681630182787 19299.0 96500
1681630183012 19399.0 97000
1681630183214 19499.0 97500
1681630183422 19599.0 98000
1681630183684 19699.0 98500
1681630183905 19799.0 99000
1681630184126 19899.0 99500
1681630184325 19999.0 100000
1681630184527 20099.0 100500
1681630184727 20199.0 101000
1681630184923 20299.0 101500
1681630185125 20399.0 102000
1681630185343 20499.0 102500
1681630185574 20599.0 103000
1681630185778 20699.0 103500
1681630185978 20799.0 104000
1681630186189 20899.0 104500
1681630186429 20999.0 105000
1681630186773 21099.0 105500
1681630187128 21199.0 106000
1681630187404 21299.0 106500
1681630187688 21399.0 107000
1681630188065 21499.0 107500
1681630188464 21599.0 108000
1681630189176 21699.0 108500
1681630189585 21799.0 109000
1681630190142 21899.0 109500
1681630190591 21999.0 110000
1681630191081 22099.0 110500
1681630191909 22199.0 111000
1681630192531 22299.0 111500
1681630193362 22399.0 112000
1681630194081 22499.0 112500
1681630194594 22599.0 113000
1681630195148 22699.0 113500
1681630195484 22799.0 114000
1681630195913 22899.0 114500
1681630196236 22999.0 115000
1681630196600 23099.0 115500
1681630196980 23199.0 116000
1681630197270 23299.0 116500
1681630197685 23399.0 117000
1681630197958 23499.0 117500
1681630198232 23599.0 118000
1681630198447 23699.0 118500
1681630198646 23799.0 119000
1681630198841 23899.0 119500
1681630199071 23999.0 120000
1681630199282 24099.0 120500
1681630199488 24199.0 121000
1681630199741 24299.0 121500
1681630199955 24399.0 122000
1681630200155 24499.0 122500
1681630200385 24599.0 123000
1681630200567 24699.0 123500
1681630200762 24799.0 124000
1681630200944 24899.0 124500
1681630201145 24999.0 125000
1681630201347 25099.0 125500
1681630201539 25199.0 126000
1681630201716 25299.0 126500
1681630201894 25399.0 127000
1681630202069 25499.0 127500
1681630202245 25599.0 128000
1681630202421 25699.0 128500
1681630202604 25799.0 129000
1681630202806 25899.0 129500
1681630203012 25999.0 130000
1681630203221 26099.0 130500
1681630203407 26199.0 131000
1681630203595 26299.0 131500
1681630203819 26399.0 132000
1681630204007 26499.0 132500
1681630204200 26599.0 133000
1681630204393 26699.0 133500
1681630204584 26799.0 134000
1681630204832 26899.0 134500
1681630205076 26999.0 135000
1681630205311 27099.0 135500
1681630205563 27199.0 136000
1681630206043 27299.0 136500
1681630206611 27399.0 137000
1681630206851 27499.0 137500
1681630207152 27599.0 138000
1681630207414 27699.0 138500
1681630207642 27799.0 139000
1681630207932 27899.0 139500
1681630208267 27999.0 140000
1681630208698 28099.0 140500
1681630209612 28199.0 141000
1681630209961 28299.0 141500
1681630210815 28399.0 142000
1681630211222 28499.0 142500
1681630211938 28599.0 143000
1681630212492 28699.0 143500
1681630212952 28799.0 144000
1681630213785 28899.0 144500
1681630214236 28999.0 145000
1681630214610 29099.0 145500
1681630215005 29199.0 146000
1681630215954 29299.0 146500
1681630216382 29399.0 147000
1681630216718 29499.0 147500
1681630217286 29599.0 148000
1681630217672 29699.0 148500
1681630218545 29799.0 149000
1681630218909 29899.0 149500
1681630219452 29999.0 150000
1681630219985 30099.0 150500
1681630220800 30199.0 151000
1681630221309 30299.0 151500
1681630222262 30399.0 152000
1681630222728 30499.0 152500
1681630223132 30599.0 153000
1681630223514 30699.0 153500
1681630223915 30799.0 154000
1681630224301 30899.0 154500
1681630224724 30999.0 155000
1681630225196 31099.0 155500
1681630225546 31199.0 156000
1681630226263 31299.0 156500
1681630226605 31399.0 157000
1681630227160 31499.0 157500
1681630227583 31599.0 158000
1681630228713 31699.0 158500
1681630229039 31799.0 159000
1681630229708 31899.0 159500
1681630230043 31999.0 160000
1681630230977 32099.0 160500
1681630231269 32199.0 161000
1681630231812 32299.0 161500
1681630232216 32399.0 162000
1681630233235 32499.0 162500
1681630233559 32599.0 163000
1681630234151 32699.0 163500
1681630234473 32799.0 164000
1681630234921 32899.0 164500
1681630235242 32999.0 165000
1681630235743 33099.0 165500
1681630236054 33199.0 166000
1681630236537 33299.0 166500
1681630236821 33399.0 167000
1681630237343 33499.0 167500
1681630237700 33599.0 168000
1681630238208 33699.0 168500
1681630238562 33799.0 169000
1681630239549 33899.0 169500
1681630239862 33999.0 170000
1681630240416 34099.0 170500
1681630240712 34199.0 171000
1681630241423 34299.0 171500
1681630241839 34399.0 172000
1681630242689 34499.0 172500
1681630243103 34599.0 173000
1681630244354 34699.0 173500
1681630244707 34799.0 174000
1681630245024 34899.0 174500
1681630245464 34999.0 175000
1681630245802 35099.0 175500
1681630246113 35199.0 176000
1681630246474 35299.0 176500
1681630246858 35399.0 177000
1681630247681 35499.0 177500
1681630248115 35599.0 178000
1681630248663 35699.0 178500
1681630249118 35799.0 179000
1681630249860 35899.0 179500
1681630250299 35999.0 180000
1681630251142 36099.0 180500
1681630251639 36199.0 181000
1681630252003 36299.0 181500
1681630252492 36399.0 182000
1681630253315 36499.0 182500
1681630254097 36599.0 183000
1681630254470 36699.0 183500
1681630255076 36799.0 184000
1681630255427 36899.0 184500
1681630256280 36999.0 185000
1681630256725 37099.0 185500
1681630257970 37199.0 186000
1681630258401 37299.0 186500
1681630258871 37399.0 187000
1681630259462 37499.0 187500
1681630260275 37599.0 188000
1681630260913 37699.0 188500
1681630261725 37799.0 189000
1681630262397 37899.0 189500
1681630263239 37999.0 190000
1681630263609 38099.0 190500
1681630263929 38199.0 191000
1681630264195 38299.0 191500
1681630264507 38399.0 192000
1681630264859 38499.0 192500
1681630265354 38599.0 193000
1681630265789 38699.0 193500
1681630266032 38799.0 194000
1681630266451 38899.0 194500
1681630267107 38999.0 195000
1681630267564 39099.0 195500
1681630268095 39199.0 196000
1681630268636 39299.0 196500
1681630269174 39399.0 197000
1681630269497 39499.0 197500
1681630270018 39599.0 198000
1681630270302 39699.0 198500
1681630270731 39799.0 199000
1681630271112 39899.0 199500
1681630271344 39999.0 200000
1681630271547 40099.0 200500
1681630272007 40199.0 201000
1681630272805 40299.0 201500
1681630273126 40399.0 202000
1681630273619 40499.0 202500
1681630274625 40599.0 203000
1681630275010 40699.0 203500
1681630275673 40799.0 204000
1681630276030 40899.0 204500
1681630276429 40999.0 205000
1681630277035 41099.0 205500
1681630277388 41199.0 206000
1681630277964 41299.0 206500
1681630278428 41399.0 207000
1681630279398 41499.0 207500
1681630279681 41599.0 208000
1681630280315 41699.0 208500
1681630281014 41799.0 209000
1681630281391 41899.0 209500
1681630281761 41999.0 210000
1681630282287 42099.0 210500
1681630282730 42199.0 211000
1681630283290 42299.0 211500
1681630283853 42399.0 212000
1681630284208 42499.0 212500
1681630284635 42599.0 213000
1681630285188 42699.0 213500
1681630285693 42799.0 214000
1681630286131 42899.0 214500
1681630287091 42999.0 215000
1681630287535 43099.0 215500
1681630288211 43199.0 216000
1681630288596 43299.0 216500
1681630289106 43399.0 217000
1681630289421 43499.0 217500
1681630289660 43599.0 218000
1681630290270 43699.0 218500
1681630290875 43799.0 219000
1681630291124 43899.0 219500
1681630291566 43999.0 220000
1681630291995 44099.0 220500
1681630292457 44199.0 221000
1681630292993 44299.0 221500
1681630293833 44399.0 222000
1681630294414 44499.0 222500
1681630295262 44599.0 223000
1681630295882 44699.0 223500
1681630296811 44799.0 224000
1681630297081 44899.0 224500
1681630297355 44999.0 225000
1681630297619 45099.0 225500
1681630298165 45199.0 226000
1681630298780 45299.0 226500
1681630299467 45399.0 227000
1681630299992 45499.0 227500
1681630300400 45599.0 228000
1681630300867 45699.0 228500
1681630301292 45799.0 229000
1681630301740 45899.0 229500
1681630302288 45999.0 230000
1681630302784 46099.0 230500
1681630303448 46199.0 231000
1681630304092 46299.0 231500
1681630304770 46399.0 232000
1681630305295 46499.0 232500
1681630305709 46599.0 233000
1681630306133 46699.0 233500
1681630306371 46799.0 234000
1681630306699 46899.0 234500
1681630307475 46999.0 235000
1681630307866 47099.0 235500
1681630308491 47199.0 236000
1681630308885 47299.0 236500
1681630309709 47399.0 237000
1681630310167 47499.0 237500
1681630310621 47599.0 238000
1681630311325 47699.0 238500
1681630311562 47799.0 239000
1681630311966 47899.0 239500
1681630312493 47999.0 240000
1681630312810 48099.0 240500
1681630313459 48199.0 241000
1681630314169 48299.0 241500
1681630314841 48399.0 242000
1681630315547 48499.0 242500
1681630316198 48599.0 243000
1681630316983 48699.0 243500
1681630317324 48799.0 244000
1681630318062 48899.0 244500
1681630318771 48999.0 245000
1681630319286 49099.0 245500
1681630319694 49199.0 246000
1681630320652 49299.0 246500
1681630321508 49399.0 247000
1681630322432 49499.0 247500
1681630323120 49599.0 248000
1681630324021 49699.0 248500
1681630324781 49799.0 249000
1681630325597 49899.0 249500
1681630326218 49999.0 250000
1681630327108 50099.0 250500
1681630327609 50199.0 251000
1681630328094 50299.0 251500
1681630328452 50399.0 252000
1681630329207 50499.0 252500
1681630329649 50599.0 253000
1681630330131 50699.0 253500
1681630330580 50799.0 254000
1681630330950 50899.0 254500
1681630331476 50999.0 255000
1681630331743 51099.0 255500
1681630332004 51199.0 256000
1681630332595 51299.0 256500
1681630332958 51399.0 257000
1681630333903 51499.0 257500
1681630334138 51599.0 258000
1681630334538 51699.0 258500
1681630335218 51799.0 259000
1681630335467 51899.0 259500
1681630336183 51999.0 260000
1681630337305 52099.0 260500
1681630337986 52199.0 261000
1681630338308 52299.0 261500
1681630338746 52399.0 262000
1681630339444 52499.0 262500
1681630339794 52599.0 263000
1681630340724 52699.0 263500
1681630341175 52799.0 264000
1681630342103 52899.0 264500
1681630342537 52999.0 265000
1681630343288 53099.0 265500
1681630343569 53199.0 266000
1681630344262 53299.0 266500
1681630344830 53399.0 267000
1681630345256 53499.0 267500
1681630345726 53599.0 268000
1681630346295 53699.0 268500
1681630346835 53799.0 269000
1681630347537 53899.0 269500
1681630348184 53999.0 270000
1681630348716 54099.0 270500
1681630349232 54199.0 271000
1681630349827 54299.0 271500
1681630350376 54399.0 272000
1681630350766 54499.0 272500
1681630351550 54599.0 273000
1681630351995 54699.0 273500
1681630352881 54799.0 274000
1681630353191 54899.0 274500
1681630353711 54999.0 275000
1681630354039 55099.0 275500
1681630354425 55199.0 276000
1681630355031 55299.0 276500
1681630355320 55399.0 277000
1681630355825 55499.0 277500
1681630356079 55599.0 278000
1681630356530 55699.0 278500
1681630357027 55799.0 279000
1681630357441 55899.0 279500
1681630358041 55999.0 280000
1681630358656 56099.0 280500
1681630358942 56199.0 281000
1681630359400 56299.0 281500
1681630359904 56399.0 282000
1681630360565 56499.0 282500
1681630360989 56599.0 283000
1681630361788 56699.0 283500
1681630362173 56799.0 284000
1681630362557 56899.0 284500
1681630362847 56999.0 285000
1681630363442 57099.0 285500
1681630363795 57199.0 286000
1681630364533 57299.0 286500
1681630364986 57399.0 287000
1681630365865 57499.0 287500
1681630366208 57599.0 288000
1681630367126 57699.0 288500
1681630367498 57799.0 289000
1681630367895 57899.0 289500
1681630368886 57999.0 290000
1681630369406 58099.0 290500
1681630370205 58199.0 291000
1681630370648 58299.0 291500
1681630371219 58399.0 292000
1681630371539 58499.0 292500
1681630371876 58599.0 293000
1681630372496 58699.0 293500
1681630372919 58799.0 294000
1681630373806 58899.0 294500
1681630374209 58999.0 295000
1681630374648 59099.0 295500
1681630375005 59199.0 296000
1681630375557 59299.0 296500
1681630375921 59399.0 297000
1681630376660 59499.0 297500
1681630377048 59599.0 298000
1681630377754 59699.0 298500
1681630378136 59799.0 299000
1681630378524 59899.0 299500
1681630378982 59999.0 300000
1681630379369 60099.0 300500
1681630379754 60199.0 301000
1681630380230 60299.0 301500
1681630380911 60399.0 302000
1681630381528 60499.0 302500
1681630382203 60599.0 303000
1681630382808 60699.0 303500
1681630383535 60799.0 304000
1681630384162 60899.0 304500
1681630384834 60999.0 305000
1681630385198 61099.0 305500
1681630385750 61199.0 306000
1681630386178 61299.0 306500
1681630386529 61399.0 307000
1681630386914 61499.0 307500
1681630387887 61599.0 308000
1681630388378 61699.0 308500
1681630388842 61799.0 309000
1681630389384 61899.0 309500
1681630389814 61999.0 310000
1681630390349 62099.0 310500
1681630390694 62199.0 311000
1681630391373 62299.0 311500
1681630391723 62399.0 312000
1681630392304 62499.0 312500
1681630392654 62599.0 313000
1681630393370 62699.0 313500
1681630393793 62799.0 314000
1681630394557 62899.0 314500
1681630394924 62999.0 315000
1681630395734 63099.0 315500
1681630396103 63199.0 316000
1681630397005 63299.0 316500
1681630397310 63399.0 317000
1681630397639 63499.0 317500
1681630398093 63599.0 318000
1681630398595 63699.0 318500
1681630399227 63799.0 319000
1681630399776 63899.0 319500
1681630400131 63999.0 320000
1681630401049 64099.0 320500
1681630401398 64199.0 321000
1681630401832 64299.0 321500
1681630402359 64399.0 322000
1681630402776 64499.0 322500
1681630403252 64599.0 323000
1681630403632 64699.0 323500
1681630404589 64799.0 324000
1681630405402 64899.0 324500
1681630406207 64999.0 325000
1681630406929 65099.0 325500
1681630407498 65199.0 326000
1681630407807 65299.0 326500
1681630408170 65399.0 327000
1681630408898 65499.0 327500
1681630409444 65599.0 328000
1681630409897 65699.0 328500
1681630410165 65799.0 329000
1681630411330 65899.0 329500
1681630412086 65999.0 330000
1681630412457 66099.0 330500
1681630413133 66199.0 331000
1681630413596 66299.0 331500
1681630414090 66399.0 332000
1681630414845 66499.0 332500
1681630415332 66599.0 333000
1681630416187 66699.0 333500
1681630416864 66799.0 334000
1681630417917 66899.0 334500
1681630418282 66999.0 335000
1681630418680 67099.0 335500
1681630419179 67199.0 336000
1681630419620 67299.0 336500
1681630419921 67399.0 337000
1681630420253 67499.0 337500
1681630420743 67599.0 338000
1681630421125 67699.0 338500
1681630421951 67799.0 339000
1681630422499 67899.0 339500
1681630423059 67999.0 340000
1681630423554 68099.0 340500
1681630423867 68199.0 341000
1681630424360 68299.0 341500
1681630424754 68399.0 342000
1681630425343 68499.0 342500
1681630425730 68599.0 343000
1681630426116 68699.0 343500
1681630426665 68799.0 344000
1681630427223 68899.0 344500
1681630427989 68999.0 345000
1681630428937 69099.0 345500
1681630429373 69199.0 346000
1681630429895 69299.0 346500
1681630430230 69399.0 347000
1681630430813 69499.0 347500
1681630431064 69599.0 348000
1681630431573 69699.0 348500
1681630431999 69799.0 349000
1681630432630 69899.0 349500
1681630433101 69999.0 350000
1681630433655 70099.0 350500
1681630434119 70199.0 351000
1681630434672 70299.0 351500
1681630435098 70399.0 352000
1681630435950 70499.0 352500
1681630436433 70599.0 353000
1681630437522 70699.0 353500
1681630437995 70799.0 354000
1681630438403 70899.0 354500
1681630438887 70999.0 355000
1681630439362 71099.0 355500
1681630439691 71199.0 356000
1681630440230 71299.0 356500
1681630440680 71399.0 357000
1681630441804 71499.0 357500
1681630442281 71599.0 358000
1681630442664 71699.0 358500
1681630443179 71799.0 359000
1681630443610 71899.0 359500
1681630443959 71999.0 360000
1681630444821 72099.0 360500
1681630445176 72199.0 361000
1681630445867 72299.0 361500
1681630446279 72399.0 362000
1681630446679 72499.0 362500
1681630446997 72599.0 363000
1681630447706 72699.0 363500
1681630448149 72799.0 364000
1681630448622 72899.0 364500
1681630448983 72999.0 365000
1681630449465 73099.0 365500
1681630450344 73199.0 366000
1681630450737 73299.0 366500
1681630451291 73399.0 367000
1681630451592 73499.0 367500
1681630452000 73599.0 368000
1681630452248 73699.0 368500
1681630452621 73799.0 369000
1681630453016 73899.0 369500
1681630453298 73999.0 370000
1681630453674 74099.0 370500
1681630454169 74199.0 371000
1681630454782 74299.0 371500
1681630455194 74399.0 372000
1681630455601 74499.0 372500
1681630455912 74599.0 373000
1681630456446 74699.0 373500
1681630457108 74799.0 374000
1681630457627 74899.0 374500
1681630457939 74999.0 375000
1681630458265 75099.0 375500
1681630458566 75199.0 376000
1681630459412 75299.0 376500
1681630459794 75399.0 377000
1681630460080 75499.0 377500
1681630460659 75599.0 378000
1681630461296 75699.0 378500
1681630461907 75799.0 379000
1681630462390 75899.0 379500
1681630463014 75999.0 380000
1681630463797 76099.0 380500
1681630464339 76199.0 381000
1681630464852 76299.0 381500
1681630465216 76399.0 382000
1681630465598 76499.0 382500
1681630466064 76599.0 383000
1681630466974 76699.0 383500
1681630467507 76799.0 384000
1681630467875 76899.0 384500
1681630468349 76999.0 385000
1681630468828 77099.0 385500
1681630469698 77199.0 386000
1681630470188 77299.0 386500
1681630471149 77399.0 387000
1681630471618 77499.0 387500
1681630472130 77599.0 388000
1681630472512 77699.0 388500
1681630473149 77799.0 389000
1681630473554 77899.0 389500
1681630473967 77999.0 390000
1681630474760 78099.0 390500
1681630475268 78199.0 391000
1681630476271 78299.0 391500
1681630476662 78399.0 392000
1681630477090 78499.0 392500
1681630477644 78599.0 393000
1681630478353 78699.0 393500
1681630478751 78799.0 394000
1681630479153 78899.0 394500
1681630479448 78999.0 395000
1681630480039 79099.0 395500
1681630480450 79199.0 396000
1681630480713 79299.0 396500
1681630481267 79399.0 397000
1681630481757 79499.0 397500
1681630482252 79599.0 398000
1681630482700 79699.0 398500
1681630483446 79799.0 399000
1681630483747 79899.0 399500
1681630484449 79999.0 400000
1681630485238 80099.0 400500
1681630485533 80199.0 401000
1681630485986 80299.0 401500
1681630486889 80399.0 402000
1681630487261 80499.0 402500
1681630487756 80599.0 403000
1681630488140 80699.0 403500
1681630488712 80799.0 404000
1681630489520 80899.0 404500
1681630489876 80999.0 405000
1681630490516 81099.0 405500
1681630491511 81199.0 406000
1681630491978 81299.0 406500
1681630492511 81399.0 407000
1681630492931 81499.0 407500
1681630493411 81599.0 408000
1681630493780 81699.0 408500
1681630494175 81799.0 409000
1681630494619 81899.0 409500
1681630494873 81999.0 410000
1681630495338 82099.0 410500
1681630496303 82199.0 411000
1681630496952 82299.0 411500
1681630497877 82399.0 412000
1681630498476 82499.0 412500
1681630498975 82599.0 413000
1681630499339 82699.0 413500
1681630499634 82799.0 414000
1681630500040 82899.0 414500
1681630500538 82999.0 415000
1681630501157 83099.0 415500
1681630501629 83199.0 416000
1681630501975 83299.0 416500
1681630502378 83399.0 417000
1681630502995 83499.0 417500
1681630503269 83599.0 418000
1681630503548 83699.0 418500
1681630504011 83799.0 419000
1681630504367 83899.0 419500
1681630504837 83999.0 420000
1681630505973 84099.0 420500
1681630506537 84199.0 421000
1681630507446 84299.0 421500
1681630507947 84399.0 422000
1681630508346 84499.0 422500
1681630508770 84599.0 423000
1681630509175 84699.0 423500
1681630509788 84799.0 424000
1681630510680 84899.0 424500
1681630511137 84999.0 425000
1681630511625 85099.0 425500
1681630512009 85199.0 426000
1681630512776 85299.0 426500
1681630513202 85399.0 427000
1681630513583 85499.0 427500
1681630514136 85599.0 428000
1681630514532 85699.0 428500
1681630514895 85799.0 429000
1681630515444 85899.0 429500
1681630515826 85999.0 430000
1681630516116 86099.0 430500
1681630516477 86199.0 431000
1681630516769 86299.0 431500
1681630517140 86399.0 432000
1681630517606 86499.0 432500
1681630518308 86599.0 433000
1681630518627 86699.0 433500
1681630519301 86799.0 434000
1681630519606 86899.0 434500
1681630519995 86999.0 435000
1681630520211 87099.0 435500
1681630520585 87199.0 436000
1681630520979 87299.0 436500
1681630521393 87399.0 437000
1681630521975 87499.0 437500
1681630522825 87599.0 438000
1681630523337 87699.0 438500
1681630524061 87799.0 439000
1681630524503 87899.0 439500
1681630524934 87999.0 440000
1681630525918 88099.0 440500
1681630526212 88199.0 441000
1681630526792 88299.0 441500
1681630527265 88399.0 442000
1681630528429 88499.0 442500
1681630529031 88599.0 443000
1681630529724 88699.0 443500
1681630530187 88799.0 444000
1681630530565 88899.0 444500
1681630531156 88999.0 445000
1681630531488 89099.0 445500
1681630531839 89199.0 446000
1681630532137 89299.0 446500
1681630532548 89399.0 447000
1681630533279 89499.0 447500
1681630533592 89599.0 448000
1681630534105 89699.0 448500
1681630534872 89799.0 449000
1681630535164 89899.0 449500
1681630536206 89999.0 450000
1681630536837 90099.0 450500
1681630537448 90199.0 451000
1681630537786 90299.0 451500
1681630538188 90399.0 452000
1681630538607 90499.0 452500
1681630539075 90599.0 453000
1681630539404 90699.0 453500
1681630539903 90799.0 454000
1681630540503 90899.0 454500
1681630540831 90999.0 455000
1681630541253 91099.0 455500
1681630541666 91199.0 456000
1681630541992 91299.0 456500
1681630542245 91399.0 457000
1681630542765 91499.0 457500
1681630543105 91599.0 458000
1681630543516 91699.0 458500
1681630543784 91799.0 459000
1681630544336 91899.0 459500
1681630544801 91999.0 460000
1681630545565 92099.0 460500
1681630545973 92199.0 461000
1681630546941 92299.0 461500
1681630547243 92399.0 462000
1681630547743 92499.0 462500
1681630548011 92599.0 463000
1681630548505 92699.0 463500
1681630548772 92799.0 464000
1681630549050 92899.0 464500
1681630549417 92999.0 465000
1681630549859 93099.0 465500
1681630550483 93199.0 466000
1681630550726 93299.0 466500
1681630551293 93399.0 467000
1681630551898 93499.0 467500
1681630552338 93599.0 468000
1681630552807 93699.0 468500
1681630553430 93799.0 469000
1681630554271 93899.0 469500
1681630554707 93999.0 470000
1681630555238 94099.0 470500
1681630555743 94199.0 471000
1681630556100 94299.0 471500
1681630556733 94399.0 472000
1681630557123 94499.0 472500
1681630557559 94599.0 473000
1681630558330 94699.0 473500
1681630558937 94799.0 474000
1681630559512 94899.0 474500
1681630559785 94999.0 475000
1681630560552 95099.0 475500
1681630560970 95199.0 476000
1681630561482 95299.0 476500
1681630561926 95399.0 477000
1681630562465 95499.0 477500
1681630562869 95599.0 478000
1681630563288 95699.0 478500
1681630563717 95799.0 479000
1681630564546 95899.0 479500
1681630564848 95999.0 480000
1681630565450 96099.0 480500
1681630565814 96199.0 481000
1681630566080 96299.0 481500
1681630566339 96399.0 482000
1681630566655 96499.0 482500
1681630567085 96599.0 483000
1681630567455 96699.0 483500
1681630567884 96799.0 484000
1681630568149 96899.0 484500
1681630568665 96999.0 485000
1681630569078 97099.0 485500
1681630569417 97199.0 486000
1681630569670 97299.0 486500
1681630569995 97399.0 487000
1681630570592 97499.0 487500
1681630571139 97599.0 488000
1681630571430 97699.0 488500
1681630571723 97799.0 489000
1681630572027 97899.0 489500
1681630572337 97999.0 490000
1681630572729 98099.0 490500
1681630573160 98199.0 491000
1681630573388 98299.0 491500
1681630573596 98399.0 492000
1681630574358 98499.0 492500
1681630574834 98599.0 493000
1681630575114 98699.0 493500
1681630575412 98799.0 494000
1681630575709 98899.0 494500
1681630576296 98999.0 495000
1681630576559 99099.0 495500
1681630576992 99199.0 496000
1681630577457 99299.0 496500
1681630577767 99399.0 497000
1681630578004 99499.0 497500
1681630578533 99599.0 498000
1681630578836 99699.0 498500
1681630579180 99799.0 499000
1681630579539 99899.0 499500
1681630579847 99999.0 500000
1681630580205 100099.0 500500
1681630580777 100199.0 501000
1681630581030 100299.0 501500
1681630581322 100399.0 502000
1681630581708 100499.0 502500
1681630581954 100599.0 503000
1681630582213 100699.0 503500
1681630582672 100799.0 504000
1681630583286 100899.0 504500
1681630583600 100999.0 505000
1681630584008 101099.0 505500
1681630584371 101199.0 506000
1681630584871 101299.0 506500
1681630585327 101399.0 507000
1681630585944 101499.0 507500
1681630586363 101599.0 508000
1681630587005 101699.0 508500
1681630587337 101799.0 509000
1681630587585 101899.0 509500
1681630587889 101999.0 510000
1681630588187 102099.0 510500
1681630588643 102199.0 511000
1681630589275 102299.0 511500
1681630589663 102399.0 512000
1681630589907 102499.0 512500
1681630590151 102599.0 513000
1681630590450 102699.0 513500
1681630590735 102799.0 514000
1681630591129 102899.0 514500
1681630591360 102999.0 515000
1681630591676 103099.0 515500
1681630592068 103199.0 516000
1681630592605 103299.0 516500
1681630592870 103399.0 517000
1681630593436 103499.0 517500
1681630593995 103599.0 518000
1681630594823 103699.0 518500
1681630595325 103799.0 519000
1681630595767 103899.0 519500
1681630596284 103999.0 520000
1681630596655 104099.0 520500
1681630597060 104199.0 521000
1681630597602 104299.0 521500
1681630597951 104399.0 522000
1681630598541 104499.0 522500
1681630598838 104599.0 523000
1681630599298 104699.0 523500
1681630599821 104799.0 524000
1681630600154 104899.0 524500
1681630600904 104999.0 525000
1681630601630 105099.0 525500
1681630601992 105199.0 526000
1681630602324 105299.0 526500
1681630602861 105399.0 527000
1681630603088 105499.0 527500
1681630603532 105599.0 528000
1681630603820 105699.0 528500
1681630604113 105799.0 529000
1681630604471 105899.0 529500
1681630605127 105999.0 530000
1681630605464 106099.0 530500
1681630606054 106199.0 531000
1681630606391 106299.0 531500
1681630606715 106399.0 532000
1681630607033 106499.0 532500
1681630607307 106599.0 533000
1681630607691 106699.0 533500
1681630608062 106799.0 534000
1681630608726 106899.0 534500
1681630609140 106999.0 535000
1681630609494 107099.0 535500
1681630610355 107199.0 536000
1681630610820 107299.0 536500
1681630611068 107399.0 537000
1681630611379 107499.0 537500
1681630611799 107599.0 538000
1681630612226 107699.0 538500
1681630612681 107799.0 539000
1681630613104 107899.0 539500
1681630613555 107999.0 540000
1681630613776 108099.0 540500
1681630614275 108199.0 541000
1681630614767 108299.0 541500
1681630615387 108399.0 542000
1681630616028 108499.0 542500
1681630616702 108599.0 543000
1681630617279 108699.0 543500
1681630617707 108799.0 544000
1681630617966 108899.0 544500
1681630618433 108999.0 545000
1681630618811 109099.0 545500
1681630619120 109199.0 546000
1681630619752 109299.0 546500
1681630620162 109399.0 547000
1681630620667 109499.0 547500
1681630621060 109599.0 548000
1681630621526 109699.0 548500
1681630621948 109799.0 549000
1681630622339 109899.0 549500
1681630623207 109999.0 550000
1681630623489 110099.0 550500
1681630624167 110199.0 551000
1681630624652 110299.0 551500
1681630624982 110399.0 552000
1681630625597 110499.0 552500
1681630626257 110599.0 553000
1681630626478 110699.0 553500
1681630626795 110799.0 554000
1681630627045 110899.0 554500
1681630627791 110999.0 555000
1681630628528 111099.0 555500
1681630629027 111199.0 556000
1681630629300 111299.0 556500
1681630629550 111399.0 557000
1681630630122 111499.0 557500
1681630630400 111599.0 558000
1681630630787 111699.0 558500
1681630631400 111799.0 559000
1681630631974 111899.0 559500
1681630632223 111999.0 560000
1681630632483 112099.0 560500
1681630632750 112199.0 561000
1681630633183 112299.0 561500
1681630633930 112399.0 562000
1681630634290 112499.0 562500
1681630634980 112599.0 563000
1681630635420 112699.0 563500
1681630636066 112799.0 564000
1681630636542 112899.0 564500
1681630637484 112999.0 565000
1681630637893 113099.0 565500
1681630638450 113199.0 566000
1681630638811 113299.0 566500
1681630639384 113399.0 567000
1681630639747 113499.0 567500
1681630640461 113599.0 568000
1681630640893 113699.0 568500
1681630641333 113799.0 569000
1681630641751 113899.0 569500
1681630642198 113999.0 570000
1681630642748 114099.0 570500
1681630643271 114199.0 571000
1681630643954 114299.0 571500
1681630644589 114399.0 572000
1681630645086 114499.0 572500
1681630645558 114599.0 573000
1681630646009 114699.0 573500
1681630646632 114799.0 574000
1681630647005 114899.0 574500
1681630647343 114999.0 575000
1681630647833 115099.0 575500
1681630648314 115199.0 576000
1681630648948 115299.0 576500
1681630649366 115399.0 577000
1681630649865 115499.0 577500
1681630650225 115599.0 578000
1681630650732 115699.0 578500
1681630651195 115799.0 579000
1681630651979 115899.0 579500
1681630652361 115999.0 580000
1681630652761 116099.0 580500
1681630653316 116199.0 581000
1681630653951 116299.0 581500
1681630654672 116399.0 582000
1681630654970 116499.0 582500
1681630655337 116599.0 583000
1681630655600 116699.0 583500
1681630656286 116799.0 584000
1681630656828 116899.0 584500
1681630657124 116999.0 585000
1681630657672 117099.0 585500
1681630658074 117199.0 586000
1681630658526 117299.0 586500
1681630658898 117399.0 587000
1681630659456 117499.0 587500
1681630659932 117599.0 588000
1681630660553 117699.0 588500
1681630661038 117799.0 589000
1681630661458 117899.0 589500
1681630661930 117999.0 590000
1681630662368 118099.0 590500
1681630662898 118199.0 591000
1681630663386 118299.0 591500
1681630663756 118399.0 592000
1681630664420 118499.0 592500
1681630664887 118599.0 593000
1681630665905 118699.0 593500
1681630666159 118799.0 594000
1681630666563 118899.0 594500
1681630667155 118999.0 595000
1681630667582 119099.0 595500
1681630667886 119199.0 596000
1681630668393 119299.0 596500
1681630668848 119399.0 597000
1681630669667 119499.0 597500
1681630670108 119599.0 598000
1681630670520 119699.0 598500
1681630670828 119799.0 599000
1681630671416 119899.0 599500
1681630672030 119999.0 600000
1681630672697 120099.0 600500
1681630673370 120199.0 601000
1681630673748 120299.0 601500
1681630674040 120399.0 602000
1681630674725 120499.0 602500
1681630675206 120599.0 603000
1681630675963 120699.0 603500
1681630676560 120799.0 604000
1681630677232 120899.0 604500
1681630677739 120999.0 605000
1681630678224 121099.0 605500
1681630678616 121199.0 606000
1681630679261 121299.0 606500
1681630679729 121399.0 607000
1681630680147 121499.0 607500
1681630680428 121599.0 608000
1681630680672 121699.0 608500
1681630681012 121799.0 609000
1681630681262 121899.0 609500
1681630681598 121999.0 610000
1681630681996 122099.0 610500
1681630682347 122199.0 611000
1681630682626 122299.0 611500
1681630682919 122399.0 612000
1681630683208 122499.0 612500
1681630683483 122599.0 613000
1681630683726 122699.0 613500
1681630684094 122799.0 614000
1681630684406 122899.0 614500
1681630684671 122999.0 615000
1681630685305 123099.0 615500
1681630685536 123199.0 616000
1681630685787 123299.0 616500
1681630686072 123399.0 617000
1681630686449 123499.0 617500
1681630686740 123599.0 618000
1681630687039 123699.0 618500
1681630687344 123799.0 619000
1681630687605 123899.0 619500
1681630687830 123999.0 620000
1681630688101 124099.0 620500
1681630688317 124199.0 621000
1681630688559 124299.0 621500
1681630688916 124399.0 622000
1681630689169 124499.0 622500
1681630689554 124599.0 623000
1681630689868 124699.0 623500
1681630690136 124799.0 624000
1681630690379 124899.0 624500
1681630690664 124999.0 625000
1681630691040 125099.0 625500
1681630691395 125199.0 626000
1681630691650 125299.0 626500
1681630691952 125399.0 627000
1681630692252 125499.0 627500
1681630692591 125599.0 628000
1681630692919 125699.0 628500
1681630693263 125799.0 629000
1681630693512 125899.0 629500
1681630693887 125999.0 630000
1681630694383 126099.0 630500
1681630694643 126199.0 631000
1681630694966 126299.0 631500
1681630695255 126399.0 632000
1681630695563 126499.0 632500
1681630695920 126599.0 633000
1681630696675 126699.0 633500
1681630696909 126799.0 634000
1681630697153 126899.0 634500
1681630697595 126999.0 635000
1681630698592 127099.0 635500
1681630698852 127199.0 636000
1681630699430 127299.0 636500
1681630699680 127399.0 637000
1681630700031 127499.0 637500
1681630700399 127599.0 638000
1681630700650 127699.0 638500
1681630700969 127799.0 639000
1681630701586 127899.0 639500
1681630701816 127999.0 640000
1681630702153 128099.0 640500
1681630702571 128199.0 641000
1681630703000 128299.0 641500
1681630703337 128399.0 642000
1681630703637 128499.0 642500
1681630704076 128599.0 643000
1681630704645 128699.0 643500
1681630705343 128799.0 644000
1681630705736 128899.0 644500
1681630706509 128999.0 645000
1681630706818 129099.0 645500
1681630707153 129199.0 646000
1681630707776 129299.0 646500
1681630708259 129399.0 647000
1681630708754 129499.0 647500
1681630709299 129599.0 648000
1681630709723 129699.0 648500
1681630709986 129799.0 649000
1681630710500 129899.0 649500
1681630710981 129999.0 650000
1681630711325 130099.0 650500
1681630711651 130199.0 651000
1681630711938 130299.0 651500
1681630712355 130399.0 652000
1681630712767 130499.0 652500
1681630713201 130599.0 653000
1681630713861 130699.0 653500
1681630714227 130799.0 654000
1681630714642 130899.0 654500
1681630715071 130999.0 655000
1681630715514 131099.0 655500
1681630716125 131199.0 656000
1681630716408 131299.0 656500
1681630716934 131399.0 657000
1681630717808 131499.0 657500
1681630718202 131599.0 658000
1681630718714 131699.0 658500
1681630719149 131799.0 659000
1681630719479 131899.0 659500
1681630720283 131999.0 660000
1681630720852 132099.0 660500
1681630721213 132199.0 661000
1681630721952 132299.0 661500
1681630722323 132399.0 662000
1681630722948 132499.0 662500
1681630723275 132599.0 663000
1681630723591 132699.0 663500
1681630724004 132799.0 664000
1681630724630 132899.0 664500
1681630724857 132999.0 665000
1681630725131 133099.0 665500
1681630725389 133199.0 666000
1681630725929 133299.0 666500
1681630726193 133399.0 667000
1681630726463 133499.0 667500
1681630726791 133599.0 668000
1681630727099 133699.0 668500
1681630727465 133799.0 669000
1681630727875 133899.0 669500
1681630728118 133999.0 670000
1681630728359 134099.0 670500
1681630728706 134199.0 671000
1681630729034 134299.0 671500
1681630729368 134399.0 672000
1681630729570 134499.0 672500
1681630729802 134599.0 673000
1681630730083 134699.0 673500
1681630730576 134799.0 674000
1681630730792 134899.0 674500
1681630731047 134999.0 675000
1681630731322 135099.0 675500
1681630731629 135199.0 676000
1681630731882 135299.0 676500
1681630732233 135399.0 677000
1681630732504 135499.0 677500
1681630732776 135599.0 678000
1681630733060 135699.0 678500
1681630733330 135799.0 679000
1681630733652 135899.0 679500
1681630733941 135999.0 680000
1681630734227 136099.0 680500
1681630734538 136199.0 681000
1681630734909 136299.0 681500
1681630735752 136399.0 682000
1681630736106 136499.0 682500
1681630736475 136599.0 683000
1681630736893 136699.0 683500
1681630737411 136799.0 684000
1681630737640 136899.0 684500
1681630737922 136999.0 685000
1681630738663 137099.0 685500
1681630739461 137199.0 686000
1681630739682 137299.0 686500
1681630739984 137399.0 687000
1681630740196 137499.0 687500
1681630740532 137599.0 688000
1681630740728 137699.0 688500
1681630740935 137799.0 689000
1681630741398 137899.0 689500
1681630741671 137999.0 690000
1681630742203 138099.0 690500
1681630742580 138199.0 691000
1681630743152 138299.0 691500
1681630743548 138399.0 692000
1681630743819 138499.0 692500
1681630744385 138599.0 693000
1681630744947 138699.0 693500
1681630745198 138799.0 694000
1681630745554 138899.0 694500
1681630746432 138999.0 695000
1681630746754 139099.0 695500
1681630747167 139199.0 696000
1681630747626 139299.0 696500
1681630748027 139399.0 697000
1681630748306 139499.0 697500
1681630748601 139599.0 698000
1681630749017 139699.0 698500
1681630749414 139799.0 699000
1681630750147 139899.0 699500
1681630750527 139999.0 700000
1681630751109 140099.0 700500
1681630751381 140199.0 701000
1681630751772 140299.0 701500
1681630752328 140399.0 702000
1681630752647 140499.0 702500
1681630753240 140599.0 703000
1681630753799 140699.0 703500
1681630754065 140799.0 704000
1681630754562 140899.0 704500
1681630755016 140999.0 705000
1681630755836 141099.0 705500
1681630756213 141199.0 706000
1681630757113 141299.0 706500
1681630757433 141399.0 707000
1681630758107 141499.0 707500
1681630758514 141599.0 708000
1681630759080 141699.0 708500
1681630759553 141799.0 709000
1681630759863 141899.0 709500
1681630760308 141999.0 710000
1681630760875 142099.0 710500
1681630761298 142199.0 711000
1681630761824 142299.0 711500
1681630762244 142399.0 712000
1681630762639 142499.0 712500
1681630763066 142599.0 713000
1681630763335 142699.0 713500
1681630763692 142799.0 714000
1681630764057 142899.0 714500
1681630764382 142999.0 715000
1681630764909 143099.0 715500
1681630765477 143199.0 716000
1681630765758 143299.0 716500
1681630766160 143399.0 717000
1681630766800 143499.0 717500
1681630767309 143599.0 718000
1681630767667 143699.0 718500
1681630768191 143799.0 719000
1681630768836 143899.0 719500
1681630769280 143999.0 720000
1681630769935 144099.0 720500
1681630770232 144199.0 721000
1681630770555 144299.0 721500
1681630770988 144399.0 722000
1681630771410 144499.0 722500
1681630771884 144599.0 723000
1681630772227 144699.0 723500
1681630772620 144799.0 724000
1681630773100 144899.0 724500
1681630773405 144999.0 725000
1681630773911 145099.0 725500
1681630774311 145199.0 726000
1681630775056 145299.0 726500
1681630775470 145399.0 727000
1681630775884 145499.0 727500
1681630776419 145599.0 728000
1681630776741 145699.0 728500
1681630777213 145799.0 729000
1681630777494 145899.0 729500
1681630778010 145999.0 730000
1681630778401 146099.0 730500
1681630779126 146199.0 731000
1681630779677 146299.0 731500
1681630780528 146399.0 732000
1681630781040 146499.0 732500
1681630781371 146599.0 733000
1681630781965 146699.0 733500
1681630782342 146799.0 734000
1681630782718 146899.0 734500
1681630783200 146999.0 735000
1681630783557 147099.0 735500
1681630784434 147199.0 736000
1681630784904 147299.0 736500
1681630785470 147399.0 737000
1681630785711 147499.0 737500
1681630786129 147599.0 738000
1681630786427 147699.0 738500
1681630786800 147799.0 739000
1681630787810 147899.0 739500
1681630788091 147999.0 740000
1681630788437 148099.0 740500
1681630788664 148199.0 741000
1681630789043 148299.0 741500
1681630789389 148399.0 742000
1681630790008 148499.0 742500
1681630790301 148599.0 743000
1681630790607 148699.0 743500
1681630790894 148799.0 744000
1681630791283 148899.0 744500
1681630791812 148999.0 745000
1681630792185 149099.0 745500
1681630792612 149199.0 746000
1681630792965 149299.0 746500
1681630793242 149399.0 747000
1681630793994 149499.0 747500
1681630794542 149599.0 748000
1681630794790 149699.0 748500
1681630795070 149799.0 749000
1681630795633 149899.0 749500
1681630796120 149999.0 750000
1681630796474 150099.0 750500
1681630796869 150199.0 751000
1681630797213 150299.0 751500
1681630797795 150399.0 752000
1681630798297 150499.0 752500
1681630798815 150599.0 753000
1681630799162 150699.0 753500
1681630799523 150799.0 754000
1681630799980 150899.0 754500
1681630800344 150999.0 755000
1681630800626 151099.0 755500
1681630800910 151199.0 756000
1681630801273 151299.0 756500
1681630801574 151399.0 757000
1681630801989 151499.0 757500
1681630802224 151599.0 758000
1681630802751 151699.0 758500
1681630803196 151799.0 759000
1681630803887 151899.0 759500
1681630804268 151999.0 760000
1681630805118 152099.0 760500
1681630805441 152199.0 761000
1681630805849 152299.0 761500
1681630806456 152399.0 762000
1681630807194 152499.0 762500
1681630807795 152599.0 763000
1681630808333 152699.0 763500
1681630808634 152799.0 764000
1681630808987 152899.0 764500
1681630809818 152999.0 765000
1681630810180 153099.0 765500
1681630810713 153199.0 766000
1681630811065 153299.0 766500
1681630811412 153399.0 767000
1681630811913 153499.0 767500
1681630812320 153599.0 768000
1681630812841 153699.0 768500
1681630813207 153799.0 769000
1681630813718 153899.0 769500
1681630814179 153999.0 770000
1681630814949 154099.0 770500
1681630815453 154199.0 771000
1681630815974 154299.0 771500
1681630816445 154399.0 772000
1681630816969 154499.0 772500
1681630817305 154599.0 773000
1681630817618 154699.0 773500
1681630817962 154799.0 774000
1681630818333 154899.0 774500
1681630818651 154999.0 775000
1681630818947 155099.0 775500
1681630819270 155199.0 776000
1681630819517 155299.0 776500
1681630819956 155399.0 777000
1681630820318 155499.0 777500
1681630820794 155599.0 778000
1681630821269 155699.0 778500
1681630821496 155799.0 779000
1681630822025 155899.0 779500
1681630822427 155999.0 780000
1681630822686 156099.0 780500
1681630823346 156199.0 781000
1681630823765 156299.0 781500
1681630824013 156399.0 782000
1681630824320 156499.0 782500
1681630824757 156599.0 783000
1681630825036 156699.0 783500
1681630825329 156799.0 784000
1681630825599 156899.0 784500
1681630825910 156999.0 785000
1681630826231 157099.0 785500
1681630826734 157199.0 786000
1681630826993 157299.0 786500
1681630827564 157399.0 787000
1681630828017 157499.0 787500
1681630828281 157599.0 788000
1681630828569 157699.0 788500
1681630828890 157799.0 789000
1681630829180 157899.0 789500
1681630829412 157999.0 790000
1681630829648 158099.0 790500
1681630829914 158199.0 791000
1681630830158 158299.0 791500
1681630830432 158399.0 792000
1681630830689 158499.0 792500
1681630830979 158599.0 793000
1681630831400 158699.0 793500
1681630831728 158799.0 794000
1681630832093 158899.0 794500
1681630832384 158999.0 795000
1681630832797 159099.0 795500
1681630833139 159199.0 796000
1681630833886 159299.0 796500
1681630834498 159399.0 797000
1681630834760 159499.0 797500
1681630835147 159599.0 798000
1681630835474 159699.0 798500
1681630835719 159799.0 799000
1681630836131 159899.0 799500
1681630836530 159999.0 800000
1681630836852 160099.0 800500
1681630837295 160199.0 801000
1681630837952 160299.0 801500
1681630838285 160399.0 802000
1681630838761 160499.0 802500
1681630839176 160599.0 803000
1681630839871 160699.0 803500
1681630840385 160799.0 804000
1681630840906 160899.0 804500
1681630841342 160999.0 805000
1681630841921 161099.0 805500
1681630842353 161199.0 806000
1681630843030 161299.0 806500
1681630843549 161399.0 807000
1681630843872 161499.0 807500
1681630844313 161599.0 808000
1681630844576 161699.0 808500
1681630845142 161799.0 809000
1681630845688 161899.0 809500
1681630846163 161999.0 810000
1681630846569 162099.0 810500
1681630846824 162199.0 811000
1681630847067 162299.0 811500
1681630847309 162399.0 812000
1681630847977 162499.0 812500
1681630848318 162599.0 813000
1681630848703 162699.0 813500
1681630849274 162799.0 814000
1681630849814 162899.0 814500
1681630850657 162999.0 815000
1681630851078 163099.0 815500
1681630851554 163199.0 816000
1681630851920 163299.0 816500
1681630852384 163399.0 817000
1681630852787 163499.0 817500
1681630853294 163599.0 818000
1681630853769 163699.0 818500
1681630854383 163799.0 819000
1681630855031 163899.0 819500
1681630855825 163999.0 820000
1681630856097 164099.0 820500
1681630856693 164199.0 821000
1681630857060 164299.0 821500
1681630857502 164399.0 822000
1681630857807 164499.0 822500
1681630858248 164599.0 823000
1681630858589 164699.0 823500
1681630859497 164799.0 824000
1681630859917 164899.0 824500
1681630860400 164999.0 825000
1681630861150 165099.0 825500
1681630861473 165199.0 826000
1681630861801 165299.0 826500
1681630862170 165399.0 827000
1681630862750 165499.0 827500
1681630863152 165599.0 828000
1681630863608 165699.0 828500
1681630864146 165799.0 829000
1681630864767 165899.0 829500
1681630865251 165999.0 830000
1681630865965 166099.0 830500
1681630866207 166199.0 831000
1681630866640 166299.0 831500
1681630867076 166399.0 832000
1681630867482 166499.0 832500
1681630868174 166599.0 833000
1681630868544 166699.0 833500
1681630868768 166799.0 834000
1681630869020 166899.0 834500
1681630869221 166999.0 835000
1681630869557 167099.0 835500
1681630869766 167199.0 836000
1681630869983 167299.0 836500
1681630870363 167399.0 837000
1681630870706 167499.0 837500
1681630871316 167599.0 838000
1681630871535 167699.0 838500
1681630871742 167799.0 839000
1681630872040 167899.0 839500
1681630872528 167999.0 840000
1681630872793 168099.0 840500
1681630873385 168199.0 841000
1681630873980 168299.0 841500
1681630874391 168399.0 842000
1681630874700 168499.0 842500
1681630875390 168599.0 843000
1681630875751 168699.0 843500
1681630876009 168799.0 844000
1681630876413 168899.0 844500
1681630876777 168999.0 845000
1681630877553 169099.0 845500
1681630877930 169199.0 846000
1681630878662 169299.0 846500
1681630878955 169399.0 847000
1681630879204 169499.0 847500
1681630879633 169599.0 848000
1681630880030 169699.0 848500
1681630880294 169799.0 849000
1681630880535 169899.0 849500
1681630880802 169999.0 850000
1681630881156 170099.0 850500
1681630881463 170199.0 851000
1681630881914 170299.0 851500
1681630882182 170399.0 852000
1681630882766 170499.0 852500
1681630883232 170599.0 853000
1681630883559 170699.0 853500
1681630883809 170799.0 854000
1681630884366 170899.0 854500
1681630885044 170999.0 855000
1681630885312 171099.0 855500
1681630885722 171199.0 856000
1681630886069 171299.0 856500
1681630886912 171399.0 857000
1681630887422 171499.0 857500
1681630887624 171599.0 858000
1681630888033 171699.0 858500
1681630888312 171799.0 859000
1681630888714 171899.0 859500
1681630889134 171999.0 860000
1681630889417 172099.0 860500
1681630889921 172199.0 861000
1681630890353 172299.0 861500
1681630890931 172399.0 862000
1681630891317 172499.0 862500
1681630892046 172599.0 863000
1681630892370 172699.0 863500
1681630892668 172799.0 864000
1681630893519 172899.0 864500
1681630893910 172999.0 865000
1681630894455 173099.0 865500
1681630894869 173199.0 866000
1681630895304 173299.0 866500
1681630895585 173399.0 867000
1681630896084 173499.0 867500
1681630896442 173599.0 868000
1681630897169 173699.0 868500
1681630897445 173799.0 869000
1681630897954 173899.0 869500
1681630898325 173999.0 870000
1681630898876 174099.0 870500
1681630899522 174199.0 871000
1681630900011 174299.0 871500
1681630900642 174399.0 872000
1681630901072 174499.0 872500
1681630901349 174599.0 873000
1681630901715 174699.0 873500
1681630902022 174799.0 874000
1681630902303 174899.0 874500
1681630902844 174999.0 875000
1681630903271 175099.0 875500
1681630903954 175199.0 876000
1681630904480 175299.0 876500
1681630904759 175399.0 877000
1681630905247 175499.0 877500
1681630905504 175599.0 878000
1681630905716 175699.0 878500
1681630906266 175799.0 879000
1681630906674 175899.0 879500
1681630907477 175999.0 880000
1681630907886 176099.0 880500
1681630908273 176199.0 881000
1681630908552 176299.0 881500
1681630908971 176399.0 882000
1681630909199 176499.0 882500
1681630909439 176599.0 883000
1681630909773 176699.0 883500
1681630910807 176799.0 884000
1681630911140 176899.0 884500
1681630911394 176999.0 885000
1681630911947 177099.0 885500
1681630912291 177199.0 886000
1681630912544 177299.0 886500
1681630912888 177399.0 887000
1681630913245 177499.0 887500
1681630913492 177599.0 888000
1681630913727 177699.0 888500
1681630913936 177799.0 889000
1681630914268 177899.0 889500
1681630914614 177999.0 890000
1681630914806 178099.0 890500
1681630915270 178199.0 891000
1681630915609 178299.0 891500
1681630915818 178399.0 892000
1681630916057 178499.0 892500
1681630916370 178599.0 893000
1681630916823 178699.0 893500
1681630917162 178799.0 894000
1681630917731 178899.0 894500
1681630918139 178999.0 895000
1681630918867 179099.0 895500
1681630919427 179199.0 896000
1681630919834 179299.0 896500
1681630920220 179399.0 897000
1681630920699 179499.0 897500
1681630921156 179599.0 898000
1681630921475 179699.0 898500
1681630921729 179799.0 899000
1681630922148 179899.0 899500
1681630922448 179999.0 900000
1681630923030 180099.0 900500
1681630923384 180199.0 901000
1681630924098 180299.0 901500
1681630924371 180399.0 902000
1681630924605 180499.0 902500
1681630925097 180599.0 903000
1681630925445 180699.0 903500
1681630925998 180799.0 904000
1681630926344 180899.0 904500
1681630926988 180999.0 905000
1681630927378 181099.0 905500
1681630928178 181199.0 906000
1681630928581 181299.0 906500
1681630929016 181399.0 907000
1681630929369 181499.0 907500
1681630929828 181599.0 908000
1681630930364 181699.0 908500
1681630930838 181799.0 909000
1681630931329 181899.0 909500
1681630931643 181999.0 910000
1681630932208 182099.0 910500
1681630932546 182199.0 911000
1681630933013 182299.0 911500
1681630933370 182399.0 912000
1681630934051 182499.0 912500
1681630934477 182599.0 913000
1681630935063 182699.0 913500
1681630935427 182799.0 914000
1681630936030 182899.0 914500
1681630936386 182999.0 915000
1681630936675 183099.0 915500
1681630937046 183199.0 916000
1681630937486 183299.0 916500
1681630937753 183399.0 917000
1681630938105 183499.0 917500
1681630938456 183599.0 918000
1681630938815 183699.0 918500
1681630939183 183799.0 919000
1681630939494 183899.0 919500
1681630939815 183999.0 920000
1681630940082 184099.0 920500
1681630940456 184199.0 921000
1681630940869 184299.0 921500
1681630941155 184399.0 922000
1681630941783 184499.0 922500
1681630942183 184599.0 923000
1681630942395 184699.0 923500
1681630942677 184799.0 924000
1681630943002 184899.0 924500
1681630943435 184999.0 925000
1681630943695 185099.0 925500
1681630943994 185199.0 926000
1681630944273 185299.0 926500
1681630944498 185399.0 927000
1681630944832 185499.0 927500
1681630945133 185599.0 928000
1681630945418 185699.0 928500
1681630945779 185799.0 929000
1681630946050 185899.0 929500
1681630946409 185999.0 930000
1681630947107 186099.0 930500
1681630947406 186199.0 931000
1681630947758 186299.0 931500
1681630948096 186399.0 932000
1681630948364 186499.0 932500
1681630948627 186599.0 933000
1681630948863 186699.0 933500
1681630949092 186799.0 934000
1681630949360 186899.0 934500
1681630949646 186999.0 935000
1681630949928 187099.0 935500
1681630950146 187199.0 936000
1681630950421 187299.0 936500
1681630950670 187399.0 937000
1681630950949 187499.0 937500
1681630951242 187599.0 938000
1681630951550 187699.0 938500
1681630951869 187799.0 939000
1681630952097 187899.0 939500
1681630952339 187999.0 940000
1681630952575 188099.0 940500
1681630952931 188199.0 941000
1681630953237 188299.0 941500
1681630953575 188399.0 942000
1681630954203 188499.0 942500
1681630954624 188599.0 943000
1681630954913 188699.0 943500
1681630955493 188799.0 944000
1681630956187 188899.0 944500
1681630956564 188999.0 945000
1681630957060 189099.0 945500
1681630957402 189199.0 946000
1681630957997 189299.0 946500
1681630958471 189399.0 947000
1681630959041 189499.0 947500
1681630959550 189599.0 948000
1681630959785 189699.0 948500
1681630960420 189799.0 949000
1681630960972 189899.0 949500
1681630961205 189999.0 950000
1681630961887 190099.0 950500
1681630962431 190199.0 951000
1681630962813 190299.0 951500
1681630963158 190399.0 952000
1681630963540 190499.0 952500
1681630963892 190599.0 953000
1681630964216 190699.0 953500
1681630964504 190799.0 954000
1681630964814 190899.0 954500
1681630965067 190999.0 955000
1681630965371 191099.0 955500
1681630965626 191199.0 956000
1681630965908 191299.0 956500
1681630966312 191399.0 957000
1681630966568 191499.0 957500
1681630966798 191599.0 958000
1681630967033 191699.0 958500
1681630967365 191799.0 959000
1681630967877 191899.0 959500
1681630968191 191999.0 960000
1681630968512 192099.0 960500
1681630968875 192199.0 961000
1681630969159 192299.0 961500
1681630969375 192399.0 962000
1681630969636 192499.0 962500
1681630969968 192599.0 963000
1681630970402 192699.0 963500
1681630970697 192799.0 964000
1681630971039 192899.0 964500
1681630971266 192999.0 965000
1681630971595 193099.0 965500
1681630971931 193199.0 966000
1681630972261 193299.0 966500
1681630972686 193399.0 967000
1681630973107 193499.0 967500
1681630973509 193599.0 968000
1681630973718 193699.0 968500
1681630973931 193799.0 969000
1681630974552 193899.0 969500
1681630975139 193999.0 970000
1681630975359 194099.0 970500
1681630975563 194199.0 971000
1681630975789 194299.0 971500
1681630976042 194399.0 972000
1681630976430 194499.0 972500
1681630976780 194599.0 973000
1681630977138 194699.0 973500
1681630977877 194799.0 974000
1681630978575 194899.0 974500
1681630978835 194999.0 975000
1681630979245 195099.0 975500
1681630979638 195199.0 976000
1681630979871 195299.0 976500
1681630980150 195399.0 977000
1681630980447 195499.0 977500
1681630980789 195599.0 978000
1681630981487 195699.0 978500
1681630981890 195799.0 979000
1681630982284 195899.0 979500
1681630982536 195999.0 980000
1681630982969 196099.0 980500
1681630983278 196199.0 981000
1681630983533 196299.0 981500
1681630983908 196399.0 982000
1681630984165 196499.0 982500
1681630984430 196599.0 983000
1681630984873 196699.0 983500
1681630985253 196799.0 984000
1681630985759 196899.0 984500
1681630986232 196999.0 985000
1681630986537 197099.0 985500
1681630986900 197199.0 986000
1681630987157 197299.0 986500
1681630987596 197399.0 987000
1681630987973 197499.0 987500
1681630988333 197599.0 988000
1681630988700 197699.0 988500
1681630988966 197799.0 989000
1681630989329 197899.0 989500
1681630989602 197999.0 990000
1681630989853 198099.0 990500
1681630990183 198199.0 991000
1681630990605 198299.0 991500
1681630990883 198399.0 992000
1681630991084 198499.0 992500
1681630991375 198599.0 993000
1681630991796 198699.0 993500
1681630992014 198799.0 994000
1681630992260 198899.0 994500
1681630992500 198999.0 995000
1681630992794 199099.0 995500
1681630993140 199199.0 996000
1681630993341 199299.0 996500
1681630993599 199399.0 997000
1681630993805 199499.0 997500
1681630994062 199599.0 998000
1681630994258 199699.0 998500
1681630994628 199799.0 999000
1681630994860 199899.0 999500
1681630995135 199999.0 1000000
