1681630125506 -8.31628131866455 500
1681630125713 9.674552917480469 1000
1681630125938 -7.712658882141113 1500
1681630126153 1.431777000427246 2000
1681630126424 -3.2714297771453857 2500
1681630126692 -4.044861793518066 3000
1681630126918 -0.2820349335670471 3500
1681630127167 0.6491826772689819 4000
1681630127405 1.1036913394927979 4500
1681630127821 3.092125654220581 5000
1681630128626 1.6077111959457397 5500
1681630128893 -0.1938948929309845 6000
1681630129160 -2.096436023712158 6500
1681630129373 4.106717586517334 7000
1681630129681 -4.495778560638428 7500
1681630129911 3.8190643787384033 8000
1681630130260 10.571161270141602 8500
1681630130610 -0.10664758831262589 9000
1681630130838 -6.875164031982422 9500
1681630131071 -9.132744789123535 10000
1681630131345 5.7851667404174805 10500
1681630131622 -13.065963745117188 11000
1681630132147 -0.8091667294502258 11500
1681630132416 -0.010890708304941654 12000
1681630132672 -4.214896202087402 12500
1681630132887 -3.8086097240448 13000
1681630133216 -0.08005630970001221 13500
1681630133494 4.938729763031006 14000
1681630133769 -0.02155986614525318 14500
1681630134022 -1.160827398300171 15000
1681630134281 3.324864625930786 15500
1681630134534 0.33985838294029236 16000
1681630134789 -0.06528327614068985 16500
1681630135085 -7.7207136154174805 17000
1681630135333 -1.8334987163543701 17500
1681630135656 -0.7014399170875549 18000
1681630135951 1.4558064937591553 18500
1681630136173 -1.6962125301361084 19000
1681630136391 -6.41542911529541 19500
1681630136700 -1.1608823537826538 20000
1681630136961 7.325747013092041 20500
1681630137249 14.424291610717773 21000
1681630137515 -1.9909884929656982 21500
1681630137783 -33.63297653198242 22000
1681630138045 1.0012494325637817 22500
1681630138316 2.908229351043701 23000
1681630138656 1.9393764734268188 23500
1681630138944 -3.3172271251678467 24000
1681630139207 20.129493713378906 24500
1681630139443 0.6803938150405884 25000
1681630139663 -0.01932390034198761 25500
1681630139965 -0.8684033155441284 26000
1681630140233 -0.0037059939932078123 26500
1681630140564 2.3063268661499023 27000
1681630140800 -7.910604000091553 27500
1681630141050 -0.8134113550186157 28000
1681630141309 1.1596521139144897 28500
1681630141626 6.530855655670166 29000
1681630142042 0.31257301568984985 29500
1681630142244 -4.212946891784668 30000
1681630142488 4.157294273376465 30500
1681630142906 -2.674041271209717 31000
1681630143302 -2.284306764602661 31500
1681630143592 -0.13814190030097961 32000
1681630143861 1.0133541822433472 32500
1681630144136 1.8419345617294312 33000
1681630144488 -2.067993640899658 33500
1681630144913 4.330615043640137 34000
1681630145190 -5.842011451721191 34500
1681630145419 7.398325443267822 35000
1681630145679 4.311464786529541 35500
1681630146012 -0.17150309681892395 36000
1681630146420 -1.1405112743377686 36500
1681630146894 4.080679893493652 37000
1681630147200 -1.254453420639038 37500
1681630147575 -0.4506989121437073 38000
1681630148001 -3.07791805267334 38500
1681630148380 -1.4808772802352905 39000
1681630148880 3.7464263439178467 39500
1681630149195 -3.9908509254455566 40000
1681630149660 0.5914089679718018 40500
1681630149948 1.5331873893737793 41000
1681630150267 1.1829544305801392 41500
1681630150582 0.1828947812318802 42000
1681630150981 1.9260057210922241 42500
1681630151274 0.6391628980636597 43000
1681630151580 0.4167962670326233 43500
1681630151881 0.4963761270046234 44000
1681630152251 0.896645724773407 44500
1681630152620 -0.06306353956460953 45000
1681630152957 1.7796443700790405 45500
1681630153251 -1.3747029304504395 46000
1681630153587 -0.32061082124710083 46500
1681630153853 7.192742347717285 47000
1681630154097 0.2107044756412506 47500
1681630154331 2.0448975563049316 48000
1681630154619 -0.3172888457775116 48500
1681630154932 0.9486773610115051 49000
1681630155154 -34.32921600341797 49500
1681630155380 7.5393781661987305 50000
1681630155633 2.3695015907287598 50500
1681630155876 0.10831000655889511 51000
1681630156115 0.49008503556251526 51500
1681630156394 1.9239240884780884 52000
1681630156703 0.020233355462551117 52500
1681630156943 2.1322484016418457 53000
1681630157154 -7.666123390197754 53500
1681630157410 13.326899528503418 54000
1681630157625 1.0209434032440186 54500
1681630157874 -0.003206524532288313 55000
1681630158102 -9.247459411621094 55500
1681630158371 1.2404571771621704 56000
1681630158612 -0.22527138888835907 56500
1681630158949 1.4921927452087402 57000
1681630159179 -1.0536649227142334 57500
1681630159433 -0.3719373643398285 58000
1681630159669 0.6523481607437134 58500
1681630159982 -0.07317538559436798 59000
1681630160222 -1.4319040775299072 59500
1681630160439 0.7073391079902649 60000
1681630160684 -0.7180052995681763 60500
1681630160910 2.1564745903015137 61000
1681630161171 1.8166706562042236 61500
1681630161419 0.10628129541873932 62000
1681630161873 0.7234289050102234 62500
1681630162094 -1.0013515949249268 63000
1681630162341 -0.8449670672416687 63500
1681630162655 2.0323948860168457 64000
1681630162893 -4.11085844039917 64500
1681630163101 1.0065438747406006 65000
1681630163320 -0.008385086432099342 65500
1681630163518 -2.101573409163393e-05 66000
1681630163746 0.003219397272914648 66500
1681630163951 0.9262242317199707 67000
1681630164154 -8.092751502990723 67500
1681630164346 -0.3303930461406708 68000
1681630164543 1.1122519969940186 68500
1681630164746 0.7672246694564819 69000
1681630164972 0.4821142256259918 69500
1681630165167 -1.6773741245269775 70000
1681630165359 0.48744431138038635 70500
1681630165549 -0.46618586778640747 71000
1681630165737 1.0845893621444702 71500
1681630165927 0.13474053144454956 72000
1681630166121 0.93150794506073 72500
1681630166330 1.5631687641143799 73000
1681630166555 -2.960369825363159 73500
1681630166750 -1.2556778192520142 74000
1681630166976 -0.9020794630050659 74500
1681630167215 -1.3167604207992554 75000
1681630167417 -2.4838814735412598 75500
1681630167613 -0.1262584775686264 76000
1681630167883 -0.9598320126533508 76500
1681630168137 -0.07793150097131729 77000
1681630168424 -0.11624149978160858 77500
1681630168636 -0.27632415294647217 78000
1681630168832 -2.1095428466796875 78500
1681630169059 1.1193129466846585e-05 79000
1681630169389 0.009876574389636517 79500
1681630169768 2.278794527053833 80000
1681630170195 1.3524401187896729 80500
1681630170461 -0.01720564067363739 81000
1681630170732 7.769017696380615 81500
1681630171119 -3.8018546104431152 82000
1681630171696 1.7964988946914673 82500
1681630172134 0.25720566511154175 83000
1681630172462 -0.30682435631752014 83500
1681630172784 -2.50630259513855 84000
1681630173385 -0.9215046167373657 84500
1681630174290 2.378584384918213 85000
1681630174800 -3.4929909706115723 85500
1681630175383 5.337513446807861 86000
1681630175659 0.025775467976927757 86500
1681630176028 0.5829994678497314 87000
1681630176554 -0.6730416417121887 87500
1681630177393 -3.2186954021453857 88000
1681630177686 -0.8470191955566406 88500
1681630178187 0.5685774683952332 89000
1681630178724 3.315770387649536 89500
1681630179138 -0.33005279302597046 90000
1681630180007 3.437757968902588 90500
1681630180271 0.003559201955795288 91000
1681630180601 0.6977348923683167 91500
1681630180827 -2.5885207653045654 92000
1681630181063 0.4602126181125641 92500
1681630181263 0.5094517469406128 93000
1681630181464 -1.677130937576294 93500
1681630181660 0.6730104684829712 94000
1681630181862 4.038329601287842 94500
1681630182107 0.00741895567625761 95000
1681630182350 0.36547568440437317 95500
1681630182580 0.7352092266082764 96000
1681630182787 0.5460287928581238 96500
1681630183013 0.10917992889881134 97000
1681630183214 3.0659725666046143 97500
1681630183422 0.0020751524716615677 98000
1681630183684 0.011505651287734509 98500
1681630183905 -0.9197615385055542 99000
1681630184127 0.007864403538405895 99500
1681630184325 0.09891370683908463 100000
1681630184528 0.2203052043914795 100500
1681630184727 -0.6155455708503723 101000
1681630184923 -0.3112327754497528 101500
1681630185125 2.62261700630188 102000
1681630185344 -0.10544987767934799 102500
1681630185575 -0.39885663986206055 103000
1681630185778 -0.5825613737106323 103500
1681630185979 -1.5718271732330322 104000
1681630186190 -0.5443676114082336 104500
1681630186429 0.12236348539590836 105000
1681630186775 0.7622002959251404 105500
1681630187129 -0.17351463437080383 106000
1681630187405 2.445188522338867 106500
1681630187689 -0.1007138267159462 107000
1681630188065 0.18399834632873535 107500
1681630188465 -0.8228777647018433 108000
1681630189176 -0.8083148002624512 108500
1681630189585 -0.9454408884048462 109000
1681630190142 -0.5465493202209473 109500
1681630190591 0.037423018366098404 110000
1681630191082 -1.9113218784332275 110500
1681630191910 -2.2751173973083496 111000
1681630192531 0.12022022157907486 111500
1681630193362 0.2301165610551834 112000
1681630194082 0.034603048115968704 112500
1681630194595 0.3814423978328705 113000
1681630195148 0.5024436712265015 113500
1681630195484 -1.2007594108581543 114000
1681630195914 -1.3988605737686157 114500
1681630196236 -0.7743159532546997 115000
1681630196601 -0.014714336022734642 115500
1681630196981 -0.24504733085632324 116000
1681630197270 0.8438666462898254 116500
1681630197685 0.36454224586486816 117000
1681630197959 -0.19641996920108795 117500
1681630198232 -1.0372369289398193 118000
1681630198447 1.1728625297546387 118500
1681630198646 -3.5280723571777344 119000
1681630198841 2.9354119300842285 119500
1681630199071 3.320702075958252 120000
1681630199283 0.015457305125892162 120500
1681630199488 -1.1235791444778442 121000
1681630199742 0.1482464075088501 121500
1681630199955 0.0445563867688179 122000
1681630200155 -2.7846248149871826 122500
1681630200386 -0.031466174870729446 123000
1681630200567 -4.357167720794678 123500
1681630200762 -0.7404485940933228 124000
1681630200944 0.6444598436355591 124500
1681630201145 3.0921661853790283 125000
1681630201347 0.001232797047123313 125500
1681630201539 3.491591215133667 126000
1681630201717 -0.5735405683517456 126500
1681630201894 -5.289440155029297 127000
1681630202069 -0.1327090561389923 127500
1681630202245 -0.11779574304819107 128000
1681630202421 -0.1906163990497589 128500
1681630202605 -0.03112540766596794 129000
1681630202807 0.48562994599342346 129500
1681630203013 -1.1439831256866455 130000
1681630203222 0.022871339693665504 130500
1681630203408 2.599339246749878 131000
1681630203595 0.7477673292160034 131500
1681630203820 -0.42690005898475647 132000
1681630204007 -0.5295530557632446 132500
1681630204201 0.8687194585800171 133000
1681630204394 1.9161819219589233 133500
1681630204584 -0.3426516056060791 134000
1681630204832 0.2114676982164383 134500
1681630205076 -0.8991589546203613 135000
1681630205311 1.5599486827850342 135500
1681630205564 -0.38794153928756714 136000
1681630206044 -0.3834764361381531 136500
1681630206611 0.18048039078712463 137000
1681630206852 0.2713382840156555 137500
1681630207152 -0.5817050337791443 138000
1681630207415 0.6977818608283997 138500
1681630207643 -0.6720082759857178 139000
1681630207932 -1.5559896230697632 139500
1681630208267 0.011815622448921204 140000
1681630208698 -1.1998622417449951 140500
1681630209613 1.5136809349060059 141000
1681630209961 -1.165902853012085 141500
1681630210815 0.5107865333557129 142000
1681630211222 0.06037759780883789 142500
1681630211939 1.073561668395996 143000
1681630212492 0.4380655884742737 143500
1681630212953 -2.974060535430908 144000
1681630213785 0.08365251123905182 144500
1681630214236 -0.21443355083465576 145000
1681630214610 -0.29320061206817627 145500
1681630215005 -0.5246503353118896 146000
1681630215955 -2.4269697666168213 146500
1681630216383 -0.04311654344201088 147000
1681630216719 1.480892300605774 147500
1681630217286 0.6843315362930298 148000
1681630217672 -1.3332818746566772 148500
1681630218545 -0.5554351806640625 149000
1681630218910 -2.6336886882781982 149500
1681630219453 0.8602710962295532 150000
1681630219985 0.7523569464683533 150500
1681630220801 1.5637648105621338 151000
1681630221309 -0.6114272475242615 151500
1681630222262 -0.21157793700695038 152000
1681630222728 0.5395974516868591 152500
1681630223132 0.13282671570777893 153000
1681630223514 -0.685934841632843 153500
1681630223915 0.11959757655858994 154000
1681630224301 -0.08386514335870743 154500
1681630224725 -0.5706356763839722 155000
1681630225196 -0.47680360078811646 155500
1681630225546 -0.013011595234274864 156000
1681630226264 0.25292062759399414 156500
1681630226605 -0.48590022325515747 157000
1681630227160 0.6128553748130798 157500
1681630227583 1.2641487121582031 158000
1681630228713 0.611845850944519 158500
1681630229039 0.5051938891410828 159000
1681630229708 -0.6788654327392578 159500
1681630230043 1.1828666925430298 160000
1681630230977 0.28517743945121765 160500
1681630231270 2.1406490802764893 161000
1681630231812 0.24689121544361115 161500
1681630232216 0.7072644233703613 162000
1681630233236 -0.2510579228401184 162500
1681630233560 -1.7493232488632202 163000
1681630234151 -0.19015225768089294 163500
1681630234473 0.17794542014598846 164000
1681630234921 0.599014937877655 164500
1681630235242 -0.0386512391269207 165000
1681630235743 1.264868974685669 165500
1681630236054 -0.9187339544296265 166000
1681630236537 -1.1850254535675049 166500
1681630236821 -0.12926343083381653 167000
1681630237344 0.29206186532974243 167500
1681630237700 -0.04302651807665825 168000
1681630238208 0.045863885432481766 168500
1681630238562 -0.12078873068094254 169000
1681630239549 -0.2182462215423584 169500
1681630239863 2.1458740234375 170000
1681630240417 -0.807575523853302 170500
1681630240713 -0.42730578780174255 171000
1681630241423 0.4068607687950134 171500
1681630241840 0.8366130590438843 172000
1681630242689 0.0010044770315289497 172500
1681630243103 -1.3407702445983887 173000
1681630244355 1.610791563987732 173500
1681630244708 -0.14038613438606262 174000
1681630245024 0.09536975622177124 174500
1681630245464 0.01635473594069481 175000
1681630245802 -0.0 175500
1681630246113 -0.2121245115995407 176000
1681630246475 -0.10279669612646103 176500
1681630246858 2.627699375152588 177000
1681630247682 -0.23463352024555206 177500
1681630248115 0.2792646884918213 178000
1681630248664 -0.038018953055143356 178500
1681630249118 -0.026004895567893982 179000
1681630249860 0.022275950759649277 179500
1681630250299 -0.35119491815567017 180000
1681630251143 0.561100959777832 180500
1681630251639 -0.00021335366182029247 181000
1681630252003 -0.5125395655632019 181500
1681630252492 -0.5788732171058655 182000
1681630253315 0.4055679738521576 182500
1681630254098 0.4522880017757416 183000
1681630254471 0.4844430983066559 183500
1681630255076 -1.6757843494415283 184000
1681630255428 0.029984066262841225 184500
1681630256280 0.4440360963344574 185000
1681630256725 -0.20387735962867737 185500
1681630257971 -0.24714358150959015 186000
1681630258401 -0.037107255309820175 186500
1681630258872 -0.07931230962276459 187000
1681630259462 0.4744114279747009 187500
1681630260275 0.3852528929710388 188000
1681630260914 0.2184218168258667 188500
1681630261726 0.02928219363093376 189000
1681630262397 -0.27405741810798645 189500
1681630263239 -0.7627400159835815 190000
1681630263609 -0.07505882531404495 190500
1681630263929 -0.4591720700263977 191000
1681630264195 0.2437496930360794 191500
1681630264508 -0.613763153553009 192000
1681630264860 0.3317130506038666 192500
1681630265355 -0.10347603261470795 193000
1681630265789 -0.054633598774671555 193500
1681630266032 0.21517765522003174 194000
1681630266452 -0.5710729360580444 194500
1681630267108 -1.4873510599136353 195000
1681630267564 0.47273117303848267 195500
1681630268095 -0.385952889919281 196000
1681630268636 0.10984978824853897 196500
1681630269175 2.7945733070373535 197000
1681630269497 0.03724035993218422 197500
1681630270018 0.14178836345672607 198000
1681630270302 0.1441093385219574 198500
1681630270731 0.4792984127998352 199000
1681630271112 -0.12474069744348526 199500
1681630271345 -0.4076003134250641 200000
1681630271547 -0.29171472787857056 200500
1681630272007 -0.5932108163833618 201000
1681630272806 0.08881759643554688 201500
1681630273126 -0.1544036865234375 202000
1681630273620 0.6973684430122375 202500
1681630274626 -0.32362988591194153 203000
1681630275010 0.518250584602356 203500
1681630275674 -0.7761616706848145 204000
1681630276030 1.5397224426269531 204500
1681630276429 -0.17084535956382751 205000
1681630277035 -0.1067255362868309 205500
1681630277388 0.6620078086853027 206000
1681630277964 -0.6263872385025024 206500
1681630278428 0.26860156655311584 207000
1681630279398 1.1041616201400757 207500
1681630279681 -0.10031001269817352 208000
1681630280316 0.05367407947778702 208500
1681630281015 -0.21149973571300507 209000
1681630281391 0.005456727929413319 209500
1681630281761 -0.01174309104681015 210000
1681630282288 -0.059542007744312286 210500
1681630282731 -0.36834263801574707 211000
1681630283291 -1.0299148559570312 211500
1681630283853 0.584678590297699 212000
1681630284208 0.15990248322486877 212500
1681630284635 0.5930675268173218 213000
1681630285189 -0.699999988079071 213500
1681630285694 0.04386289045214653 214000
1681630286131 -0.045413944870233536 214500
1681630287091 -0.11207997798919678 215000
1681630287535 0.0017230331432074308 215500
1681630288212 -0.647411584854126 216000
1681630288597 -0.14443033933639526 216500
1681630289107 0.26624706387519836 217000
1681630289422 -0.0 217500
1681630289660 -0.035526126623153687 218000
1681630290271 -0.07407572120428085 218500
1681630290875 -1.083587884902954 219000
1681630291125 -2.366640329360962 219500
1681630291567 -0.7261776328086853 220000
1681630291996 -0.03472800925374031 220500
1681630292457 0.0540485754609108 221000
1681630292994 -0.12428760528564453 221500
1681630293833 -2.898263692855835 222000
1681630294414 0.43131494522094727 222500
1681630295262 0.04362359642982483 223000
1681630295882 -0.3010261654853821 223500
1681630296811 -0.40783220529556274 224000
1681630297082 0.08777496963739395 224500
1681630297356 0.05820200964808464 225000
1681630297620 -0.24335837364196777 225500
1681630298165 -0.19046244025230408 226000
1681630298781 -0.17431697249412537 226500
1681630299467 0.021879348903894424 227000
1681630299992 -1.3310729265213013 227500
1681630300401 -0.3642804026603699 228000
1681630300868 -0.4776248037815094 228500
1681630301292 -0.40912705659866333 229000
1681630301740 -0.3244447112083435 229500
1681630302288 0.18034659326076508 230000
1681630302784 -0.46661752462387085 230500
1681630303449 0.0040801228024065495 231000
1681630304092 0.11346475780010223 231500
1681630304770 0.00033610043465159833 232000
1681630305295 -0.4171443581581116 232500
1681630305710 -0.7473503947257996 233000
1681630306134 -0.3959285616874695 233500
1681630306372 -0.3294622302055359 234000
1681630306699 -0.7240753769874573 234500
1681630307475 -0.1821913719177246 235000
1681630307867 0.12118996679782867 235500
1681630308492 -0.42577114701271057 236000
1681630308885 0.003220402402803302 236500
1681630309710 -0.1001279354095459 237000
1681630310168 -1.1510883569717407 237500
1681630310621 0.11394138634204865 238000
1681630311325 0.3511265218257904 238500
1681630311563 -1.321718454360962 239000
1681630311966 -0.5560325384140015 239500
1681630312493 -0.17449255287647247 240000
1681630312810 -0.6732248067855835 240500
1681630313459 -0.02821785770356655 241000
1681630314169 -0.1532103717327118 241500
1681630314842 -0.5341939926147461 242000
1681630315547 -0.25037190318107605 242500
1681630316199 1.3666927814483643 243000
1681630316984 0.18246528506278992 243500
1681630317324 -0.011334489099681377 244000
1681630318063 -0.3580039441585541 244500
1681630318772 1.3297619819641113 245000
1681630319286 -0.1628616750240326 245500
1681630319694 0.06301834434270859 246000
1681630320652 1.1052730083465576 246500
1681630321508 -0.2904268801212311 247000
1681630322433 0.30686554312705994 247500
1681630323120 -0.00551210343837738 248000
1681630324021 -0.012661417946219444 248500
1681630324781 -0.19913452863693237 249000
1681630325597 -0.12050750106573105 249500
1681630326218 -0.09608055651187897 250000
1681630327108 0.22064292430877686 250500
1681630327612 0.47868698835372925 251000
1681630328095 -0.32260605692863464 251500
1681630328453 0.2330062836408615 252000
1681630329208 -0.5796467065811157 252500
1681630329650 -0.12373922765254974 253000
1681630330131 0.7136837244033813 253500
1681630330581 -1.0990395545959473 254000
1681630330950 0.14885887503623962 254500
1681630331476 0.42601293325424194 255000
1681630331743 3.1357528769149212e-06 255500
1681630332004 0.8657266497612 256000
1681630332596 1.0098092555999756 256500
1681630332959 0.7869469523429871 257000
1681630333903 0.005818183533847332 257500
1681630334138 0.06969515979290009 258000
1681630334538 0.6569997072219849 258500
1681630335218 0.019674906507134438 259000
1681630335467 -0.010751089081168175 259500
1681630336184 -0.19719775021076202 260000
1681630337306 -0.036573413759469986 260500
1681630337986 0.37424910068511963 261000
1681630338309 -0.4494396150112152 261500
1681630338747 -0.5323418378829956 262000
1681630339444 -0.31449025869369507 262500
1681630339795 -0.021500298753380775 263000
1681630340725 0.034730300307273865 263500
1681630341175 -0.8668563961982727 264000
1681630342103 -0.19936203956604004 264500
1681630342537 -0.1640869379043579 265000
1681630343289 -0.21864494681358337 265500
1681630343570 -0.021567130461335182 266000
1681630344263 -0.1256624460220337 266500
1681630344830 0.22215330600738525 267000
1681630345256 -0.09684327989816666 267500
1681630345727 0.3068457841873169 268000
1681630346295 -0.04695574566721916 268500
1681630346835 -0.5952246189117432 269000
1681630347537 -0.13529270887374878 269500
1681630348184 0.11385403573513031 270000
1681630348717 -0.037809066474437714 270500
1681630349232 0.24210524559020996 271000
1681630349827 0.09985773265361786 271500
1681630350376 -0.005308452062308788 272000
1681630350766 0.09287305176258087 272500
1681630351551 -0.3901016414165497 273000
1681630351995 -0.6286503076553345 273500
1681630352882 -0.7546248435974121 274000
1681630353191 -0.23799684643745422 274500
1681630353711 0.2915833592414856 275000
1681630354039 0.06024708226323128 275500
1681630354425 -0.209912970662117 276000
1681630355032 -0.0002635075361467898 276500
1681630355321 0.018132708966732025 277000
1681630355825 1.3982365131378174 277500
1681630356080 0.10870802402496338 278000
1681630356531 0.4130026698112488 278500
1681630357027 -0.25730466842651367 279000
1681630357441 0.07480142265558243 279500
1681630358042 -0.0875905379652977 280000
1681630358656 -0.005276982206851244 280500
1681630358942 0.17346835136413574 281000
1681630359401 -0.06362955272197723 281500
1681630359904 -0.4831097722053528 282000
1681630360566 0.06937156617641449 282500
1681630360989 0.8104881048202515 283000
1681630361788 -0.280456006526947 283500
1681630362174 -0.5751288533210754 284000
1681630362558 -0.0 284500
1681630362847 -0.08949775993824005 285000
1681630363442 0.7072182297706604 285500
1681630363795 0.7343720197677612 286000
1681630364533 -0.20236125588417053 286500
1681630364986 -0.40112581849098206 287000
1681630365866 -0.13297855854034424 287500
1681630366208 -0.006268906407058239 288000
1681630367127 0.4995163381099701 288500
1681630367498 -0.051563560962677 289000
1681630367896 0.24135105311870575 289500
1681630368887 -0.0809914618730545 290000
1681630369406 0.05101913958787918 290500
1681630370205 0.035152971744537354 291000
1681630370648 -0.016967205330729485 291500
1681630371220 0.32540541887283325 292000
1681630371539 -0.04127230495214462 292500
1681630371876 1.1231681108474731 293000
1681630372497 0.19714802503585815 293500
1681630372920 0.22151963412761688 294000
1681630373807 -0.6761785745620728 294500
1681630374209 0.036122605204582214 295000
1681630374648 1.3862450122833252 295500
1681630375006 -0.3319140076637268 296000
1681630375557 -0.04362666606903076 296500
1681630375921 -0.20581242442131042 297000
1681630376661 -0.09510292857885361 297500
1681630377048 1.0420931577682495 298000
1681630377755 0.15317687392234802 298500
1681630378136 -0.042447131127119064 299000
1681630378524 0.16525007784366608 299500
1681630378982 0.009722286835312843 300000
1681630379370 0.23593957722187042 300500
1681630379755 -0.3227974474430084 301000
1681630380231 0.07092608511447906 301500
1681630380911 0.43444862961769104 302000
1681630381529 -0.016212617978453636 302500
1681630382203 -0.04699981212615967 303000
1681630382809 -0.35508114099502563 303500
1681630383535 -0.041128478944301605 304000
1681630384163 0.46234092116355896 304500
1681630384835 -0.004706331994384527 305000
1681630385199 0.05273522809147835 305500
1681630385750 0.07234996557235718 306000
1681630386179 0.2617979645729065 306500
1681630386530 0.010112287476658821 307000
1681630386915 0.06909753382205963 307500
1681630387887 -0.5243312120437622 308000
1681630388378 -0.0027649682015180588 308500
1681630388842 -0.27859318256378174 309000
1681630389384 -0.36922842264175415 309500
1681630389814 0.03892147168517113 310000
1681630390349 -0.06456321477890015 310500
1681630390695 -0.1366584151983261 311000
1681630391373 0.00911368802189827 311500
1681630391724 0.008511403575539589 312000
1681630392304 -0.5951839685440063 312500
1681630392655 0.128463014960289 313000
1681630393370 -0.41099730134010315 313500
1681630393793 0.5698755979537964 314000
1681630394557 -0.1195228323340416 314500
1681630394925 -0.09860074520111084 315000
1681630395734 0.1941589117050171 315500
1681630396104 -0.00781496986746788 316000
1681630397005 -0.5700688362121582 316500
1681630397310 -0.6788040399551392 317000
1681630397639 0.44575777649879456 317500
1681630398094 0.5475295782089233 318000
1681630398595 0.12812809646129608 318500
1681630399227 -0.038616202771663666 319000
1681630399777 0.6100815534591675 319500
1681630400132 -1.8962934017181396 320000
1681630401050 0.3762105107307434 320500
1681630401399 -0.09698977321386337 321000
1681630401833 0.4347150921821594 321500
1681630402359 0.35824424028396606 322000
1681630402776 0.11536522209644318 322500
1681630403253 -3.6791176795959473 323000
1681630403633 -0.017121637240052223 323500
1681630404589 0.6988025903701782 324000
1681630405403 -0.2825218439102173 324500
1681630406207 0.27308961749076843 325000
1681630406929 0.40137234330177307 325500
1681630407499 -0.015656456351280212 326000
1681630407807 0.42333856225013733 326500
1681630408170 0.21849051117897034 327000
1681630408898 0.40453678369522095 327500
1681630409444 -0.04364454746246338 328000
1681630409898 0.054179590195417404 328500
1681630410165 -0.6156217455863953 329000
1681630411330 0.08168903738260269 329500
1681630412087 0.20235061645507812 330000
1681630412457 0.30266058444976807 330500
1681630413134 -0.1942358911037445 331000
1681630413596 -0.10945737361907959 331500
1681630414091 0.003479942213743925 332000
1681630414845 -0.12561936676502228 332500
1681630415332 -0.023552659898996353 333000
1681630416187 -0.9868167042732239 333500
1681630416864 -0.03832768648862839 334000
1681630417917 0.5146824717521667 334500
1681630418282 -0.006298772990703583 335000
1681630418680 0.08078942447900772 335500
1681630419179 -0.007121729198843241 336000
1681630419621 0.07114852219820023 336500
1681630419922 0.20911598205566406 337000
1681630420254 -0.7923617959022522 337500
1681630420744 2.6381595134735107 338000
1681630421126 -0.5968835353851318 338500
1681630421951 -0.06385499238967896 339000
1681630422499 -0.05899631232023239 339500
1681630423059 -0.3074707090854645 340000
1681630423554 0.9234541058540344 340500
1681630423868 0.09043636918067932 341000
1681630424360 0.027467643842101097 341500
1681630424754 0.599564790725708 342000
1681630425343 -0.005251102149486542 342500
1681630425731 0.13931968808174133 343000
1681630426116 0.6479734182357788 343500
1681630426665 0.5912481546401978 344000
1681630427223 -0.6605042219161987 344500
1681630427989 0.01415947824716568 345000
1681630428937 0.158096045255661 345500
1681630429373 -0.04995856061577797 346000
1681630429895 -0.6077404022216797 346500
1681630430231 0.23995618522167206 347000
1681630430813 0.10235526412725449 347500
1681630431065 0.40277281403541565 348000
1681630431574 0.41849279403686523 348500
1681630431999 0.08637850731611252 349000
1681630432630 0.18760739266872406 349500
1681630433101 -0.12520988285541534 350000
1681630433655 -0.9850115776062012 350500
1681630434119 -0.06800763309001923 351000
1681630434672 0.21595649421215057 351500
1681630435098 -0.1090291365981102 352000
1681630435950 -0.2212323397397995 352500
1681630436434 0.016229797154664993 353000
1681630437522 -0.00019412348046898842 353500
1681630437995 -0.24538251757621765 354000
1681630438403 11.52686882019043 354500
1681630438887 -0.02079111896455288 355000
1681630439362 0.3778155446052551 355500
1681630439692 -0.018841926008462906 356000
1681630440230 -1.121862260333728e-05 356500
1681630440680 -0.1202637329697609 357000
1681630441805 1.0906366109848022 357500
1681630442281 -0.18308007717132568 358000
1681630442664 0.04458421841263771 358500
1681630443179 -0.560827374458313 359000
1681630443611 -0.23099187016487122 359500
1681630443959 -0.2697630226612091 360000
1681630444822 0.0161452554166317 360500
1681630445176 0.34763792157173157 361000
1681630445867 -0.14578303694725037 361500
1681630446280 -0.020206129178404808 362000
1681630446680 -0.0313875637948513 362500
1681630446998 0.4094938337802887 363000
1681630447707 0.001861011260189116 363500
1681630448149 -0.010084031149744987 364000
1681630448623 -0.18276619911193848 364500
1681630448983 0.10531103610992432 365000
1681630449465 -0.4651818871498108 365500
1681630450344 -1.401740312576294 366000
1681630450737 1.2495384216308594 366500
1681630451291 0.040803421288728714 367000
1681630451592 -0.20516209304332733 367500
1681630452000 2.6944165229797363 368000
1681630452249 0.1661737859249115 368500
1681630452621 -0.008999493904411793 369000
1681630453017 0.25519949197769165 369500
1681630453299 0.8621429204940796 370000
1681630453674 -0.18599167466163635 370500
1681630454170 0.2982141673564911 371000
1681630454783 -1.3469116687774658 371500
1681630455195 0.11048297584056854 372000
1681630455601 -0.6026784181594849 372500
1681630455912 0.49272480607032776 373000
1681630456446 0.0691836029291153 373500
1681630457109 -0.24487319588661194 374000
1681630457628 0.6967983245849609 374500
1681630457939 -0.3086917996406555 375000
1681630458266 1.0199182033538818 375500
1681630458567 -0.018698973581194878 376000
1681630459413 -0.236842080950737 376500
1681630459794 0.26755285263061523 377000
1681630460081 -0.812503457069397 377500
1681630460660 0.08676202595233917 378000
1681630461296 -0.07526984810829163 378500
1681630461908 -0.007369013037532568 379000
1681630462390 -0.05732090026140213 379500
1681630463014 0.20050272345542908 380000
1681630463798 0.23631151020526886 380500
1681630464339 1.3998730182647705 381000
1681630464852 0.7264866232872009 381500
1681630465216 -0.9248822927474976 382000
1681630465599 0.5051188468933105 382500
1681630466065 -0.7084684371948242 383000
1681630466975 0.2506532371044159 383500
1681630467508 -0.29998910427093506 384000
1681630467875 -0.06071054935455322 384500
1681630468349 0.033113833516836166 385000
1681630468828 -0.031635724008083344 385500
1681630469699 -0.5101883411407471 386000
1681630470189 -0.00632420415058732 386500
1681630471149 -0.5457605123519897 387000
1681630471618 -0.022135157138109207 387500
1681630472131 -0.36960655450820923 388000
1681630472513 -0.043624088168144226 388500
1681630473149 0.494286447763443 389000
1681630473554 -1.4853800535202026 389500
1681630473968 1.0754286050796509 390000
1681630474761 0.07521896809339523 390500
1681630475269 0.08217962086200714 391000
1681630476271 -0.0 391500
1681630476662 0.19435837864875793 392000
1681630477090 -0.42539262771606445 392500
1681630477644 -0.0 393000
1681630478353 0.024770289659500122 393500
1681630478751 0.6754150390625 394000
1681630479153 -0.7687621116638184 394500
1681630479448 0.07775206863880157 395000
1681630480040 0.09953232854604721 395500
1681630480450 -1.9973188638687134 396000
1681630480714 0.6987004280090332 396500
1681630481267 -0.009271357208490372 397000
1681630481757 0.16926299035549164 397500
1681630482252 -1.0438419580459595 398000
1681630482701 -0.6584870219230652 398500
1681630483446 0.2832368016242981 399000
1681630483748 -0.19588318467140198 399500
1681630484450 -1.1725883483886719 400000
1681630485238 -0.25545090436935425 400500
1681630485533 0.0002251277182949707 401000
1681630485986 0.20852498710155487 401500
1681630486890 0.11065609753131866 402000
1681630487261 -0.06771908700466156 402500
1681630487756 0.5358076095581055 403000
1681630488140 -0.5304461717605591 403500
1681630488713 0.587580680847168 404000
1681630489521 -0.8763672709465027 404500
1681630489876 0.7834067344665527 405000
1681630490516 -0.13922366499900818 405500
1681630491511 -0.3901318907737732 406000
1681630491978 -0.11430206149816513 406500
1681630492512 0.020771075040102005 407000
1681630492932 0.015202482230961323 407500
1681630493412 0.015727678313851357 408000
1681630493780 0.0562904067337513 408500
1681630494175 0.11366202682256699 409000
1681630494619 -0.0 409500
1681630494874 5.351810159481829e-06 410000
1681630495338 -0.09566051512956619 410500
1681630496304 -0.7242037057876587 411000
1681630496952 -0.13278749585151672 411500
1681630497877 -0.7835452556610107 412000
1681630498476 0.027293037623167038 412500
1681630498976 0.24720823764801025 413000
1681630499339 -0.027370799332857132 413500
1681630499634 -0.4884166121482849 414000
1681630500040 -0.019128205254673958 414500
1681630500539 -0.11012830585241318 415000
1681630501157 9.723847324494272e-05 415500
1681630501629 0.21640698611736298 416000
1681630501976 -2.150320291519165 416500
1681630502379 -0.032146427780389786 417000
1681630502996 0.7616647481918335 417500
1681630503269 -0.0 418000
1681630503548 -0.6050604581832886 418500
1681630504011 0.49968940019607544 419000
1681630504367 1.2453744411468506 419500
1681630504838 0.032325197011232376 420000
1681630505973 -0.045708976686000824 420500
1681630506538 0.287015438079834 421000
1681630507446 0.045907747000455856 421500
1681630507947 0.7331128120422363 422000
1681630508347 -0.08980917930603027 422500
1681630508770 -0.07352543622255325 423000
1681630509176 1.2688709497451782 423500
1681630509788 -0.25965046882629395 424000
1681630510680 -0.5774025917053223 424500
1681630511137 0.741009533405304 425000
1681630511625 0.09915705025196075 425500
1681630512009 -0.023937707766890526 426000
1681630512776 1.215734839439392 426500
1681630513202 0.2713797092437744 427000
1681630513583 -6.508590013254434e-05 427500
1681630514136 -0.09515418112277985 428000
1681630514532 -0.4598056375980377 428500
1681630514896 -0.7758451700210571 429000
1681630515444 -0.5331007242202759 429500
1681630515827 0.058960843831300735 430000
1681630516116 -0.039856862276792526 430500
1681630516477 -0.0011932194465771317 431000
1681630516769 0.4172752797603607 431500
1681630517140 -0.027318622916936874 432000
1681630517607 0.16296584904193878 432500
1681630518308 0.03811441361904144 433000
1681630518627 -0.5082854628562927 433500
1681630519302 0.6213953495025635 434000
1681630519607 -0.46595945954322815 434500
1681630519996 0.7880247831344604 435000
1681630520211 0.9475612640380859 435500
1681630520585 0.03145419433712959 436000
1681630520979 -0.4894970953464508 436500
1681630521393 -0.34383878111839294 437000
1681630521975 0.9726983904838562 437500
1681630522825 -0.21609897911548615 438000
1681630523337 -0.6769782900810242 438500
1681630524061 0.033312734216451645 439000
1681630524504 -0.11643104255199432 439500
1681630524934 0.20595183968544006 440000
1681630525918 -0.07791433483362198 440500
1681630526212 -0.21720004081726074 441000
1681630526792 0.08131910115480423 441500
1681630527266 -0.8081897497177124 442000
1681630528429 -0.3549606204032898 442500
1681630529031 -0.5018435120582581 443000
1681630529725 0.10473144054412842 443500
1681630530187 -0.03575046733021736 444000
1681630530565 -1.3147081136703491 444500
1681630531156 -0.752549409866333 445000
1681630531488 0.009830421768128872 445500
1681630531839 0.24224130809307098 446000
1681630532137 -0.2223101407289505 446500
1681630532549 -1.894736647605896 447000
1681630533279 -0.9529876708984375 447500
1681630533592 0.331275075674057 448000
1681630534105 0.411796510219574 448500
1681630534873 0.6468164324760437 449000
1681630535164 -0.14772769808769226 449500
1681630536207 0.4624619483947754 450000
1681630536837 -0.13656772673130035 450500
1681630537448 -0.35673987865448 451000
1681630537787 0.18695098161697388 451500
1681630538189 0.0019713030196726322 452000
1681630538607 0.8035612106323242 452500
1681630539075 -0.12381239235401154 453000
1681630539404 -0.5755294561386108 453500
1681630539903 0.0016812265384942293 454000
1681630540503 -0.3876536190509796 454500
1681630540832 0.019978946074843407 455000
1681630541253 0.11826390027999878 455500
1681630541666 -0.13960567116737366 456000
1681630541992 -1.089728832244873 456500
1681630542245 0.019964225590229034 457000
1681630542765 0.9940980076789856 457500
1681630543105 -2.3239699942223524e-07 458000
1681630543517 6.124603714852128e-06 458500
1681630543784 -0.007604288402944803 459000
1681630544336 8.282405853271484 459500
1681630544802 -0.009115814231336117 460000
1681630545566 0.003455913159996271 460500
1681630545974 -0.30658769607543945 461000
1681630546941 0.2033185213804245 461500
1681630547244 0.23512998223304749 462000
1681630547744 2.3257017135620117 462500
1681630548011 -0.49210691452026367 463000
1681630548506 -0.0 463500
1681630548772 -0.4547744691371918 464000
1681630549050 -0.0 464500
1681630549417 0.03853829577565193 465000
1681630549859 0.4521685540676117 465500
1681630550483 0.39839404821395874 466000
1681630550726 -0.39584317803382874 466500
1681630551294 -0.9730901718139648 467000
1681630551899 -0.00024362401745747775 467500
1681630552339 -0.6196718215942383 468000
1681630552807 -0.10963568836450577 468500
1681630553431 0.09898429363965988 469000
1681630554271 0.001945756608620286 469500
1681630554707 0.012645048089325428 470000
1681630555239 -0.08760993182659149 470500
1681630555744 -0.0 471000
1681630556100 -0.5257890224456787 471500
1681630556734 -0.06618095934391022 472000
1681630557123 0.3953403830528259 472500
1681630557559 0.23918047547340393 473000
1681630558330 0.2713842988014221 473500
1681630558937 0.5668174028396606 474000
1681630559512 0.42023277282714844 474500
1681630559785 -1.1816428899765015 475000
1681630560552 -0.20056459307670593 475500
1681630560971 0.08105781674385071 476000
1681630561483 -0.03519096225500107 476500
1681630561926 0.03862065449357033 477000
1681630562466 -0.2445194274187088 477500
1681630562869 0.35924750566482544 478000
1681630563288 -0.0 478500
1681630563718 -0.11671626567840576 479000
1681630564546 3.824335813522339 479500
1681630564848 -0.35442525148391724 480000
1681630565450 0.0790925994515419 480500
1681630565815 -0.1343841403722763 481000
1681630566080 0.016438161954283714 481500
1681630566339 0.47952452301979065 482000
1681630566656 0.11991351842880249 482500
1681630567086 -0.14842437207698822 483000
1681630567456 -0.29098957777023315 483500
1681630567885 0.6195673942565918 484000
1681630568150 0.6689702868461609 484500
1681630568666 -0.0029149141628295183 485000
1681630569078 0.05512797087430954 485500
1681630569417 0.11218134313821793 486000
1681630569671 -0.14701612293720245 486500
1681630569996 0.0686134472489357 487000
1681630570593 -0.3567633032798767 487500
1681630571140 0.1380840688943863 488000
1681630571430 -0.29986658692359924 488500
1681630571724 -0.08314675092697144 489000
1681630572028 1.3392062187194824 489500
1681630572337 -0.40691104531288147 490000
1681630572730 -0.0 490500
1681630573160 -0.004991428926587105 491000
1681630573388 -0.7864872217178345 491500
1681630573596 0.23906902968883514 492000
1681630574358 0.7369071841239929 492500
1681630574835 -0.1804397851228714 493000
1681630575114 0.12718817591667175 493500
1681630575413 -0.209344744682312 494000
1681630575709 -0.059561245143413544 494500
1681630576296 0.1447734385728836 495000
1681630576559 -0.5083004236221313 495500
1681630576992 -0.012110698036849499 496000
1681630577457 0.03147979825735092 496500
1681630577768 0.1416592299938202 497000
1681630578005 -1.1115399599075317 497500
1681630578533 0.22379222512245178 498000
1681630578836 -3.254960536956787 498500
1681630579180 0.2258341759443283 499000
1681630579540 0.19965684413909912 499500
1681630579848 -0.0 500000
1681630580205 0.08472610265016556 500500
1681630580778 1.744842290878296 501000
1681630581030 1.2039848566055298 501500
1681630581322 -0.06403741985559464 502000
1681630581708 -0.3651328980922699 502500
1681630581954 -0.2248518019914627 503000
1681630582213 -0.036154672503471375 503500
1681630582672 -0.5579508543014526 504000
1681630583286 -0.9064580798149109 504500
1681630583600 -1.7699346542358398 505000
1681630584008 -0.000729452061932534 505500
1681630584372 0.083505779504776 506000
1681630584871 0.3574673533439636 506500
1681630585327 0.9439428448677063 507000
1681630585944 -0.20839674770832062 507500
1681630586364 -0.1266952008008957 508000
1681630587005 0.1524297297000885 508500
1681630587337 -0.03637592867016792 509000
1681630587586 -0.0 509500
1681630587889 -0.04758165776729584 510000
1681630588188 -0.0870228037238121 510500
1681630588644 -0.2512778639793396 511000
1681630589275 0.44083577394485474 511500
1681630589663 3.350217819213867 512000
1681630589908 -0.2420380562543869 512500
1681630590151 0.08067608624696732 513000
1681630590451 0.3053833842277527 513500
1681630590735 0.07631900161504745 514000
1681630591129 0.6749597787857056 514500
1681630591361 0.051701903343200684 515000
1681630591676 -1.6312274932861328 515500
1681630592068 -0.0987570732831955 516000
1681630592606 -1.201963186264038 516500
1681630592870 0.1345435380935669 517000
1681630593437 0.032155293971300125 517500
1681630593995 0.09301795810461044 518000
1681630594824 -0.09159348160028458 518500
1681630595326 -0.1476556956768036 519000
1681630595768 -0.6817383766174316 519500
1681630596284 -0.24559751152992249 520000
1681630596656 0.949074923992157 520500
1681630597060 0.1547144204378128 521000
1681630597603 -0.7557896971702576 521500
1681630597952 0.0317583791911602 522000
1681630598541 -1.743950605392456 522500
1681630598839 0.5294672846794128 523000
1681630599299 -0.5308527946472168 523500
1681630599821 0.40695032477378845 524000
1681630600155 0.3522320091724396 524500
1681630600905 0.4771369397640228 525000
1681630601630 -0.002963337581604719 525500
1681630601993 0.058272045105695724 526000
1681630602325 -0.9965974688529968 526500
1681630602861 0.006882858462631702 527000
1681630603088 -0.09752635657787323 527500
1681630603533 -0.5907381772994995 528000
1681630603820 -0.08294211328029633 528500
1681630604114 0.3452625870704651 529000
1681630604471 -0.07104988396167755 529500
1681630605128 0.1967146247625351 530000
1681630605465 -0.062479712069034576 530500
1681630606054 -0.0 531000
1681630606391 0.336871862411499 531500
1681630606716 0.18074725568294525 532000
1681630607034 -0.5218059420585632 532500
1681630607308 -0.002251650672405958 533000
1681630607691 0.3612200617790222 533500
1681630608062 -0.10564704984426498 534000
1681630608726 1.839934520830866e-05 534500
1681630609140 -0.23258599638938904 535000
1681630609494 -0.19958904385566711 535500
1681630610355 0.048809587955474854 536000
1681630610820 -3.2010254926717607e-06 536500
1681630611068 -0.12655547261238098 537000
1681630611380 -0.015859132632613182 537500
1681630611799 -1.100524663925171 538000
1681630612226 0.09180508553981781 538500
1681630612682 -0.016620386391878128 539000
1681630613104 0.3208995759487152 539500
1681630613555 0.18614345788955688 540000
1681630613777 0.018542885780334473 540500
1681630614275 -0.28152045607566833 541000
1681630614767 -0.2571830153465271 541500
1681630615388 -2.5766098499298096 542000
1681630616028 -0.4739793837070465 542500
1681630616703 0.3843421936035156 543000
1681630617280 -0.01927630789577961 543500
1681630617707 -0.1263447105884552 544000
1681630617966 -0.047745831310749054 544500
1681630618433 0.055236708372831345 545000
1681630618812 0.25049570202827454 545500
1681630619120 0.11386124789714813 546000
1681630619752 -0.5613082051277161 546500
1681630620162 0.08799061179161072 547000
1681630620668 -0.21084241569042206 547500
1681630621061 -0.3395516276359558 548000
1681630621526 0.46059170365333557 548500
1681630621949 -0.23405012488365173 549000
1681630622340 0.13492855429649353 549500
1681630623208 0.1060609370470047 550000
1681630623489 0.49878931045532227 550500
1681630624168 -0.5343427062034607 551000
1681630624653 0.2906612157821655 551500
1681630624983 3.058269739151001 552000
1681630625597 0.7733145952224731 552500
1681630626257 0.1455707550048828 553000
1681630626479 0.7942659258842468 553500
1681630626795 -0.01954062655568123 554000
1681630627045 0.02102470025420189 554500
1681630627792 -0.20419463515281677 555000
1681630628529 0.3963668644428253 555500
1681630629027 -0.3939850926399231 556000
1681630629300 -0.33299463987350464 556500
1681630629550 0.016946716234087944 557000
1681630630123 -0.12559640407562256 557500
1681630630401 1.1178526878356934 558000
1681630630787 0.03573131561279297 558500
1681630631401 0.6231138110160828 559000
1681630631975 0.3889492154121399 559500
1681630632224 -3.62895131111145 560000
1681630632483 -0.024256978183984756 560500
1681630632751 -0.37162572145462036 561000
1681630633183 0.20132645964622498 561500
1681630633931 -0.11345281451940536 562000
1681630634291 0.03946317732334137 562500
1681630634980 -1.0915071964263916 563000
1681630635421 0.07822684943675995 563500
1681630636067 -0.17703291773796082 564000
1681630636542 0.004008221440017223 564500
1681630637484 -0.08257798850536346 565000
1681630637893 0.3915592432022095 565500
1681630638451 -0.8272516131401062 566000
1681630638811 0.03858461230993271 566500
1681630639385 -0.5791796445846558 567000
1681630639747 -0.2438294142484665 567500
1681630640461 0.22196845710277557 568000
1681630640893 -0.6341343522071838 568500
1681630641333 -0.262973815202713 569000
1681630641751 0.29073411226272583 569500
1681630642199 0.09100772440433502 570000
1681630642748 -0.546318531036377 570500
1681630643272 -0.11709050089120865 571000
1681630643954 0.19835376739501953 571500
1681630644590 -0.3785877823829651 572000
1681630645087 0.003779283259063959 572500
1681630645559 -0.006074214819818735 573000
1681630646010 -0.03260628879070282 573500
1681630646633 0.12786416709423065 574000
1681630647006 -0.05831786245107651 574500
1681630647344 -0.5098029971122742 575000
1681630647833 -0.055937331169843674 575500
1681630648315 -0.1435893028974533 576000
1681630648949 -0.7836818099021912 576500
1681630649367 0.11789070069789886 577000
1681630649866 0.019908126443624496 577500
1681630650225 -0.28650060296058655 578000
1681630650732 0.033646129071712494 578500
1681630651196 0.008429279550909996 579000
1681630651980 -0.05137599632143974 579500
1681630652362 -0.0 580000
1681630652761 -0.0009232934680767357 580500
1681630653316 -0.4833115041255951 581000
1681630653951 0.49140921235084534 581500
1681630654673 -0.40266990661621094 582000
1681630654971 -0.0 582500
1681630655337 0.16480357944965363 583000
1681630655601 -0.13881024718284607 583500
1681630656286 0.14311113953590393 584000
1681630656829 0.32884880900382996 584500
1681630657125 -0.1290232390165329 585000
1681630657673 0.27534863352775574 585500
1681630658075 0.100444495677948 586000
1681630658527 -0.12170432507991791 586500
1681630658898 -0.34057265520095825 587000
1681630659456 -1.0670907497406006 587500
1681630659932 -0.15985627472400665 588000
1681630660553 -0.041646938771009445 588500
1681630661039 -0.028089892119169235 589000
1681630661459 0.09822545200586319 589500
1681630661931 0.14066658914089203 590000
1681630662369 -0.4311215877532959 590500
1681630662898 0.5530640482902527 591000
1681630663386 -0.8523733019828796 591500
1681630663757 0.00032708485377952456 592000
1681630664420 1.3697707653045654 592500
1681630664887 0.2305775135755539 593000
1681630665905 0.20009951293468475 593500
1681630666160 3.458623170852661 594000
1681630666564 0.020457910373806953 594500
1681630667155 -0.0007920637726783752 595000
1681630667582 -0.09308268129825592 595500
1681630667886 -0.7762439250946045 596000
1681630668393 -0.5193241834640503 596500
1681630668848 0.2974822223186493 597000
1681630669667 0.46365195512771606 597500
1681630670108 -0.0016894035506993532 598000
1681630670521 0.028141578659415245 598500
1681630670828 0.2261183261871338 599000
1681630671417 0.12573125958442688 599500
1681630672030 -0.34296339750289917 600000
1681630672697 0.08109567314386368 600500
1681630673371 0.607347309589386 601000
1681630673748 0.028820732608437538 601500
1681630674041 -0.10540274530649185 602000
1681630674725 0.7437626123428345 602500
1681630675207 -0.05756312608718872 603000
1681630675963 -0.52549809217453 603500
1681630676560 -0.31666287779808044 604000
1681630677233 0.24431486427783966 604500
1681630677740 -0.26627063751220703 605000
1681630678225 -0.2386607676744461 605500
1681630678617 -0.30136972665786743 606000
1681630679261 0.22877967357635498 606500
1681630679729 0.05414016172289848 607000
1681630680147 -1.5084228515625 607500
1681630680428 -0.4220113158226013 608000
1681630680673 0.22461047768592834 608500
1681630681013 -0.745667576789856 609000
1681630681263 0.02517901360988617 609500
1681630681599 0.2771879732608795 610000
1681630681997 0.46005019545555115 610500
1681630682348 0.09529615938663483 611000
1681630682626 0.2695492208003998 611500
1681630682919 -0.1476598083972931 612000
1681630683209 -0.6437316536903381 612500
1681630683484 -0.17963647842407227 613000
1681630683727 -1.6344125270843506 613500
1681630684094 1.544973373413086 614000
1681630684406 2.738765001296997 614500
1681630684671 -0.02023891918361187 615000
1681630685305 0.048452459275722504 615500
1681630685537 -1.160203456878662 616000
1681630685788 0.5098654627799988 616500
1681630686072 0.5631185173988342 617000
1681630686449 0.20955821871757507 617500
1681630686740 -0.15115830302238464 618000
1681630687039 -1.6515928506851196 618500
1681630687344 1.2298755645751953 619000
1681630687605 -0.4518734812736511 619500
1681630687831 -0.5314432382583618 620000
1681630688102 0.42176365852355957 620500
1681630688318 -0.0 621000
1681630688560 8.09995526651619e-07 621500
1681630688917 0.2087138593196869 622000
1681630689169 -0.27033787965774536 622500
1681630689554 -0.7687591314315796 623000
1681630689868 0.010045656934380531 623500
1681630690137 -0.005877919495105743 624000
1681630690379 -0.22128114104270935 624500
1681630690664 0.10319526493549347 625000
1681630691041 -0.2749395966529846 625500
1681630691396 1.6881954669952393 626000
1681630691650 -0.18469581007957458 626500
1681630691953 0.2877785563468933 627000
1681630692253 -0.0 627500
1681630692592 0.036201972514390945 628000
1681630692919 -0.1548905074596405 628500
1681630693263 -0.1453252136707306 629000
1681630693512 -0.0031323626171797514 629500
1681630693887 0.00684959813952446 630000
1681630694383 -0.00010628868767526001 630500
1681630694644 0.2877240777015686 631000
1681630694966 0.12270244210958481 631500
1681630695256 0.4294479787349701 632000
1681630695563 2.964063696708763e-07 632500
1681630695920 -0.0848102793097496 633000
1681630696676 -0.0968320220708847 633500
1681630696910 0.3040766417980194 634000
1681630697154 -0.05587799474596977 634500
1681630697596 0.3545941412448883 635000
1681630698592 0.16529007256031036 635500
1681630698853 0.48192501068115234 636000
1681630699430 -0.8741775751113892 636500
1681630699681 -0.0 637000
1681630700031 1.5300825834274292 637500
1681630700399 -0.46647733449935913 638000
1681630700650 -0.08322765678167343 638500
1681630700970 0.043008387088775635 639000
1681630701586 -0.3941498398780823 639500
1681630701816 0.22161130607128143 640000
1681630702153 -0.05334100127220154 640500
1681630702571 -0.08754296600818634 641000
1681630703001 0.12153557687997818 641500
1681630703337 -0.008223208598792553 642000
1681630703637 -0.042133986949920654 642500
1681630704077 -0.07105397433042526 643000
1681630704645 -0.11575257778167725 643500
1681630705344 -0.01904313638806343 644000
1681630705737 -0.10405129194259644 644500
1681630706509 -0.33096808195114136 645000
1681630706818 0.3058898448944092 645500
1681630707154 0.07978074252605438 646000
1681630707776 -0.732437014579773 646500
1681630708259 -0.006558286491781473 647000
1681630708754 0.04908401891589165 647500
1681630709299 0.30461257696151733 648000
1681630709723 0.044384412467479706 648500
1681630709987 -0.13693340122699738 649000
1681630710501 0.0547911711037159 649500
1681630710982 0.07319749891757965 650000
1681630711325 0.12434396892786026 650500
1681630711651 0.21018600463867188 651000
1681630711938 0.026747524738311768 651500
1681630712355 -0.2875329554080963 652000
1681630712767 -0.027316734194755554 652500
1681630713201 -0.22065357863903046 653000
1681630713861 0.008986731059849262 653500
1681630714227 -0.5389614701271057 654000
1681630714643 -58.25732421875 654500
1681630715071 -0.030664559453725815 655000
1681630715514 -3.190681219100952 655500
1681630716125 -0.2328510582447052 656000
1681630716409 0.2062602937221527 656500
1681630716934 0.009170745499432087 657000
1681630717808 0.45765265822410583 657500
1681630718202 -0.37402650713920593 658000
1681630718714 0.023080404847860336 658500
1681630719149 -0.0 659000
1681630719480 0.5458825826644897 659500
1681630720284 0.29609912633895874 660000
1681630720852 -1.334098219871521 660500
1681630721214 -0.3290289044380188 661000
1681630721953 0.055006176233291626 661500
1681630722323 0.1580393761396408 662000
1681630722948 0.0915018692612648 662500
1681630723276 0.35339048504829407 663000
1681630723592 -0.3803589344024658 663500
1681630724004 -0.014478521421551704 664000
1681630724630 0.17000994086265564 664500
1681630724857 0.2906729578971863 665000
1681630725132 0.025078117847442627 665500
1681630725389 -0.504623293876648 666000
1681630725930 -0.2738893926143646 666500
1681630726194 0.5006924867630005 667000
1681630726464 -0.4786011278629303 667500
1681630726792 0.26850777864456177 668000
1681630727099 -0.0 668500
1681630727465 -0.5602378845214844 669000
1681630727875 -0.13094738125801086 669500
1681630728118 -0.8016358613967896 670000
1681630728359 0.9183198809623718 670500
1681630728706 0.09271560609340668 671000
1681630729035 0.44039058685302734 671500
1681630729369 0.32811686396598816 672000
1681630729570 -0.779885470867157 672500
1681630729803 0.327556848526001 673000
1681630730083 -0.34420615434646606 673500
1681630730577 1.2962843179702759 674000
1681630730792 0.12244409322738647 674500
1681630731047 0.01270187646150589 675000
1681630731323 0.5077898502349854 675500
1681630731629 -0.010426110588014126 676000
1681630731882 -0.18310631811618805 676500
1681630732233 -0.12465767562389374 677000
1681630732504 -1.0697822006022761e-07 677500
1681630732777 0.05182328820228577 678000
1681630733060 1.4300553798675537 678500
1681630733331 -0.5263733267784119 679000
1681630733653 -0.5348612666130066 679500
1681630733941 0.3835284113883972 680000
1681630734227 0.19962532818317413 680500
1681630734539 0.6145313382148743 681000
1681630734909 -0.3807169795036316 681500
1681630735753 0.2712559700012207 682000
1681630736107 -0.4017401337623596 682500
1681630736475 0.490201473236084 683000
1681630736894 0.11855343729257584 683500
1681630737411 0.4356958866119385 684000
1681630737641 -0.0035860880743712187 684500
1681630737922 0.22891008853912354 685000
1681630738663 -0.18207290768623352 685500
1681630739461 -0.8299102783203125 686000
1681630739683 0.4110267758369446 686500
1681630739984 -1.21977961063385 687000
1681630740196 1.1090271472930908 687500
1681630740533 -0.03277707099914551 688000
1681630740728 -0.06055418401956558 688500
1681630740936 -0.009999480098485947 689000
1681630741398 1.1429466009140015 689500
1681630741672 -1.9440317153930664 690000
1681630742203 -0.26578283309936523 690500
1681630742580 0.07388192415237427 691000
1681630743152 -0.07202491909265518 691500
1681630743549 1.8844083547592163 692000
1681630743819 -0.03803151845932007 692500
1681630744385 0.1234908327460289 693000
1681630744947 1.0991706848144531 693500
1681630745198 0.3302692770957947 694000
1681630745554 -3.004908800125122 694500
1681630746432 0.13135851919651031 695000
1681630746754 -0.2642211318016052 695500
1681630747167 0.7256537675857544 696000
1681630747627 -1.3811277151107788 696500
1681630748028 -0.8838785290718079 697000
1681630748306 -0.5291547775268555 697500
1681630748601 -1.7438557147979736 698000
1681630749017 -0.2282067984342575 698500
1681630749415 -0.24353213608264923 699000
1681630750147 -0.0772324800491333 699500
1681630750527 0.1909904032945633 700000
1681630751110 0.012901170179247856 700500
1681630751381 -0.0615360364317894 701000
1681630751772 -0.07462434470653534 701500
1681630752328 -0.02381214313209057 702000
1681630752647 0.18876126408576965 702500
1681630753240 -0.9636020660400391 703000
1681630753799 -0.5317646265029907 703500
1681630754065 0.5335918664932251 704000
1681630754563 -0.01561790518462658 704500
1681630755017 0.07635827362537384 705000
1681630755836 -0.8311904072761536 705500
1681630756213 0.03863096237182617 706000
1681630757113 -0.14014926552772522 706500
1681630757433 -0.12168480455875397 707000
1681630758108 -0.2054462879896164 707500
1681630758514 -0.05178544670343399 708000
1681630759080 -1.329287052154541 708500
1681630759554 0.17196789383888245 709000
1681630759863 0.08439190685749054 709500
1681630760309 0.5515992045402527 710000
1681630760875 -0.0005853722104802728 710500
1681630761298 0.020177286118268967 711000
1681630761824 -0.030305009335279465 711500
1681630762244 1.0646097660064697 712000
1681630762640 -0.2327193021774292 712500
1681630763067 0.015491863712668419 713000
1681630763336 0.6089104413986206 713500
1681630763692 -0.676093339920044 714000
1681630764057 0.8049399256706238 714500
1681630764383 -0.5466786623001099 715000
1681630764910 0.006003922317177057 715500
1681630765477 -0.8064605593681335 716000
1681630765758 -0.0 716500
1681630766161 0.12193779647350311 717000
1681630766800 0.17609180510044098 717500
1681630767309 0.036764394491910934 718000
1681630767667 0.41189002990722656 718500
1681630768191 0.8731502294540405 719000
1681630768836 -0.2823294699192047 719500
1681630769280 0.16984422504901886 720000
1681630769936 0.008270436897873878 720500
1681630770232 1.5867078304290771 721000
1681630770555 0.6045385003089905 721500
1681630770988 0.354483425617218 722000
1681630771411 -0.08303795754909515 722500
1681630771885 0.5027822256088257 723000
1681630772227 -0.5299434065818787 723500
1681630772621 0.19169259071350098 724000
1681630773101 -0.32075735926628113 724500
1681630773405 -0.01265636645257473 725000
1681630773912 -1.0023188591003418 725500
1681630774311 -0.2854755222797394 726000
1681630775056 -0.23082931339740753 726500
1681630775470 0.0015773143386468291 727000
1681630775884 0.116815485060215 727500
1681630776419 0.4309527277946472 728000
1681630776742 -0.22681865096092224 728500
1681630777213 1.031587839126587 729000
1681630777495 -0.13645806908607483 729500
1681630778010 -0.009441561065614223 730000
1681630778401 -0.9175375699996948 730500
1681630779126 -0.019790155813097954 731000
1681630779677 -0.10110324621200562 731500
1681630780528 0.033578045666217804 732000
1681630781041 0.10086361318826675 732500
1681630781371 0.2825639843940735 733000
1681630781965 0.6187354326248169 733500
1681630782343 0.18361788988113403 734000
1681630782719 -0.014770878478884697 734500
1681630783200 -0.054493196308612823 735000
1681630783557 0.9539750814437866 735500
1681630784435 0.8668198585510254 736000
1681630784904 -0.11949573457241058 736500
1681630785470 0.135423943400383 737000
1681630785712 -0.0006328314775601029 737500
1681630786130 -0.00025327791809104383 738000
1681630786428 -3.1916162967681885 738500
1681630786800 0.05054943636059761 739000
1681630787811 0.25614213943481445 739500
1681630788091 0.15410460531711578 740000
1681630788437 0.3841237723827362 740500
1681630788664 0.039846260100603104 741000
1681630789043 -0.32533684372901917 741500
1681630789390 -0.02425520308315754 742000
1681630790008 0.7115349769592285 742500
1681630790301 0.03271044045686722 743000
1681630790607 -0.27755773067474365 743500
1681630790895 0.6126669645309448 744000
1681630791284 0.4776042103767395 744500
1681630791812 -2.896280527114868 745000
1681630792185 2.3111846446990967 745500
1681630792612 -0.0 746000
1681630792966 -9.234048843383789 746500
1681630793243 -0.15293309092521667 747000
1681630793994 0.14601683616638184 747500
1681630794543 -0.0434638075530529 748000
1681630794790 1.2971200942993164 748500
1681630795070 -0.1499497890472412 749000
1681630795633 -0.09143079817295074 749500
1681630796121 0.08297709375619888 750000
1681630796474 0.17524726688861847 750500
1681630796869 -0.0 751000
1681630797213 0.1492687165737152 751500
1681630797795 -0.3940579295158386 752000
1681630798298 -0.147129088640213 752500
1681630798815 0.5037686824798584 753000
1681630799162 0.10027434676885605 753500
1681630799523 -0.05645246058702469 754000
1681630799981 1.1041176319122314 754500
1681630800345 0.0808500200510025 755000
1681630800626 -0.8726649284362793 755500
1681630800910 -0.3862892687320709 756000
1681630801274 -2.605977773666382 756500
1681630801574 -0.4911629259586334 757000
1681630801989 0.22635817527770996 757500
1681630802225 -1.0920336246490479 758000
1681630802751 -0.10499322414398193 758500
1681630803196 -0.024622246623039246 759000
1681630803888 0.049426279962062836 759500
1681630804269 0.04507557302713394 760000
1681630805118 -0.05680246278643608 760500
1681630805442 1.0282714366912842 761000
1681630805849 -0.01686374470591545 761500
1681630806457 -0.23968222737312317 762000
1681630807195 -0.11943002045154572 762500
1681630807795 0.2099636346101761 763000
1681630808333 0.0024403841234743595 763500
1681630808634 0.01847575232386589 764000
1681630808987 -0.01787502132356167 764500
1681630809819 -0.7875792384147644 765000
1681630810180 0.40905970335006714 765500
1681630810713 -0.12742827832698822 766000
1681630811065 -0.3954385817050934 766500
1681630811413 -0.7287088632583618 767000
1681630811914 -0.1810278594493866 767500
1681630812320 1.3731190051657904e-07 768000
1681630812842 -0.3347355127334595 768500
1681630813208 -1.267209768295288 769000
1681630813719 1.0640075206756592 769500
1681630814180 -0.1275007426738739 770000
1681630814950 0.38625505566596985 770500
1681630815453 0.004559389315545559 771000
1681630815974 0.032501157373189926 771500
1681630816445 0.05944792181253433 772000
1681630816969 -0.11328159272670746 772500
1681630817305 -0.22784313559532166 773000
1681630817618 -0.08011610805988312 773500
1681630817962 0.14222970604896545 774000
1681630818333 -0.0 774500
1681630818651 -0.0 775000
1681630818947 0.6530054211616516 775500
1681630819271 0.051545657217502594 776000
1681630819518 -0.36400023102760315 776500
1681630819956 -0.007483256049454212 777000
1681630820318 -0.14576023817062378 777500
1681630820794 -0.11769404262304306 778000
1681630821269 0.7191952466964722 778500
1681630821496 -0.039549581706523895 779000
1681630822025 -0.0 779500
1681630822428 -0.0 780000
1681630822686 -0.07922588288784027 780500
1681630823347 -0.0 781000
1681630823765 -0.0 781500
1681630824013 -1.1141990423202515 782000
1681630824320 -0.30806660652160645 782500
1681630824757 0.45112496614456177 783000
1681630825036 -0.03118140436708927 783500
1681630825330 0.14405128359794617 784000
1681630825599 0.22390489280223846 784500
1681630825911 0.7333379983901978 785000
1681630826232 0.011251132003962994 785500
1681630826734 -0.802340030670166 786000
1681630826994 -0.1324342042207718 786500
1681630827565 -0.042041998356580734 787000
1681630828017 0.08735599368810654 787500
1681630828282 -0.0 788000
1681630828569 -0.29222264885902405 788500
1681630828891 -0.03631893917918205 789000
1681630829181 0.1375877559185028 789500
1681630829412 0.20029786229133606 790000
1681630829648 0.21450361609458923 790500
1681630829914 -1.7565635442733765 791000
1681630830158 0.31596294045448303 791500
1681630830433 -0.1654018759727478 792000
1681630830689 -0.09893742203712463 792500
1681630830980 -0.6330077648162842 793000
1681630831400 -0.07117479294538498 793500
1681630831728 0.1153392642736435 794000
1681630832093 0.02889304980635643 794500
1681630832385 0.0028656558133661747 795000
1681630832797 0.01916784606873989 795500
1681630833139 -0.16396763920783997 796000
1681630833886 -0.27001625299453735 796500
1681630834498 0.6290276050567627 797000
1681630834760 0.06722996383905411 797500
1681630835147 -0.009026927873492241 798000
1681630835474 0.8730705380439758 798500
1681630835719 0.075081005692482 799000
1681630836131 -0.7120842337608337 799500
1681630836531 -0.20660936832427979 800000
1681630836852 -0.015145520679652691 800500
1681630837296 -2.855154514312744 801000
1681630837952 0.00612756609916687 801500
1681630838285 -0.12491102516651154 802000
1681630838762 -0.41368502378463745 802500
1681630839176 0.014046719297766685 803000
1681630839871 0.44134464859962463 803500
1681630840386 -0.03172900527715683 804000
1681630840907 -0.056767720729112625 804500
1681630841342 -0.03112955018877983 805000
1681630841921 -0.1300087720155716 805500
1681630842353 -0.022410329431295395 806000
1681630843030 0.05778999999165535 806500
1681630843550 -0.8699421882629395 807000
1681630843872 1.252136468887329 807500
1681630844313 -1.0876109600067139 808000
1681630844576 -0.5337792634963989 808500
1681630845142 0.028344083577394485 809000
1681630845688 0.31587693095207214 809500
1681630846164 0.010895496234297752 810000
1681630846570 -1.5496400594711304 810500
1681630846824 -1.661311388015747 811000
1681630847068 -0.07990188896656036 811500
1681630847309 0.18920861184597015 812000
1681630847977 0.02590545080602169 812500
1681630848319 0.24683085083961487 813000
1681630848704 -0.11433205753564835 813500
1681630849275 -0.006150257773697376 814000
1681630849815 0.5005642771720886 814500
1681630850658 -0.10160491615533829 815000
1681630851078 0.0430571511387825 815500
1681630851554 -0.126353457570076 816000
1681630851921 -0.07266303896903992 816500
1681630852384 -0.03781208023428917 817000
1681630852788 0.08887851238250732 817500
1681630853294 -0.1458255648612976 818000
1681630853769 0.26078125834465027 818500
1681630854383 -0.0034793850500136614 819000
1681630855032 0.0006770342588424683 819500
1681630855825 -0.49401727318763733 820000
1681630856097 -0.02753582037985325 820500
1681630856693 0.10412521660327911 821000
1681630857061 -0.012219792231917381 821500
1681630857502 -0.27806487679481506 822000
1681630857808 -0.13199858367443085 822500
1681630858248 0.11059679836034775 823000
1681630858590 0.222917839884758 823500
1681630859497 -0.17896313965320587 824000
1681630859918 -0.017334552481770515 824500
1681630860400 -0.015349534340202808 825000
1681630861150 -0.03771354630589485 825500
1681630861473 -0.13740046322345734 826000
1681630861801 -0.14569790661334991 826500
1681630862170 -0.05567403882741928 827000
1681630862751 0.9979372024536133 827500
1681630863153 0.12991736829280853 828000
1681630863608 -0.09250320494174957 828500
1681630864146 0.05644543096423149 829000
1681630864767 0.13470056653022766 829500
1681630865251 0.5172690749168396 830000
1681630865965 -1.9162485599517822 830500
1681630866207 0.0473564974963665 831000
1681630866641 0.24914054572582245 831500
1681630867077 0.009633148089051247 832000
1681630867482 -0.11151035875082016 832500
1681630868174 0.167022705078125 833000
1681630868545 0.6127784252166748 833500
1681630868769 -0.30375510454177856 834000
1681630869020 -0.22619763016700745 834500
1681630869222 0.13398966193199158 835000
1681630869557 -0.27717894315719604 835500
1681630869766 -0.026964154094457626 836000
1681630869983 0.25509113073349 836500
1681630870363 0.0170470979064703 837000
1681630870707 -2.8069241046905518 837500
1681630871317 -0.2758758068084717 838000
1681630871536 -0.27938154339790344 838500
1681630871742 -1.9439496994018555 839000
1681630872040 0.08357325941324234 839500
1681630872528 -0.03597232699394226 840000
1681630872794 -0.31557396054267883 840500
1681630873385 -0.11414843797683716 841000
1681630873981 -0.389430433511734 841500
1681630874392 0.026065537706017494 842000
1681630874701 0.06433165073394775 842500
1681630875390 0.08943835645914078 843000
1681630875751 -5.8238677978515625 843500
1681630876010 0.3582517206668854 844000
1681630876414 -3.1049211025238037 844500
1681630876777 -0.6650506854057312 845000
1681630877554 -0.03658230975270271 845500
1681630877930 -0.3627595603466034 846000
1681630878662 -3.338669538497925 846500
1681630878956 -0.49162188172340393 847000
1681630879204 0.9607137441635132 847500
1681630879633 -0.005349230952560902 848000
1681630880030 0.07043739408254623 848500
1681630880295 0.571995198726654 849000
1681630880536 0.12039661407470703 849500
1681630880802 0.012080037966370583 850000
1681630881156 -0.18807730078697205 850500
1681630881463 0.2771061956882477 851000
1681630881915 0.3346860706806183 851500
1681630882182 0.021796923130750656 852000
1681630882766 -0.06972156465053558 852500
1681630883232 0.17478054761886597 853000
1681630883560 0.3766278326511383 853500
1681630883809 0.05016431212425232 854000
1681630884367 -0.2217405140399933 854500
1681630885044 -0.8681777715682983 855000
1681630885312 0.11880723387002945 855500
1681630885722 -0.014722074382007122 856000
1681630886070 0.5023936033248901 856500
1681630886912 0.18942275643348694 857000
1681630887423 -0.04638049751520157 857500
1681630887624 -0.392473965883255 858000
1681630888034 -0.05104536935687065 858500
1681630888313 0.2898572087287903 859000
1681630888714 0.07366693019866943 859500
1681630889134 0.146371990442276 860000
1681630889418 -0.41451603174209595 860500
1681630889922 0.06172000244259834 861000
1681630890353 0.47037529945373535 861500
1681630890932 -0.2919783890247345 862000
1681630891317 0.2990560531616211 862500
1681630892047 -0.9457700848579407 863000
1681630892371 -0.9386612176895142 863500
1681630892668 -0.006648452021181583 864000
1681630893519 -0.07970856875181198 864500
1681630893910 -0.11819499731063843 865000
1681630894455 -0.004485764540731907 865500
1681630894870 0.04781217500567436 866000
1681630895304 0.7852060794830322 866500
1681630895586 0.48917001485824585 867000
1681630896084 -0.2153111696243286 867500
1681630896443 -0.413734495639801 868000
1681630897169 -0.4134790897369385 868500
1681630897445 -0.0602901354432106 869000
1681630897954 0.0483986921608448 869500
1681630898325 -1.0917905569076538 870000
1681630898876 0.05494213104248047 870500
1681630899522 0.5285158753395081 871000
1681630900012 0.0788969099521637 871500
1681630900643 -0.5476025938987732 872000
1681630901072 0.00035243650199845433 872500
1681630901350 -0.18277229368686676 873000
1681630901716 -0.4322882294654846 873500
1681630902023 -0.43767157196998596 874000
1681630902304 -0.5242679119110107 874500
1681630902844 0.14207245409488678 875000
1681630903271 1.3153995275497437 875500
1681630903955 -0.02080049365758896 876000
1681630904480 0.6064320206642151 876500
1681630904760 1.4607012271881104 877000
1681630905248 0.07316955924034119 877500
1681630905504 -0.343569815158844 878000
1681630905716 -0.09772713482379913 878500
1681630906267 -1.4534202814102173 879000
1681630906674 -0.20190617442131042 879500
1681630907477 -0.3479509949684143 880000
1681630907887 -0.11404328048229218 880500
1681630908273 -0.20342843234539032 881000
1681630908552 -0.4191155433654785 881500
1681630908971 -0.0 882000
1681630909199 -0.48629704117774963 882500
1681630909440 0.6787028908729553 883000
1681630909773 -0.014988856390118599 883500
1681630910807 1.9012153148651123 884000
1681630911141 -0.7329431772232056 884500
1681630911395 0.03315974026918411 885000
1681630911947 0.07092022150754929 885500
1681630912292 -0.2705981135368347 886000
1681630912544 0.20582380890846252 886500
1681630912889 0.3769851326942444 887000
1681630913245 -0.1947784274816513 887500
1681630913492 -0.4023355543613434 888000
1681630913727 -0.8523951768875122 888500
1681630913936 -0.2360258400440216 889000
1681630914269 0.214808851480484 889500
1681630914614 -0.2476537525653839 890000
1681630914806 0.029923584312200546 890500
1681630915270 0.46385568380355835 891000
1681630915609 0.33637744188308716 891500
1681630915818 -0.00545469718053937 892000
1681630916057 0.0129719078540802 892500
1681630916370 -0.09743566066026688 893000
1681630916823 -0.19313359260559082 893500
1681630917162 -1.4455348253250122 894000
1681630917731 -1.4056187868118286 894500
1681630918140 0.045088090002536774 895000
1681630918867 0.5116746425628662 895500
1681630919427 0.4358968734741211 896000
1681630919834 -0.07016688585281372 896500
1681630920220 0.05303649231791496 897000
1681630920700 0.21038293838500977 897500
1681630921156 -0.24547037482261658 898000
1681630921476 0.607720673084259 898500
1681630921730 -0.20013472437858582 899000
1681630922148 -0.014681030996143818 899500
1681630922448 -0.025434235110878944 900000
1681630923031 -0.07364411652088165 900500
1681630923385 0.18686097860336304 901000
1681630924098 0.16432398557662964 901500
1681630924371 -0.3200400471687317 902000
1681630924605 0.12501786649227142 902500
1681630925097 1.1506935358047485 903000
1681630925445 1.2352811098098755 903500
1681630925998 0.09615645557641983 904000
1681630926344 -0.014909813180565834 904500
1681630926988 0.029700715094804764 905000
1681630927378 0.18502600491046906 905500
1681630928178 -1.7121379375457764 906000
1681630928582 0.005030413623899221 906500
1681630929017 0.261666476726532 907000
1681630929369 0.573350727558136 907500
1681630929829 0.3766181468963623 908000
1681630930365 -0.028599191457033157 908500
1681630930838 0.005467268638312817 909000
1681630931330 0.1832956075668335 909500
1681630931643 0.14540477097034454 910000
1681630932208 0.3721168041229248 910500
1681630932546 -0.007032670080661774 911000
1681630933013 -0.02407744526863098 911500
1681630933370 0.4623505473136902 912000
1681630934051 -0.13644540309906006 912500
1681630934478 -0.014786846935749054 913000
1681630935064 -0.2249576300382614 913500
1681630935427 0.016196604818105698 914000
1681630936030 4.499564170837402 914500
1681630936386 -0.24005433917045593 915000
1681630936676 -1.0655006170272827 915500
1681630937046 -1.796592354774475 916000
1681630937486 0.378537654876709 916500
1681630937753 0.6041980981826782 917000
1681630938105 0.09950985014438629 917500
1681630938456 0.04708743467926979 918000
1681630938816 0.7325096130371094 918500
1681630939184 0.061274535953998566 919000
1681630939495 -0.15113624930381775 919500
1681630939815 -0.037631452083587646 920000
1681630940083 0.2857416868209839 920500
1681630940456 0.039147306233644485 921000
1681630940870 -0.4773956835269928 921500
1681630941156 -0.5001146793365479 922000
1681630941783 -0.0 922500
1681630942183 1.7807121276855469 923000
1681630942395 -2.3363564014434814 923500
1681630942677 0.02622918412089348 924000
1681630943002 -0.018348723649978638 924500
1681630943435 1.3025485277175903 925000
1681630943695 0.25821977853775024 925500
1681630943994 -0.0054411147721111774 926000
1681630944273 0.00012516863353084773 926500
1681630944499 0.07091361284255981 927000
1681630944833 -0.4154462218284607 927500
1681630945133 -0.5269132256507874 928000
1681630945419 0.0034721673000603914 928500
1681630945780 0.5204408764839172 929000
1681630946050 0.039767101407051086 929500
1681630946409 0.08005568385124207 930000
1681630947107 2.969874620437622 930500
1681630947406 0.016362380236387253 931000
1681630947759 0.7692835927009583 931500
1681630948096 0.016143798828125 932000
1681630948364 0.8576822280883789 932500
1681630948628 -1.515398383140564 933000
1681630948864 -0.8303912878036499 933500
1681630949092 -1.1211169958114624 934000
1681630949360 -0.11849852651357651 934500
1681630949647 0.5213810205459595 935000
1681630949929 -0.022261956706643105 935500
1681630950146 0.04919533431529999 936000
1681630950422 0.09208264201879501 936500
1681630950670 0.3930516839027405 937000
1681630950949 -0.11272601038217545 937500
1681630951243 0.34515658020973206 938000
1681630951550 -0.05806679278612137 938500
1681630951870 0.777751624584198 939000
1681630952097 0.029480740427970886 939500
1681630952339 0.47039133310317993 940000
1681630952576 0.12766319513320923 940500
1681630952931 -0.11912456899881363 941000
1681630953237 0.05645670369267464 941500
1681630953575 0.04518130421638489 942000
1681630954203 0.05392532795667648 942500
1681630954625 -0.27283230423927307 943000
1681630954914 0.028534937649965286 943500
1681630955494 -0.6786321401596069 944000
1681630956187 -0.5140853524208069 944500
1681630956564 -0.0085959043353796 945000
1681630957061 -0.016598641872406006 945500
1681630957402 0.020081251859664917 946000
1681630957997 -0.19832128286361694 946500
1681630958471 -0.04007259011268616 947000
1681630959041 0.009195570833981037 947500
1681630959551 -9.59243880060967e-06 948000
1681630959785 0.06591583788394928 948500
1681630960420 -0.03325485438108444 949000
1681630960972 -1.1106808185577393 949500
1681630961205 0.03742464631795883 950000
1681630961888 0.0041000680066645145 950500
1681630962431 0.011636385694146156 951000
1681630962813 -0.01260629016906023 951500
1681630963158 -0.03121320530772209 952000
1681630963541 0.022369418293237686 952500
1681630963892 0.0678684189915657 953000
1681630964217 0.0418851338326931 953500
1681630964504 0.06253454834222794 954000
1681630964814 0.03541216254234314 954500
1681630965067 -0.029688825830817223 955000
1681630965372 0.5946820974349976 955500
1681630965627 0.16468515992164612 956000
1681630965908 -0.1935332715511322 956500
1681630966312 -0.07720543444156647 957000
1681630966569 0.5166062116622925 957500
1681630966798 0.8984805345535278 958000
1681630967033 0.06860681623220444 958500
1681630967365 -0.37207356095314026 959000
1681630967878 -0.13364502787590027 959500
1681630968191 0.02905874326825142 960000
1681630968512 -0.2960849404335022 960500
1681630968876 0.22954776883125305 961000
1681630969160 -0.27528244256973267 961500
1681630969375 -0.3941076397895813 962000
1681630969636 0.2831002175807953 962500
1681630969968 0.2523578703403473 963000
1681630970402 -0.07590965181589127 963500
1681630970698 -0.04435577243566513 964000
1681630971040 -1.5871089696884155 964500
1681630971266 0.13234196603298187 965000
1681630971595 -0.43947020173072815 965500
1681630971931 -0.15978428721427917 966000
1681630972261 -0.5079221725463867 966500
1681630972687 -0.4700907766819 967000
1681630973108 0.28125232458114624 967500
1681630973509 -0.3636923134326935 968000
1681630973718 0.0760636031627655 968500
1681630973932 0.09125246107578278 969000
1681630974552 -0.35807570815086365 969500
1681630975139 0.5839946866035461 970000
1681630975359 0.08574219793081284 970500
1681630975563 1.040881872177124 971000
1681630975789 -0.9757770299911499 971500
1681630976043 0.019212903454899788 972000
1681630976430 0.425503671169281 972500
1681630976781 0.08521920442581177 973000
1681630977139 -0.06308592855930328 973500
1681630977878 -0.9180219769477844 974000
1681630978575 -0.11014889180660248 974500
1681630978835 -0.0555039644241333 975000
1681630979245 0.9156051874160767 975500
1681630979638 -0.029206013306975365 976000
1681630979871 -0.14472061395645142 976500
1681630980150 -0.07031821459531784 977000
1681630980447 -0.03486773371696472 977500
1681630980789 -0.023728739470243454 978000
1681630981487 -1.1003004312515259 978500
1681630981890 0.04207973927259445 979000
1681630982285 -0.025781940668821335 979500
1681630982536 -0.014410531148314476 980000
1681630982969 -1.0538616180419922 980500
1681630983278 -0.15231101214885712 981000
1681630983534 0.21070274710655212 981500
1681630983908 -0.3823368549346924 982000
1681630984165 -0.22034914791584015 982500
1681630984431 -0.1289103925228119 983000
1681630984873 1.00299870967865 983500
1681630985254 -0.028822163119912148 984000
1681630985759 0.02441238984465599 984500
1681630986233 -0.32326003909111023 985000
1681630986537 0.5239772200584412 985500
1681630986901 -0.7193044424057007 986000
1681630987157 -0.02414752170443535 986500
1681630987596 0.4237564206123352 987000
1681630987974 0.25451046228408813 987500
1681630988334 0.27240854501724243 988000
1681630988700 -3.3413903111068066e-06 988500
1681630988966 -1.234039068222046 989000
1681630989329 -0.5907000303268433 989500
1681630989602 8.335332677233964e-05 990000
1681630989853 0.12241415679454803 990500
1681630990183 0.1409672349691391 991000
1681630990605 0.9109180569648743 991500
1681630990883 -1.7965182905754773e-06 992000
1681630991084 0.10324069112539291 992500
1681630991375 0.10083045810461044 993000
1681630991796 -0.03926336020231247 993500
1681630992015 0.9037933349609375 994000
1681630992260 -0.32716497778892517 994500
1681630992501 -0.16643878817558289 995000
1681630992794 0.452565997838974 995500
1681630993141 -0.001059343689121306 996000
1681630993341 -0.13792458176612854 996500
1681630993599 -1.4160562753677368 997000
1681630993805 0.3944644331932068 997500
1681630994062 -1.1426550149917603 998000
1681630994259 0.06473542749881744 998500
1681630994629 -0.12395234405994415 999000
1681630994860 -0.21708667278289795 999500
1681630995135 0.3395918607711792 1000000
