1681630125506 33.92538070678711 500
1681630125713 83.14337158203125 1000
1681630125939 148.55471801757812 1500
1681630126154 37.01567077636719 2000
1681630126424 27.44552230834961 2500
1681630126692 11.697236061096191 3000
1681630126919 4.533886909484863 3500
1681630127167 6.855774879455566 4000
1681630127405 5.12000036239624 4500
1681630127821 18.211156845092773 5000
1681630128626 50.30195617675781 5500
1681630128893 1.992921233177185 6000
1681630129160 16.50838279724121 6500
1681630129373 35.08831787109375 7000
1681630129682 31.424015045166016 7500
1681630129911 173.55612182617188 8000
1681630130260 171.92694091796875 8500
1681630130611 1.1918046474456787 9000
1681630130839 69.13378143310547 9500
1681630131071 326.32489013671875 10000
1681630131345 70.28072357177734 10500
1681630131622 78.26341247558594 11000
1681630132148 17.505817413330078 11500
1681630132416 0.7840386629104614 12000
1681630132672 60.79435348510742 12500
1681630132888 44.09980010986328 13000
1681630133216 0.016001403331756592 13500
1681630133494 65.68287658691406 14000
1681630133770 2.741813898086548 14500
1681630134022 30.718225479125977 15000
1681630134281 48.35687255859375 15500
1681630134535 8.432111740112305 16000
1681630134790 33.00935363769531 16500
1681630135086 129.32240295410156 17000
1681630135333 8.396234512329102 17500
1681630135656 3.267085313796997 18000
1681630135951 114.14215087890625 18500
1681630136173 13.585115432739258 19000
1681630136391 110.7672348022461 19500
1681630136700 4.1354217529296875 20000
1681630136962 15.510126113891602 20500
1681630137250 100.98954772949219 21000
1681630137515 148.52793884277344 21500
1681630137783 361.6395568847656 22000
1681630138046 4.9249162673950195 22500
1681630138316 25.031932830810547 23000
1681630138657 18.836885452270508 23500
1681630138944 24.062801361083984 24000
1681630139208 3352.25390625 24500
1681630139443 1.7506635189056396 25000
1681630139663 426.67828369140625 25500
1681630139965 7.112471580505371 26000
1681630140233 3.7039954662323 26500
1681630140564 34.4322624206543 27000
1681630140801 118.59293365478516 27500
1681630141050 3.109799861907959 28000
1681630141309 8.299784660339355 28500
1681630141626 20.761629104614258 29000
1681630142042 152.9702606201172 29500
1681630142244 20.073528289794922 30000
1681630142489 35.33485794067383 30500
1681630142908 65.27116394042969 31000
1681630143303 14.470349311828613 31500
1681630143593 37.291202545166016 32000
1681630143862 7.7679595947265625 32500
1681630144136 17.47477149963379 33000
1681630144489 18.656286239624023 33500
1681630144913 297.0273742675781 34000
1681630145191 116.77880859375 34500
1681630145420 171.6443328857422 35000
1681630145679 77.6881103515625 35500
1681630146012 26.3851318359375 36000
1681630146420 7.549410820007324 36500
1681630146894 58.93642044067383 37000
1681630147201 12.901570320129395 37500
1681630147576 30.707632064819336 38000
1681630148002 19.176481246948242 38500
1681630148380 2.4295074939727783 39000
1681630148881 107.80979919433594 39500
1681630149196 15.955299377441406 40000
1681630149660 2.4370481967926025 40500
1681630149948 14.606245040893555 41000
1681630150267 34.994380950927734 41500
1681630150583 103.4707260131836 42000
1681630150981 121.07267761230469 42500
1681630151274 0.9814664125442505 43000
1681630151581 2.8763060569763184 43500
1681630151882 0.6094263195991516 44000
1681630152251 3.944561719894409 44500
1681630152620 82.12916564941406 45000
1681630152957 8.868719100952148 45500
1681630153251 8.505186080932617 46000
1681630153587 4.279616355895996 46500
1681630153854 147.36221313476562 47000
1681630154098 1.0591431856155396 47500
1681630154332 12.58941650390625 48000
1681630154620 1.7477738857269287 48500
1681630154932 4.371279716491699 49000
1681630155155 11237.9482421875 49500
1681630155381 220.13076782226562 50000
1681630155633 21.04815673828125 50500
1681630155877 0.06150473281741142 51000
1681630156115 1.5238672494888306 51500
1681630156395 40.055908203125 52000
1681630156703 0.3243493437767029 52500
1681630156943 55.717384338378906 53000
1681630157154 129.69216918945312 53500
1681630157410 329.4022521972656 54000
1681630157625 8.246469497680664 54500
1681630157874 2.3435797691345215 55000
1681630158103 164.5794219970703 55500
1681630158371 11.481359481811523 56000
1681630158612 33.93327331542969 56500
1681630158949 40.11471939086914 57000
1681630159180 3.951930284500122 57500
1681630159433 2.3160712718963623 58000
1681630159669 2.6841342449188232 58500
1681630159982 38.15802764892578 59000
1681630160222 12.084619522094727 59500
1681630160439 6.014763832092285 60000
1681630160684 5.333829879760742 60500
1681630160910 18.512096405029297 61000
1681630161171 21.156667709350586 61500
1681630161419 0.10677480697631836 62000
1681630161874 6.781551361083984 62500
1681630162095 0.7817684412002563 63000
1681630162341 65.82479095458984 63500
1681630162656 83.38118743896484 64000
1681630162894 1006.58935546875 64500
1681630163101 1.8972184658050537 65000
1681630163321 3.0148491859436035 65500
1681630163518 0.6270371675491333 66000
1681630163746 0.07020000368356705 66500
1681630163951 6.502793788909912 67000
1681630164154 661.3380737304688 67500
1681630164346 0.9052877426147461 68000
1681630164543 12.326762199401855 68500
1681630164747 4.011740684509277 69000
1681630164973 38.33589172363281 69500
1681630165168 9.699309349060059 70000
1681630165359 2.511709213256836 70500
1681630165549 1.6193764209747314 71000
1681630165737 5.511682510375977 71500
1681630165928 70.17876434326172 72000
1681630166121 6.646235466003418 72500
1681630166331 3.2861924171447754 73000
1681630166555 10.698698997497559 73500
1681630166751 10.081846237182617 74000
1681630166977 3.519272565841675 74500
1681630167215 379.3949279785156 75000
1681630167417 16.60710334777832 75500
1681630167613 0.18603400886058807 76000
1681630167883 2.1064743995666504 76500
1681630168138 21.2431697845459 77000
1681630168425 6.4338059425354 77500
1681630168636 0.2276332676410675 78000
1681630168833 1.673849105834961 78500
1681630169059 2.780622959136963 79000
1681630169389 5.277752876281738 79500
1681630169768 1.5717639923095703 80000
1681630170195 5.516165733337402 80500
1681630170461 0.43736186623573303 81000
1681630170733 163.26095581054688 81500
1681630171119 11.229565620422363 82000
1681630171696 14.80402660369873 82500
1681630172134 1.6713911294937134 83000
1681630172462 7.0552873611450195 83500
1681630172785 9.428316116333008 84000
1681630173385 1.6354507207870483 84500
1681630174290 7.07580041885376 85000
1681630174800 9.871623992919922 85500
1681630175384 52.02056121826172 86000
1681630175659 0.10127298533916473 86500
1681630176029 4.653519630432129 87000
1681630176554 2.6267058849334717 87500
1681630177393 27.576030731201172 88000
1681630177686 0.6383485794067383 88500
1681630178187 6.4035468101501465 89000
1681630178724 65.38133239746094 89500
1681630179138 2.5301144123077393 90000
1681630180007 59.031639099121094 90500
1681630180271 0.4127136766910553 91000
1681630180602 17.21436882019043 91500
1681630180827 31.16008949279785 92000
1681630181063 1.1079208850860596 92500
1681630181264 136.18496704101562 93000
1681630181464 9.190766334533691 93500
1681630181660 38.02461242675781 94000
1681630181863 26.087993621826172 94500
1681630182108 1.1741373538970947 95000
1681630182351 4.543787002563477 95500
1681630182580 3.9549174308776855 96000
1681630182787 1.135784387588501 96500
1681630183013 0.4422319531440735 97000
1681630183214 4.050510406494141 97500
1681630183423 12.82282829284668 98000
1681630183685 0.9724739193916321 98500
1681630183906 1.0349565744400024 99000
1681630184127 1.2989742755889893 99500
1681630184326 0.8918918371200562 100000
1681630184528 0.26558202505111694 100500
1681630184727 1.6914377212524414 101000
1681630184923 1.0294883251190186 101500
1681630185125 6.08055305480957 102000
1681630185344 0.2384769469499588 102500
1681630185575 0.5067890286445618 103000
1681630185779 0.30470556020736694 103500
1681630185979 1.087511420249939 104000
1681630186190 87.4020767211914 104500
1681630186430 112.84239196777344 105000
1681630186776 5.64192533493042 105500
1681630187129 34.66753387451172 106000
1681630187405 24.127532958984375 106500
1681630187689 0.029561692848801613 107000
1681630188066 1.460370421409607 107500
1681630188465 1.0413565635681152 108000
1681630189177 2.2108154296875 108500
1681630189586 0.5879240036010742 109000
1681630190142 1.8294322490692139 109500
1681630190592 0.23874124884605408 110000
1681630191082 1.9804975986480713 110500
1681630191910 22.02227783203125 111000
1681630192532 0.6792972683906555 111500
1681630193363 0.3291744589805603 112000
1681630194082 0.07347029447555542 112500
1681630194595 2.5539956092834473 113000
1681630195149 1.4455384016036987 113500
1681630195485 1.4215353727340698 114000
1681630195914 6.467402458190918 114500
1681630196236 2.7362465858459473 115000
1681630196601 66.59745025634766 115500
1681630196981 0.7697738409042358 116000
1681630197270 2.7776248455047607 116500
1681630197686 0.8447155952453613 117000
1681630197959 0.07466114312410355 117500
1681630198232 2.608250141143799 118000
1681630198447 1.2244112491607666 118500
1681630198647 12.919103622436523 119000
1681630198842 23.063220977783203 119500
1681630199072 24.18659019470215 120000
1681630199283 0.015305576846003532 120500
1681630199488 4.45428991317749 121000
1681630199742 0.20539943873882294 121500
1681630199956 1.5925214290618896 122000
1681630200156 18.90185546875 122500
1681630200386 2.465165376663208 123000
1681630200567 18.613048553466797 123500
1681630200763 3.4540257453918457 124000
1681630200944 1.9847332239151 124500
1681630201145 18.72085189819336 125000
1681630201348 4668.69677734375 125500
1681630201540 20.83977699279785 126000
1681630201717 1.509702444076538 126500
1681630201894 53.02983474731445 127000
1681630202070 453.50457763671875 127500
1681630202246 0.43329429626464844 128000
1681630202422 0.08758114278316498 128500
1681630202605 0.0023726059589535 129000
1681630202807 1.865011215209961 129500
1681630203013 1.187396764755249 130000
1681630203222 0.3770318925380707 130500
1681630203408 6.0476603507995605 131000
1681630203595 2.8249924182891846 131500
1681630203820 0.7159037590026855 132000
1681630204007 0.5998696088790894 132500
1681630204201 6.798960208892822 133000
1681630204394 5.15225887298584 133500
1681630204585 0.6263207197189331 134000
1681630204832 3.149885416030884 134500
1681630205077 2.810089111328125 135000
1681630205312 15.511570930480957 135500
1681630205564 1.5592005252838135 136000
1681630206044 4.4721999168396 136500
1681630206612 0.2871566116809845 137000
1681630206852 2.9962010383605957 137500
1681630207153 0.7988399267196655 138000
1681630207415 2.1441550254821777 138500
1681630207643 4.769765377044678 139000
1681630207932 7.964930534362793 139500
1681630208268 0.11180213838815689 140000
1681630208698 9.19128704071045 140500
1681630209613 9608.92578125 141000
1681630209961 5.619769096374512 141500
1681630210815 0.5079086422920227 142000
1681630211222 0.43264469504356384 142500
1681630211939 4.675212860107422 143000
1681630212493 3.8959739208221436 143500
1681630212953 8.087658882141113 144000
1681630213785 0.5476685762405396 144500
1681630214236 0.6792522668838501 145000
1681630214611 1.5045448541641235 145500
1681630215006 5.372357368469238 146000
1681630215955 7.055315971374512 146500
1681630216383 0.34908396005630493 147000
1681630216719 13.560884475708008 147500
1681630217286 0.6582446694374084 148000
1681630217672 23.4148006439209 148500
1681630218546 0.7520819306373596 149000
1681630218910 8.168279647827148 149500
1681630219453 5.152687072753906 150000
1681630219986 0.9557737112045288 150500
1681630220801 3.1132752895355225 151000
1681630221309 1.0945332050323486 151500
1681630222263 0.9494994878768921 152000
1681630222728 10.13045883178711 152500
1681630223132 0.7906889915466309 153000
1681630223515 3.3930861949920654 153500
1681630223916 0.8274909257888794 154000
1681630224301 0.3922351896762848 154500
1681630224725 2.3620681762695312 155000
1681630225196 5.5146026611328125 155500
1681630225547 1.3900771141052246 156000
1681630226264 0.8102961778640747 156500
1681630226605 0.6923632025718689 157000
1681630227160 1.3831688165664673 157500
1681630227584 4.121119499206543 158000
1681630228713 3.022595167160034 158500
1681630229039 2.689460039138794 159000
1681630229708 2.426642894744873 159500
1681630230043 4.646200656890869 160000
1681630230978 1.9597644805908203 160500
1681630231270 1.3017528057098389 161000
1681630231813 0.754977285861969 161500
1681630232216 3.571201801300049 162000
1681630233236 1.180248498916626 162500
1681630233560 2.887375831604004 163000
1681630234152 0.21865661442279816 163500
1681630234473 0.7667316198348999 164000
1681630234921 1.781288504600525 164500
1681630235243 0.10571005195379257 165000
1681630235744 3.5410163402557373 165500
1681630236055 1.0926353931427002 166000
1681630236537 1.0391712188720703 166500
1681630236821 0.9852173924446106 167000
1681630237344 0.24812492728233337 167500
1681630237700 0.6360023021697998 168000
1681630238208 0.5858791470527649 168500
1681630238563 0.6843410730361938 169000
1681630239550 2.8738346099853516 169500
1681630239863 2.961233615875244 170000
1681630240417 1.2025363445281982 170500
1681630240713 0.9455758929252625 171000
1681630241424 1.9373105764389038 171500
1681630241840 0.5782498717308044 172000
1681630242690 0.01489922683686018 172500
1681630243103 17.14889144897461 173000
1681630244355 89.22571563720703 173500
1681630244708 1.017098307609558 174000
1681630245025 0.10461698472499847 174500
1681630245464 0.01890501007437706 175000
1681630245803 125.97662353515625 175500
1681630246114 0.1495007872581482 176000
1681630246475 0.049804337322711945 176500
1681630246859 13.612957954406738 177000
1681630247682 0.10773202031850815 177500
1681630248115 0.1134515255689621 178000
1681630248664 0.1614372432231903 178500
1681630249119 0.6421442031860352 179000
1681630249861 0.020909195765852928 179500
1681630250299 0.9545992016792297 180000
1681630251143 0.3856583535671234 180500
1681630251639 6.235094042494893e-05 181000
1681630252003 0.5011839866638184 181500
1681630252492 1.1692041158676147 182000
1681630253315 1.5170320272445679 182500
1681630254098 0.9311116933822632 183000
1681630254471 1.2757847309112549 183500
1681630255076 2.232834577560425 184000
1681630255428 23.44485092163086 184500
1681630256281 0.8427523374557495 185000
1681630256726 1.2076492309570312 185500
1681630257971 0.19957582652568817 186000
1681630258401 0.07745107263326645 186500
1681630258872 0.05572027713060379 187000
1681630259463 2.7100977897644043 187500
1681630260275 0.4491783678531647 188000
1681630260914 0.5543488264083862 188500
1681630261726 0.47116318345069885 189000
1681630262397 1.291161060333252 189500
1681630263239 5.178783893585205 190000
1681630263610 0.15969505906105042 190500
1681630263930 0.5298011898994446 191000
1681630264196 0.627646803855896 191500
1681630264508 0.7865039110183716 192000
1681630264860 2.6486623287200928 192500
1681630265355 0.26494646072387695 193000
1681630265790 0.5133655071258545 193500
1681630266033 0.5857130289077759 194000
1681630266452 1.5992056131362915 194500
1681630267108 5.703240394592285 195000
1681630267565 2.270747184753418 195500
1681630268096 0.29429659247398376 196000
1681630268636 0.29751890897750854 196500
1681630269175 12.62102222442627 197000
1681630269498 0.0609184131026268 197500
1681630270018 0.28370559215545654 198000
1681630270303 0.9320885539054871 198500
1681630270731 2.0105810165405273 199000
1681630271112 1.3222296237945557 199500
1681630271345 0.47148460149765015 200000
1681630271548 2.7881739139556885 200500
1681630272008 1.6528513431549072 201000
1681630272807 0.3824593424797058 201500
1681630273127 0.11152973026037216 202000
1681630273620 1.8995023965835571 202500
1681630274626 0.07958980649709702 203000
1681630275011 3.2568695545196533 203500
1681630275674 6.132649898529053 204000
1681630276030 1.3373849391937256 204500
1681630276430 0.1014399304986 205000
1681630277036 0.5029752850532532 205500
1681630277389 0.974505603313446 206000
1681630277964 4.009770393371582 206500
1681630278429 0.4328460097312927 207000
1681630279399 1.5467535257339478 207500
1681630279682 0.29110318422317505 208000
1681630280316 0.01779525727033615 208500
1681630281015 2.0403716564178467 209000
1681630281392 0.6926846504211426 209500
1681630281762 0.10677774250507355 210000
1681630282288 0.19083304703235626 210500
1681630282731 7.763332366943359 211000
1681630283291 2.6786720752716064 211500
1681630283854 2.4657375812530518 212000
1681630284209 1.0791739225387573 212500
1681630284636 4.105269432067871 213000
1681630285189 1.1500014066696167 213500
1681630285694 0.4672444760799408 214000
1681630286131 0.14079715311527252 214500
1681630287092 0.445063054561615 215000
1681630287536 0.23674516379833221 215500
1681630288212 3.3721001148223877 216000
1681630288597 0.6477201581001282 216500
1681630289107 9.835673332214355 217000
1681630289422 1.918249487876892 217500
1681630289661 0.22743090987205505 218000
1681630290271 0.5049847960472107 218500
1681630290876 6.2667741775512695 219000
1681630291125 2.1022915840148926 219500
1681630291567 1.0849835872650146 220000
1681630291996 0.055466823279857635 220500
1681630292457 5.612773418426514 221000
1681630292994 0.22863797843456268 221500
1681630293834 2.788114070892334 222000
1681630294414 3.884052276611328 222500
1681630295263 0.03468581661581993 223000
1681630295883 2.0927648544311523 223500
1681630296812 10.704856872558594 224000
1681630297082 0.43414005637168884 224500
1681630297356 0.24877090752124786 225000
1681630297620 0.05034264922142029 225500
1681630298166 0.6357617974281311 226000
1681630298781 0.18310031294822693 226500
1681630299468 0.14708198606967926 227000
1681630299993 26.364185333251953 227500
1681630300401 0.9014333486557007 228000
1681630300868 1.7021687030792236 228500
1681630301293 2.588080883026123 229000
1681630301740 0.9397674798965454 229500
1681630302289 0.8406509160995483 230000
1681630302785 2.0031213760375977 230500
1681630303449 1.8062610626220703 231000
1681630304093 0.16338273882865906 231500
1681630304771 0.5425972938537598 232000
1681630305296 4.577559471130371 232500
1681630305710 6.384422302246094 233000
1681630306134 0.859944224357605 233500
1681630306372 1.142859697341919 234000
1681630306700 4.728644371032715 234500
1681630307475 0.4109683036804199 235000
1681630307867 0.662851870059967 235500
1681630308492 1.238953709602356 236000
1681630308885 0.07218825817108154 236500
1681630309710 1.8371400833129883 237000
1681630310168 6.372432708740234 237500
1681630310622 0.46763429045677185 238000
1681630311326 38.78738021850586 238500
1681630311563 2.479351043701172 239000
1681630311967 3.7156479358673096 239500
1681630312493 0.47846779227256775 240000
1681630312810 1.0901813507080078 240500
1681630313460 0.0017650623340159655 241000
1681630314170 0.3699374198913574 241500
1681630314842 0.6029973030090332 242000
1681630315548 0.11985258758068085 242500
1681630316199 0.4237403869628906 243000
1681630316984 0.9259752035140991 243500
1681630317325 6.703182220458984 244000
1681630318063 0.43883413076400757 244500
1681630318772 23.271770477294922 245000
1681630319286 0.47768765687942505 245500
1681630319694 1.3843131065368652 246000
1681630320652 4.8607497215271 246500
1681630321509 0.11115076392889023 247000
1681630322433 0.23818358778953552 247500
1681630323121 0.02163967490196228 248000
1681630324022 0.27906978130340576 248500
1681630324782 0.317309707403183 249000
1681630325598 0.09893327951431274 249500
1681630326218 0.053117476403713226 250000
1681630327109 0.5805760025978088 250500
1681630327612 0.4905576705932617 251000
1681630328095 1.0285618305206299 251500
1681630328453 0.1381879597902298 252000
1681630329208 1.3867747783660889 252500
1681630329650 0.25019168853759766 253000
1681630330132 11.869701385498047 253500
1681630330581 23.355976104736328 254000
1681630330951 3.4007408618927 254500
1681630331477 5.589694023132324 255000
1681630331744 8322.3671875 255500
1681630332005 0.515479564666748 256000
1681630332596 3028.21826171875 256500
1681630332959 2.6680448055267334 257000
1681630333904 0.5800423622131348 257500
1681630334139 15.28874683380127 258000
1681630334539 2.8937811851501465 258500
1681630335218 0.505083441734314 259000
1681630335468 1.8690640926361084 259500
1681630336184 0.2522903382778168 260000
1681630337306 0.1199633926153183 260500
1681630337987 0.9131790399551392 261000
1681630338309 0.9994910359382629 261500
1681630338747 15.61345386505127 262000
1681630339445 1.481309413909912 262500
1681630339795 1.2719082832336426 263000
1681630340725 0.1458205282688141 263500
1681630341175 10.268071174621582 264000
1681630342104 1.0190155506134033 264500
1681630342538 0.3556746244430542 265000
1681630343289 0.544860303401947 265500
1681630343570 0.17753303050994873 266000
1681630344263 0.1366158127784729 266500
1681630344831 7.038214683532715 267000
1681630345257 0.04159598425030708 267500
1681630345727 1.746742606163025 268000
1681630346296 0.16681692004203796 268500
1681630346836 0.47950974106788635 269000
1681630347538 1.1111085414886475 269500
1681630348185 3.798750638961792 270000
1681630348717 0.04040877893567085 270500
1681630349232 0.1845184862613678 271000
1681630349828 0.2787424623966217 271500
1681630350377 0.19809101521968842 272000
1681630350767 0.8784593343734741 272500
1681630351551 0.7160046696662903 273000
1681630351995 2.3268532752990723 273500
1681630352882 1.659799575805664 274000
1681630353191 0.4105694890022278 274500
1681630353712 0.19465097784996033 275000
1681630354040 0.517936110496521 275500
1681630354426 1.686424970626831 276000
1681630355032 40.33488082885742 276500
1681630355321 0.014769610948860645 277000
1681630355826 1.085915207862854 277500
1681630356080 0.31540247797966003 278000
1681630356531 2.071723461151123 278500
1681630357028 3.655693769454956 279000
1681630357441 0.18799665570259094 279500
1681630358042 0.023232784122228622 280000
1681630358656 80.85858154296875 280500
1681630358943 1.2077090740203857 281000
1681630359401 0.18004630506038666 281500
1681630359905 6.498167514801025 282000
1681630360566 0.960495114326477 282500
1681630360990 1.5924569368362427 283000
1681630361789 2.2770793437957764 283500
1681630362174 6.3281683921813965 284000
1681630362558 493.68914794921875 284500
1681630362848 0.25724196434020996 285000
1681630363443 1.0793933868408203 285500
1681630363796 2.5696945190429688 286000
1681630364534 0.17486344277858734 286500
1681630364987 0.32584625482559204 287000
1681630365866 0.2118593007326126 287500
1681630366209 1.5807247161865234 288000
1681630367127 1.753753662109375 288500
1681630367498 0.15105445683002472 289000
1681630367896 0.43656736612319946 289500
1681630368887 0.02011037804186344 290000
1681630369406 2.4670310020446777 290500
1681630370205 0.1177816167473793 291000
1681630370649 0.019910313189029694 291500
1681630371220 0.3912314474582672 292000
1681630371539 0.07406484335660934 292500
1681630371877 3.7528369426727295 293000
1681630372497 0.2856042683124542 293500
1681630372920 1.1655945777893066 294000
1681630373807 9.493352890014648 294500
1681630374209 0.0567755326628685 295000
1681630374648 15.447914123535156 295500
1681630375006 0.9765598177909851 296000
1681630375558 0.19029907882213593 296500
1681630375922 0.3405734598636627 297000
1681630376661 0.5657809972763062 297500
1681630377048 6.619996547698975 298000
1681630377755 2.2968757152557373 298500
1681630378137 0.07826530188322067 299000
1681630378525 0.06807851791381836 299500
1681630378983 0.004782783333212137 300000
1681630379370 0.5223081707954407 300500
1681630379755 0.3462437093257904 301000
1681630380231 0.4125324785709381 301500
1681630380912 0.9086990356445312 302000
1681630381529 0.2729937434196472 302500
1681630382204 0.10688620805740356 303000
1681630382809 1.000928521156311 303500
1681630383535 0.678806722164154 304000
1681630384163 0.7405464053153992 304500
1681630384835 0.6546813249588013 305000
1681630385199 51.792564392089844 305500
1681630385750 0.6397093534469604 306000
1681630386179 0.810882568359375 306500
1681630386530 0.45142698287963867 307000
1681630386915 0.08827046304941177 307500
1681630387887 0.17417627573013306 308000
1681630388379 0.8297396898269653 308500
1681630388843 1.0531525611877441 309000
1681630389385 1.5236866474151611 309500
1681630389815 0.26100778579711914 310000
1681630390350 0.02497643604874611 310500
1681630390695 0.6785117387771606 311000
1681630391374 0.1457807719707489 311500
1681630391724 0.06924685835838318 312000
1681630392304 1.5927337408065796 312500
1681630392655 0.22099168598651886 313000
1681630393371 0.5724650621414185 313500
1681630393794 2.9512040615081787 314000
1681630394557 0.1311763972043991 314500
1681630394925 1.5483314990997314 315000
1681630395735 2.4456214904785156 315500
1681630396104 0.0036638700403273106 316000
1681630397005 8.921756744384766 316500
1681630397310 0.36909013986587524 317000
1681630397640 0.3826651871204376 317500
1681630398094 1.4889252185821533 318000
1681630398596 1.5430718660354614 318500
1681630399228 0.07129272818565369 319000
1681630399777 129.048095703125 319500
1681630400132 5.015379428863525 320000
1681630401050 0.48001423478126526 320500
1681630401399 0.013390916399657726 321000
1681630401833 3.475640058517456 321500
1681630402359 2.2095327377319336 322000
1681630402776 1.5578685998916626 322500
1681630403253 1.2133862972259521 323000
1681630403633 0.036888450384140015 323500
1681630404589 5.462015151977539 324000
1681630405403 0.608363687992096 324500
1681630406207 1.3440415859222412 325000
1681630406930 1.482060194015503 325500
1681630407499 66.4825210571289 326000
1681630407808 0.5898390412330627 326500
1681630408171 0.259471595287323 327000
1681630408899 1.204176902770996 327500
1681630409444 0.01578720659017563 328000
1681630409898 9.95225715637207 328500
1681630410165 1.2597452402114868 329000
1681630411331 0.2375601828098297 329500
1681630412087 0.13483019173145294 330000
1681630412458 0.41214150190353394 330500
1681630413134 0.795886218547821 331000
1681630413597 1.9562187194824219 331500
1681630414091 0.00594450905919075 332000
1681630414846 0.714134931564331 332500
1681630415332 0.13435034453868866 333000
1681630416188 9.93779182434082 333500
1681630416864 0.27984675765037537 334000
1681630417917 9.593149185180664 334500
1681630418283 0.07339911162853241 335000
1681630418681 0.34250205755233765 335500
1681630419180 1.0953428745269775 336000
1681630419621 6.550995826721191 336500
1681630419922 0.1751842200756073 337000
1681630420255 2.78757643699646 337500
1681630420744 6.0695719718933105 338000
1681630421126 0.6385418772697449 338500
1681630421951 0.05030679702758789 339000
1681630422500 0.10745279490947723 339500
1681630423059 10.208124160766602 340000
1681630423555 2.227815628051758 340500
1681630423868 0.10223959386348724 341000
1681630424361 0.8068135976791382 341500
1681630424755 0.8056524395942688 342000
1681630425343 7.367295265197754 342500
1681630425731 2.938328266143799 343000
1681630426117 2.204111337661743 343500
1681630426666 1.5881118774414062 344000
1681630427224 0.8831720352172852 344500
1681630427989 0.11022500693798065 345000
1681630428938 0.7621157169342041 345500
1681630429373 0.9235374331474304 346000
1681630429896 3.4675402641296387 346500
1681630430231 1.536879539489746 347000
1681630430813 9.109455108642578 347500
1681630431065 0.11299367249011993 348000
1681630431574 0.4537660479545593 348500
1681630431999 0.08325188606977463 349000
1681630432631 0.193783238530159 349500
1681630433102 0.285032719373703 350000
1681630433656 1.4434659481048584 350500
1681630434120 0.07042673230171204 351000
1681630434673 192.6844940185547 351500
1681630435098 0.13943679630756378 352000
1681630435951 0.1632641851902008 352500
1681630436434 0.8582994341850281 353000
1681630437523 0.005865931045264006 353500
1681630437996 8.389009475708008 354000
1681630438404 550.0665893554688 354500
1681630438888 3.9571328163146973 355000
1681630439363 7.52023983001709 355500
1681630439692 0.06498631089925766 356000
1681630440230 342.6944580078125 356500
1681630440680 0.16195453703403473 357000
1681630441805 2.353684663772583 357500
1681630442281 0.908407986164093 358000
1681630442665 0.1368468701839447 358500
1681630443180 2.859809398651123 359000
1681630443611 0.19959239661693573 359500
1681630443959 0.4028250575065613 360000
1681630444822 9.607198715209961 360500
1681630445177 1.6826534271240234 361000
1681630445868 0.20449915528297424 361500
1681630446280 0.05878337472677231 362000
1681630446680 0.5914496183395386 362500
1681630446998 2.3546574115753174 363000
1681630447707 0.21199703216552734 363500
1681630448150 0.24990198016166687 364000
1681630448623 1.0087549686431885 364500
1681630448983 0.21561887860298157 365000
1681630449466 4.10714054107666 365500
1681630450344 0.7007288336753845 366000
1681630450738 1.9779255390167236 366500
1681630451292 0.9912640452384949 367000
1681630451593 0.08397174626588821 367500
1681630452001 51.2578239440918 368000
1681630452249 1.0562262535095215 368500
1681630452622 0.0061788009479641914 369000
1681630453017 1.0966155529022217 369500
1681630453299 5.861114501953125 370000
1681630453674 1.8651374578475952 370500
1681630454170 3.893547773361206 371000
1681630454783 5.413039207458496 371500
1681630455195 0.4442412853240967 372000
1681630455602 8.898477554321289 372500
1681630455913 2.5485029220581055 373000
1681630456447 0.5857266187667847 373500
1681630457109 1.0968793630599976 374000
1681630457629 0.8528755903244019 374500
1681630457939 1.7093251943588257 375000
1681630458266 2.048835277557373 375500
1681630458567 0.34145110845565796 376000
1681630459413 0.5311611294746399 376500
1681630459794 0.21112719178199768 377000
1681630460081 1.555643916130066 377500
1681630460660 0.08299701660871506 378000
1681630461297 1.6863733530044556 378500
1681630461908 3.898245334625244 379000
1681630462390 0.5013480186462402 379500
1681630463015 13.058276176452637 380000
1681630463798 1.5734483003616333 380500
1681630464339 3.1028027534484863 381000
1681630464853 1.170151710510254 381500
1681630465216 5.049759864807129 382000
1681630465599 3.718008041381836 382500
1681630466065 1.8559305667877197 383000
1681630466976 2.9601006507873535 383500
1681630467508 5.581043243408203 384000
1681630467875 0.01224516611546278 384500
1681630468350 1036.063720703125 385000
1681630468829 0.42564326524734497 385500
1681630469700 3.3036112785339355 386000
1681630470189 0.45759695768356323 386500
1681630471150 1.4665319919586182 387000
1681630471618 0.06735876947641373 387500
1681630472131 0.25742489099502563 388000
1681630472513 0.3055325150489807 388500
1681630473150 4.12362003326416 389000
1681630473555 1.3279852867126465 389500
1681630473969 4.1857428550720215 390000
1681630474761 0.07362157106399536 390500
1681630475269 0.3336666524410248 391000
1681630476271 3.614314556121826 391500
1681630476663 0.27238860726356506 392000
1681630477091 0.08937736600637436 392500
1681630477645 7.903212070465088 393000
1681630478370 0.08854995667934418 393500
1681630478752 6.859022617340088 394000
1681630479154 2.458317995071411 394500
1681630479448 0.29605695605278015 395000
1681630480040 0.2487061768770218 395500
1681630480451 787.7828369140625 396000
1681630480714 2.5610947608947754 396500
1681630481268 0.09026540815830231 397000
1681630481757 0.723784327507019 397500
1681630482253 2.052520513534546 398000
1681630482701 0.7853339910507202 398500
1681630483447 1.122605562210083 399000
1681630483748 0.30284053087234497 399500
1681630484450 2.7002129554748535 400000
1681630485239 0.7380694150924683 400500
1681630485533 9.488897323608398 401000
1681630485986 0.5563132762908936 401500
1681630486890 0.06208539754152298 402000
1681630487261 0.28185173869132996 402500
1681630487757 0.7544605731964111 403000
1681630488141 1.048134207725525 403500
1681630488713 2.0218915939331055 404000
1681630489521 1.79732346534729 404500
1681630489877 1.6015901565551758 405000
1681630490516 0.15305624902248383 405500
1681630491512 2.5101699829101562 406000
1681630491978 0.09710325300693512 406500
1681630492512 0.2446252852678299 407000
1681630492932 5853.359375 407500
1681630493412 0.33414921164512634 408000
1681630493780 0.16597282886505127 408500
1681630494175 0.187307670712471 409000
1681630494620 137.5948944091797 409500
1681630494874 2.5359158515930176 410000
1681630495339 0.061109960079193115 410500
1681630496305 0.5967142581939697 411000
1681630496952 0.3894893229007721 411500
1681630497878 5.001529216766357 412000
1681630498476 0.026893028989434242 412500
1681630498976 0.7043472528457642 413000
1681630499340 0.39527010917663574 413500
1681630499635 5.437356948852539 414000
1681630500041 0.11398313194513321 414500
1681630500539 1.0192954540252686 415000
1681630501158 7.2855634689331055 415500
1681630501630 0.12112641334533691 416000
1681630501976 2.928671360015869 416500
1681630502379 0.28895726799964905 417000
1681630502996 3.6164894104003906 417500
1681630503270 0.6938886642456055 418000
1681630503548 3.504642963409424 418500
1681630504012 2.267373561859131 419000
1681630504367 1.7799400091171265 419500
1681630504838 0.9748197793960571 420000
1681630505974 0.07189259678125381 420500
1681630506538 0.2537615895271301 421000
1681630507447 0.23169192671775818 421500
1681630507948 1.8143278360366821 422000
1681630508347 0.2756504416465759 422500
1681630508771 1.1298513412475586 423000
1681630509176 2.385800838470459 423500
1681630509788 1.2175835371017456 424000
1681630510680 3.2676544189453125 424500
1681630511138 2.722611665725708 425000
1681630511626 0.5587059855461121 425500
1681630512010 0.17288215458393097 426000
1681630512776 8.523229598999023 426500
1681630513202 6.39066219329834 427000
1681630513584 0.1062387079000473 427500
1681630514137 0.19937443733215332 428000
1681630514533 1.1457209587097168 428500
1681630514896 1.5127944946289062 429000
1681630515445 1.362779974937439 429500
1681630515827 0.4883882403373718 430000
1681630516116 0.11414946615695953 430500
1681630516477 0.689873218536377 431000
1681630516770 1.897064208984375 431500
1681630517140 0.0038272342644631863 432000
1681630517607 0.3128597140312195 432500
1681630518309 0.13194313645362854 433000
1681630518628 6.11022424697876 433500
1681630519302 3.554621458053589 434000
1681630519607 1.0980980396270752 434500
1681630519996 2.111039161682129 435000
1681630520212 1.4566168785095215 435500
1681630520585 0.6585293412208557 436000
1681630520979 12.446901321411133 436500
1681630521393 0.4970582127571106 437000
1681630521975 3.02955961227417 437500
1681630522826 0.227840855717659 438000
1681630523338 21.40489959716797 438500
1681630524062 0.41163772344589233 439000
1681630524504 5.096503257751465 439500
1681630524935 0.6650660634040833 440000
1681630525919 1.4391294717788696 440500
1681630526213 0.2261935919523239 441000
1681630526793 2.3195743560791016 441500
1681630527266 0.663333535194397 442000
1681630528430 1.1544042825698853 442500
1681630529032 1.1972013711929321 443000
1681630529725 0.373688280582428 443500
1681630530188 0.13351377844810486 444000
1681630530566 1.3652231693267822 444500
1681630531157 3.5480103492736816 445000
1681630531489 0.9604067802429199 445500
1681630531839 5.151219844818115 446000
1681630532138 0.8704485893249512 446500
1681630532549 1.2334741353988647 447000
1681630533280 23.800973892211914 447500
1681630533593 16.79212188720703 448000
1681630534105 2.040376901626587 448500
1681630534873 12.299027442932129 449000
1681630535165 1.6154142618179321 449500
1681630536207 0.5805363059043884 450000
1681630536837 1.7871062755584717 450500
1681630537448 0.46166032552719116 451000
1681630537787 0.2105463296175003 451500
1681630538189 19.24428939819336 452000
1681630538607 1.64767324924469 452500
1681630539076 0.16181840002536774 453000
1681630539404 10.353994369506836 453500
1681630539904 0.576454758644104 454000
1681630540503 0.4514406621456146 454500
1681630540832 0.036024920642375946 455000
1681630541253 0.08153093606233597 455500
1681630541667 0.3774656653404236 456000
1681630541993 5.686155796051025 456500
1681630542246 0.05856410786509514 457000
1681630542765 0.9588264226913452 457500
1681630543106 0.008030208759009838 458000
1681630543517 1.030381441116333 458500
1681630543785 0.06525562703609467 459000
1681630544337 719.3563232421875 459500
1681630544802 0.27343398332595825 460000
1681630545566 5695.2734375 460500
1681630545974 2.739558458328247 461000
1681630546942 5.394923686981201 461500
1681630547244 0.6251011490821838 462000
1681630547744 4.1067094802856445 462500
1681630548012 1.7819750308990479 463000
1681630548506 238.65316772460938 463500
1681630548772 1.5365298986434937 464000
1681630549050 41.00357437133789 464500
1681630549417 0.1582665741443634 465000
1681630549859 6.825176239013672 465500
1681630550483 2.125789165496826 466000
1681630550726 2.3792648315429688 466500
1681630551294 6.443144798278809 467000
1681630551899 0.16253027319908142 467500
1681630552339 6.288145542144775 468000
1681630552807 0.29604262113571167 468500
1681630553431 1.0179996490478516 469000
1681630554272 0.7542151212692261 469500
1681630554707 0.8025635480880737 470000
1681630555239 0.5453840494155884 470500
1681630555744 0.2527316212654114 471000
1681630556101 1.2161753177642822 471500
1681630556734 0.044939976185560226 472000
1681630557123 0.4877097010612488 472500
1681630557560 0.1331770420074463 473000
1681630558331 0.24437959492206573 473500
1681630558938 0.436585009098053 474000
1681630559512 1.6020625829696655 474500
1681630559786 1.8861243724822998 475000
1681630560552 3.3495688438415527 475500
1681630560971 2.566469430923462 476000
1681630561483 0.2832750678062439 476500
1681630561927 0.07346238195896149 477000
1681630562466 0.22424308955669403 477500
1681630562870 0.8461233973503113 478000
1681630563289 2.058234453201294 478500
1681630563718 0.3458324074745178 479000
1681630564547 70.09275817871094 479500
1681630564849 1.4961483478546143 480000
1681630565451 0.8424826860427856 480500
1681630565815 1.1562070846557617 481000
1681630566081 1.0950884819030762 481500
1681630566339 1.3185608386993408 482000
1681630566656 1.5385998487472534 482500
1681630567086 0.047876544296741486 483000
1681630567456 0.2850097715854645 483500
1681630567885 2.5872740745544434 484000
1681630568150 1.9256742000579834 484500
1681630568666 0.26729899644851685 485000
1681630569079 0.5756970643997192 485500
1681630569418 0.04749011620879173 486000
1681630569671 0.3345244824886322 486500
1681630569996 0.4049324095249176 487000
1681630570593 0.29774826765060425 487500
1681630571140 0.7624925374984741 488000
1681630571430 0.9632673263549805 488500
1681630571724 0.36979955434799194 489000
1681630572028 6.145750999450684 489500
1681630572338 2.322880506515503 490000
1681630572730 0.1272747665643692 490500
1681630573160 4.484749794006348 491000
1681630573388 9.61098575592041 491500
1681630573597 0.12186410278081894 492000
1681630574359 2.4633541107177734 492500
1681630574835 0.7215636968612671 493000
1681630575115 0.07030825316905975 493500
1681630575413 1.2873783111572266 494000
1681630575710 0.2948208153247833 494500
1681630576297 1.6889692544937134 495000
1681630576560 0.7330090403556824 495500
1681630576992 1.3357173204421997 496000
1681630577458 0.07616475224494934 496500
1681630577768 0.980555534362793 497000
1681630578005 1.6878643035888672 497500
1681630578534 3.4210052490234375 498000
1681630578836 49.02703857421875 498500
1681630579181 1.4057931900024414 499000
1681630579540 1.8846979141235352 499500
1681630579848 11.136088371276855 500000
1681630580206 0.9028686285018921 500500
1681630580778 22.744945526123047 501000
1681630581031 10.304661750793457 501500
1681630581322 0.39397478103637695 502000
1681630581708 1.4153515100479126 502500
1681630581955 0.42498621344566345 503000
1681630582213 0.26940545439720154 503500
1681630582673 3.7890021800994873 504000
1681630583286 7.699538230895996 504500
1681630583601 3.695223331451416 505000
1681630584008 0.892398476600647 505500
1681630584372 0.6498340964317322 506000
1681630584872 4.250336647033691 506500
1681630585328 2.973863363265991 507000
1681630585944 1.1049034595489502 507500
1681630586364 0.6956002116203308 508000
1681630587005 0.43540430068969727 508500
1681630587337 8.515621185302734 509000
1681630587586 8201.3271484375 509500
1681630587890 0.30780869722366333 510000
1681630588188 2.0059354305267334 510500
1681630588644 0.26450619101524353 511000
1681630589276 1.8493680953979492 511500
1681630589664 534.1718139648438 512000
1681630589908 1.669485330581665 512500
1681630590151 0.1300845891237259 513000
1681630590451 2.2686448097229004 513500
1681630590735 0.21623802185058594 514000
1681630591129 2181.45361328125 514500
1681630591361 0.3636317849159241 515000
1681630591677 1.151068925857544 515500
1681630592068 0.5543604493141174 516000
1681630592606 1.6593081951141357 516500
1681630592870 0.5980637669563293 517000
1681630593437 0.662135124206543 517500
1681630593995 0.7479485869407654 518000
1681630594824 0.21777740120887756 518500
1681630595326 0.30652350187301636 519000
1681630595768 0.4919288754463196 519500
1681630596285 0.29614877700805664 520000
1681630596656 2.989286184310913 520500
1681630597061 0.5538102388381958 521000
1681630597603 2.4222412109375 521500
1681630597952 0.15580978989601135 522000
1681630598542 6.789341926574707 522500
1681630598839 0.26090335845947266 523000
1681630599299 0.32854321599006653 523500
1681630599821 4.238723278045654 524000
1681630600155 0.923625111579895 524500
1681630600905 2.567599296569824 525000
1681630601631 0.2881602942943573 525500
1681630601993 0.29927951097488403 526000
1681630602325 3.009925365447998 526500
1681630602862 1.0318248271942139 527000
1681630603089 0.1557522565126419 527500
1681630603533 4.241227626800537 528000
1681630603820 2.7169582843780518 528500
1681630604114 1.4423398971557617 529000
1681630604471 0.25353726744651794 529500
1681630605128 0.5372724533081055 530000
1681630605465 0.12101510912179947 530500
1681630606055 70.21895599365234 531000
1681630606392 0.33786824345588684 531500
1681630606716 1.2125117778778076 532000
1681630607034 0.7874390482902527 532500
1681630607308 0.7970486283302307 533000
1681630607692 2.4589319229125977 533500
1681630608063 0.3988523781299591 534000
1681630608727 0.043376415967941284 534500
1681630609141 1.6894737482070923 535000
1681630609495 0.7128413319587708 535500
1681630610355 0.06958162784576416 536000
1681630610820 21.115650177001953 536500
1681630611069 4.882894992828369 537000
1681630611380 0.018369384109973907 537500
1681630611800 5.051096439361572 538000
1681630612227 1.448682427406311 538500
1681630612682 0.7994611263275146 539000
1681630613105 3.380507707595825 539500
1681630613556 3.7147605419158936 540000
1681630613777 0.7689242959022522 540500
1681630614276 1.3175218105316162 541000
1681630614768 0.672920823097229 541500
1681630615388 3.872248888015747 542000
1681630616028 1.926880121231079 542500
1681630616703 7.958371162414551 543000
1681630617280 0.5459977388381958 543500
1681630617708 0.12279150635004044 544000
1681630617967 0.14024703204631805 544500
1681630618433 0.5072773098945618 545000
1681630618812 1.2827974557876587 545500
1681630619121 0.08243347704410553 546000
1681630619753 0.5244879722595215 546500
1681630620163 0.7164472341537476 547000
1681630620668 0.800879955291748 547500
1681630621061 1.188233494758606 548000
1681630621527 3.324497938156128 548500
1681630621949 0.1582307070493698 549000
1681630622340 0.04778699576854706 549500
1681630623208 0.053699709475040436 550000
1681630623490 3.157768726348877 550500
1681630624168 0.3807069957256317 551000
1681630624653 0.8233245611190796 551500
1681630624983 1.5485292673110962 552000
1681630625597 4.235258102416992 552500
1681630626257 4.644224166870117 553000
1681630626479 8.330338478088379 553500
1681630626796 2.505471706390381 554000
1681630627046 0.18250450491905212 554500
1681630627792 0.3302515149116516 555000
1681630628529 2.936117649078369 555500
1681630629028 1.732164740562439 556000
1681630629301 1.4974205493927002 556500
1681630629551 0.701153576374054 557000
1681630630123 0.723397433757782 557500
1681630630401 4.42284631729126 558000
1681630630788 0.44576698541641235 558500
1681630631401 1.164767861366272 559000
1681630631975 0.29285717010498047 559500
1681630632224 8.398430824279785 560000
1681630632483 0.3710635304450989 560500
1681630632751 0.9303963780403137 561000
1681630633184 2.0597846508026123 561500
1681630633931 0.8350135684013367 562000
1681630634291 0.9863306879997253 562500
1681630634981 0.6727296710014343 563000
1681630635421 0.0520048663020134 563500
1681630636067 0.5996400713920593 564000
1681630636543 0.5108206868171692 564500
1681630637485 0.8100347518920898 565000
1681630637894 2.0407402515411377 565500
1681630638451 1.2703075408935547 566000
1681630638812 0.32685717940330505 566500
1681630639385 2.801994800567627 567000
1681630639748 0.06693939864635468 567500
1681630640462 7.356229305267334 568000
1681630640893 0.4338862895965576 568500
1681630641333 1.6786813735961914 569000
1681630641752 0.7626582384109497 569500
1681630642199 1.8290636539459229 570000
1681630642749 1.9189214706420898 570500
1681630643272 0.061312656849622726 571000
1681630643955 1.6830532550811768 571500
1681630644590 0.8907535672187805 572000
1681630645087 0.0700870007276535 572500
1681630645559 0.48587489128112793 573000
1681630646010 0.2120058834552765 573500
1681630646633 1.3273866176605225 574000
1681630647006 0.6337409615516663 574500
1681630647344 6.696307182312012 575000
1681630647834 0.17466168105602264 575500
1681630648315 0.6317485570907593 576000
1681630648949 1.0186326503753662 576500
1681630649367 1.783606767654419 577000
1681630649866 1.2021158933639526 577500
1681630650225 2.810063600540161 578000
1681630650733 3.4717822074890137 578500
1681630651196 0.758400022983551 579000
1681630651980 0.0852120891213417 579500
1681630652362 244.36572265625 580000
1681630652762 0.4948580861091614 580500
1681630653317 3.0788092613220215 581000
1681630653951 0.2061702311038971 581500
1681630654673 2.8822970390319824 582000
1681630654971 0.06635783612728119 582500
1681630655338 0.11710478365421295 583000
1681630655601 1.2750118970870972 583500
1681630656287 0.22860562801361084 584000
1681630656829 1.108350157737732 584500
1681630657125 1.6840550899505615 585000
1681630657673 0.5382065773010254 585500
1681630658075 1.4528173208236694 586000
1681630658527 0.28111109137535095 586500
1681630658899 1.1595574617385864 587000
1681630659456 1.6141417026519775 587500
1681630659933 0.2448994219303131 588000
1681630660553 0.05605117604136467 588500
1681630661039 0.026829015463590622 589000
1681630661459 0.04697950556874275 589500
1681630661931 0.27120155096054077 590000
1681630662369 2.2138724327087402 590500
1681630662899 0.4163050651550293 591000
1681630663387 2.9181036949157715 591500
1681630663757 0.255288690328598 592000
1681630664421 3.6952805519104004 592500
1681630664888 0.08445470035076141 593000
1681630665906 0.32335877418518066 593500
1681630666160 32.34978485107422 594000
1681630666564 2.5343616008758545 594500
1681630667155 1.2423549890518188 595000
1681630667582 0.13443154096603394 595500
1681630667887 2.4557814598083496 596000
1681630668394 3.139230251312256 596500
1681630668848 0.8848533630371094 597000
1681630669668 0.3380914330482483 597500
1681630670109 0.13142552971839905 598000
1681630670521 0.4320550560951233 598500
1681630670829 0.8874403834342957 599000
1681630671417 1.3974440097808838 599500
1681630672031 0.18917320668697357 600000
1681630672697 0.17144660651683807 600500
1681630673371 1.3160442113876343 601000
1681630673748 0.6772764921188354 601500
1681630674041 0.1355551928281784 602000
1681630674726 8.075138092041016 602500
1681630675207 0.12436167150735855 603000
1681630675964 0.0729912668466568 603500
1681630676561 0.09365187585353851 604000
1681630677233 0.6612793207168579 604500
1681630677740 1.2748459577560425 605000
1681630678225 0.3152087926864624 605500
1681630678617 1.5087082386016846 606000
1681630679261 0.15997764468193054 606500
1681630679730 0.1618543267250061 607000
1681630680147 8.285948753356934 607500
1681630680429 0.4707309603691101 608000
1681630680673 1.1335645914077759 608500
1681630681013 2.040114402770996 609000
1681630681263 0.0850866362452507 609500
1681630681599 0.36388450860977173 610000
1681630681997 0.16690602898597717 610500
1681630682348 0.2207322120666504 611000
1681630682627 0.13391126692295074 611500
1681630682920 0.12531638145446777 612000
1681630683209 12.806681632995605 612500
1681630683484 49.558712005615234 613000
1681630683727 5.500418663024902 613500
1681630684095 8.012600898742676 614000
1681630684406 7.526741027832031 614500
1681630684671 0.01842372491955757 615000
1681630685305 1.3819808959960938 615500
1681630685537 4.50529146194458 616000
1681630685788 0.1808336079120636 616500
1681630686073 2.9654693603515625 617000
1681630686449 2.0438807010650635 617500
1681630686740 0.357631117105484 618000
1681630687040 3.3775782585144043 618500
1681630687345 8.942152976989746 619000
1681630687605 0.4783391058444977 619500
1681630687831 5.065320014953613 620000
1681630688102 15.804267883300781 620500
1681630688318 0.07274195551872253 621000
1681630688560 10375.212890625 621500
1681630688917 0.3543582558631897 622000
1681630689170 1.2704699039459229 622500
1681630689554 5.037950038909912 623000
1681630689868 0.44211918115615845 623500
1681630690137 0.050061095505952835 624000
1681630690380 2.1395058631896973 624500
1681630690664 0.06234036758542061 625000
1681630691041 1.0217748880386353 625500
1681630691396 7.7170610427856445 626000
1681630691651 1.9422334432601929 626500
1681630691953 2.692711353302002 627000
1681630692253 3.1336522102355957 627500
1681630692592 0.1342003047466278 628000
1681630692920 0.12588387727737427 628500
1681630693264 0.6257420778274536 629000
1681630693512 0.003176037222146988 629500
1681630693888 161.42576599121094 630000
1681630694384 649.4912719726562 630500
1681630694644 5.0665388107299805 631000
1681630694966 0.5666848421096802 631500
1681630695256 0.6462886929512024 632000
1681630695564 0.2840382158756256 632500
1681630695921 0.8092864751815796 633000
1681630696676 0.7954608201980591 633500
1681630696910 3.5622801780700684 634000
1681630697154 0.805740237236023 634500
1681630697596 1.2947198152542114 635000
1681630698593 0.24963054060935974 635500
1681630698853 5.672379970550537 636000
1681630699430 4.328461647033691 636500
1681630699681 328.60992431640625 637000
1681630700032 5.127325057983398 637500
1681630700400 2.8507282733917236 638000
1681630700650 1.4731872081756592 638500
1681630700970 0.45048099756240845 639000
1681630701586 2.5692789554595947 639500
1681630701817 1.2277629375457764 640000
1681630702153 0.38550812005996704 640500
1681630702572 0.17423775792121887 641000
1681630703001 0.7347749471664429 641500
1681630703338 1.5338650941848755 642000
1681630703638 0.2973935306072235 642500
1681630704077 0.09319832175970078 643000
1681630704645 0.6338875889778137 643500
1681630705344 0.7365900874137878 644000
1681630705737 0.20056387782096863 644500
1681630706509 8.812813758850098 645000
1681630706819 1.419614553451538 645500
1681630707154 0.3765692114830017 646000
1681630707777 0.4399417042732239 646500
1681630708259 0.048406846821308136 647000
1681630708755 0.20781771838665009 647500
1681630709299 0.1308017075061798 648000
1681630709724 0.341834157705307 648500
1681630709987 0.3674921691417694 649000
1681630710501 0.15215915441513062 649500
1681630710982 0.2293200045824051 650000
1681630711325 4.353646278381348 650500
1681630711652 2.282085418701172 651000
1681630711938 0.7629793286323547 651500
1681630712356 0.25312572717666626 652000
1681630712768 1.316782832145691 652500
1681630713201 0.9627568125724792 653000
1681630713862 2.972893238067627 653500
1681630714228 7.843380928039551 654000
1681630714643 6614.0087890625 654500
1681630715071 0.04204219579696655 655000
1681630715514 3.700366497039795 655500
1681630716126 1.9685585498809814 656000
1681630716409 1.7011419534683228 656500
1681630716935 1.4315006732940674 657000
1681630717808 1.1053177118301392 657500
1681630718203 0.5684810280799866 658000
1681630718715 0.175693079829216 658500
1681630719150 2.6744370460510254 659000
1681630719480 0.4193098545074463 659500
1681630720284 0.5497629046440125 660000
1681630720853 13.351293563842773 660500
1681630721214 0.6347366571426392 661000
1681630721953 1.205797553062439 661500
1681630722323 1.2196943759918213 662000
1681630722948 0.9806464910507202 662500
1681630723276 6.010190963745117 663000
1681630723592 10.208806991577148 663500
1681630724004 0.30957406759262085 664000
1681630724630 2.2854700088500977 664500
1681630724858 1.4671192169189453 665000
1681630725132 0.03095608577132225 665500
1681630725390 0.6564200520515442 666000
1681630725930 1.1812421083450317 666500
1681630726194 531.8890991210938 667000
1681630726464 1.138651728630066 667500
1681630726792 0.4562245309352875 668000
1681630727099 0.01978088915348053 668500
1681630727466 3.753802537918091 669000
1681630727876 1.3050620555877686 669500
1681630728119 10.059788703918457 670000
1681630728360 2.2341983318328857 670500
1681630728707 1.1136887073516846 671000
1681630729035 183.099365234375 671500
1681630729369 0.5706606507301331 672000
1681630729570 1.6887508630752563 672500
1681630729803 1.6396377086639404 673000
1681630730084 0.6979507207870483 673500
1681630730577 2.7489571571350098 674000
1681630730793 0.25130751729011536 674500
1681630731048 0.06108073517680168 675000
1681630731323 6.9587202072143555 675500
1681630731629 0.010216322727501392 676000
1681630731883 0.9603619575500488 676500
1681630732233 0.8742645382881165 677000
1681630732505 4173.98291015625 677500
1681630732777 0.20445354282855988 678000
1681630733060 3.2248833179473877 678500
1681630733331 0.7811602354049683 679000
1681630733653 0.964695155620575 679500
1681630733942 1.0477081537246704 680000
1681630734228 0.31650403141975403 680500
1681630734539 2.011733293533325 681000
1681630734910 3.1629600524902344 681500
1681630735753 2.631295680999756 682000
1681630736107 2.251073122024536 682500
1681630736476 2.8125157356262207 683000
1681630736894 0.0923120304942131 683500
1681630737412 1.2592319250106812 684000
1681630737641 0.10472719371318817 684500
1681630737922 0.7198591828346252 685000
1681630738664 0.032612621784210205 685500
1681630739462 3.4931437969207764 686000
1681630739683 1.5114537477493286 686500
1681630739985 9.974871635437012 687000
1681630740197 4.53933572769165 687500
1681630740533 0.822455883026123 688000
1681630740729 0.6823472380638123 688500
1681630740936 0.15068785846233368 689000
1681630741398 3.7121620178222656 689500
1681630741672 2.939075469970703 690000
1681630742204 0.6972768306732178 690500
1681630742581 1.4446721076965332 691000
1681630743153 0.0754881501197815 691500
1681630743549 14.107742309570312 692000
1681630743820 0.3142419755458832 692500
1681630744385 0.8348954916000366 693000
1681630744948 1.7311490774154663 693500
1681630745198 0.3594662845134735 694000
1681630745555 21.936580657958984 694500
1681630746432 3.8668034076690674 695000
1681630746754 0.2889464795589447 695500
1681630747168 2.4127395153045654 696000
1681630747627 0.9226021766662598 696500
1681630748028 2.5869836807250977 697000
1681630748307 1.0732020139694214 697500
1681630748602 3.3778343200683594 698000
1681630749017 2.478400468826294 698500
1681630749415 1.8128684759140015 699000
1681630750147 0.1782809942960739 699500
1681630750527 1.1039263010025024 700000
1681630751110 0.16009080410003662 700500
1681630751381 2.0648856163024902 701000
1681630751773 0.1287340223789215 701500
1681630752328 2.1746387481689453 702000
1681630752648 0.9836995005607605 702500
1681630753241 1.056445837020874 703000
1681630753800 4.322887420654297 703500
1681630754065 0.7248251438140869 704000
1681630754563 0.34184616804122925 704500
1681630755017 0.22365525364875793 705000
1681630755837 5.222018718719482 705500
1681630756213 0.319782018661499 706000
1681630757114 0.4571770131587982 706500
1681630757433 0.041658394038677216 707000
1681630758108 0.4677897095680237 707500
1681630758514 0.17865222692489624 708000
1681630759081 2.721937656402588 708500
1681630759554 1.1726815700531006 709000
1681630759863 0.18150755763053894 709500
1681630760309 0.39350271224975586 710000
1681630760875 0.008728091605007648 710500
1681630761299 0.14567753672599792 711000
1681630761824 0.006456864066421986 711500
1681630762245 3.79875111579895 712000
1681630762640 0.21980290114879608 712500
1681630763067 0.08939124643802643 713000
1681630763336 5.714724540710449 713500
1681630763693 1.3790602684020996 714000
1681630764058 2.5763485431671143 714500
1681630764383 0.3058324456214905 715000
1681630764910 0.4397501051425934 715500
1681630765477 0.5064078569412231 716000
1681630765759 41.171844482421875 716500
1681630766161 0.3594450354576111 717000
1681630766801 0.8044558763504028 717500
1681630767309 0.4259800910949707 718000
1681630767667 0.9813790321350098 718500
1681630768192 1.7687832117080688 719000
1681630768836 1.4677566289901733 719500
1681630769281 0.9962011575698853 720000
1681630769936 0.48731452226638794 720500
1681630770233 3.4459261894226074 721000
1681630770555 0.46619805693626404 721500
1681630770989 0.7088618278503418 722000
1681630771411 0.8110277056694031 722500
1681630771885 1.5232441425323486 723000
1681630772227 3.0968470573425293 723500
1681630772621 0.16622421145439148 724000
1681630773101 1.0153264999389648 724500
1681630773405 0.4037572741508484 725000
1681630773912 3.16456937789917 725500
1681630774311 1.9064922332763672 726000
1681630775057 0.8425412178039551 726500
1681630775471 0.03416651859879494 727000
1681630775885 0.09849075973033905 727500
1681630776420 0.757172703742981 728000
1681630776742 0.5378729104995728 728500
1681630777213 7.743246555328369 729000
1681630777495 0.6915959119796753 729500
1681630778011 0.3465854525566101 730000
1681630778402 5.170912742614746 730500
1681630779127 1.0982435941696167 731000
1681630779678 0.08355847001075745 731500
1681630780529 0.01644832454621792 732000
1681630781041 2.4498698711395264 732500
1681630781371 0.46472063660621643 733000
1681630781966 4.888070583343506 733500
1681630782343 0.37952324748039246 734000
1681630782719 0.06182471662759781 734500
1681630783201 0.932944655418396 735000
1681630783558 1.5850324630737305 735500
1681630784435 1.1494148969650269 736000
1681630784905 0.1185980811715126 736500
1681630785471 0.5726532936096191 737000
1681630785712 0.009718683548271656 737500
1681630786130 0.008030985482037067 738000
1681630786428 9.645448684692383 738500
1681630786801 0.08928917348384857 739000
1681630787811 1.0279699563980103 739500
1681630788091 1.6506859064102173 740000
1681630788438 1.0062000751495361 740500
1681630788664 0.09513314813375473 741000
1681630789044 1.3090379238128662 741500
1681630789390 0.16778050363063812 742000
1681630790009 1.2557028532028198 742500
1681630790302 0.07916326820850372 743000
1681630790608 1.3507070541381836 743500
1681630790895 0.901086151599884 744000
1681630791284 0.31948718428611755 744500
1681630791813 1.9417186975479126 745000
1681630792186 114.65425872802734 745500
1681630792613 0.09098593145608902 746000
1681630792966 1516.1171875 746500
1681630793243 0.24520254135131836 747000
1681630793995 0.6611201167106628 747500
1681630794543 0.19648277759552002 748000
1681630794790 12.474105834960938 748500
1681630795070 0.05732231214642525 749000
1681630795633 1.1439521312713623 749500
1681630796121 6.057007789611816 750000
1681630796475 0.1085992082953453 750500
1681630796869 2.1815624237060547 751000
1681630797214 0.4193421006202698 751500
1681630797795 1.8459689617156982 752000
1681630798298 0.6172341108322144 752500
1681630798816 1.7049204111099243 753000
1681630799162 0.1907176971435547 753500
1681630799523 0.06612370908260345 754000
1681630799981 1.0001989603042603 754500
1681630800345 0.32414424419403076 755000
1681630800626 4.108973503112793 755500
1681630800910 0.38585206866264343 756000
1681630801274 9.393839836120605 756500
1681630801575 0.4921000897884369 757000
1681630801989 0.16478084027767181 757500
1681630802225 2.5464680194854736 758000
1681630802751 0.2211008071899414 758500
1681630803197 2.9081225395202637 759000
1681630803888 0.03806003928184509 759500
1681630804269 0.26281991600990295 760000
1681630805119 0.33732911944389343 760500
1681630805442 1.4595346450805664 761000
1681630805850 0.26051193475723267 761500
1681630806457 0.34695136547088623 762000
1681630807195 0.23637261986732483 762500
1681630807796 1.5609354972839355 763000
1681630808334 0.10274367034435272 763500
1681630808635 0.20318952202796936 764000
1681630808988 0.05206122249364853 764500
1681630809819 3.3437225818634033 765000
1681630810181 1.7271716594696045 765500
1681630810713 0.04343697801232338 766000
1681630811066 0.43547701835632324 766500
1681630811413 0.48882707953453064 767000
1681630811914 0.8130449056625366 767500
1681630812321 0.06931557506322861 768000
1681630812842 4.862988471984863 768500
1681630813208 0.43258029222488403 769000
1681630813719 1.6930946111679077 769500
1681630814180 0.25849223136901855 770000
1681630814950 0.7730292081832886 770500
1681630815454 0.33935341238975525 771000
1681630815975 0.6613880395889282 771500
1681630816445 0.026349131017923355 772000
1681630816970 0.01979007199406624 772500
1681630817306 0.8834428787231445 773000
1681630817618 0.40014562010765076 773500
1681630817962 0.9643453359603882 774000
1681630818334 492.588623046875 774500
1681630818652 0.23617272078990936 775000
1681630818948 5.861538410186768 775500
1681630819271 0.6190809607505798 776000
1681630819518 0.17832189798355103 776500
1681630819957 0.08065290004014969 777000
1681630820318 2.774425506591797 777500
1681630820794 0.3395468294620514 778000
1681630821270 21.412765502929688 778500
1681630821496 0.27047139406204224 779000
1681630822026 1.3151180744171143 779500
1681630822428 37.32753372192383 780000
1681630822687 0.15564444661140442 780500
1681630823347 1.0819255113601685 781000
1681630823766 0.020904114469885826 781500
1681630824014 4.848349571228027 782000
1681630824320 1.18532395362854 782500
1681630824757 6.799015045166016 783000
1681630825036 0.0422639325261116 783500
1681630825330 4.3784003257751465 784000
1681630825600 0.10102329403162003 784500
1681630825911 14.374702453613281 785000
1681630826232 0.22542020678520203 785500
1681630826735 0.3818643391132355 786000
1681630826994 0.5905154943466187 786500
1681630827565 0.0625661313533783 787000
1681630828018 4.466977119445801 787500
1681630828282 1.1691371202468872 788000
1681630828569 1.0154751539230347 788500
1681630828891 0.04595062881708145 789000
1681630829181 0.14945347607135773 789500
1681630829412 0.07644312083721161 790000
1681630829649 0.2413342297077179 790500
1681630829915 4.651355743408203 791000
1681630830159 0.19365321099758148 791500
1681630830433 0.43341970443725586 792000
1681630830689 0.20377559959888458 792500
1681630830980 1.0656144618988037 793000
1681630831401 0.18981602787971497 793500
1681630831728 0.21173587441444397 794000
1681630832094 0.013277396559715271 794500
1681630832385 0.050883758813142776 795000
1681630832797 0.6572729349136353 795500
1681630833139 0.7003845572471619 796000
1681630833887 0.6787397265434265 796500
1681630834499 1.3725351095199585 797000
1681630834761 0.4879515767097473 797500
1681630835147 0.342052698135376 798000
1681630835474 3.4990813732147217 798500
1681630835720 0.9865819215774536 799000
1681630836132 4.677783966064453 799500
1681630836531 0.23838965594768524 800000
1681630836852 0.0744473785161972 800500
1681630837296 2.4638888835906982 801000
1681630837953 0.27884554862976074 801500
1681630838286 0.6185022592544556 802000
1681630838762 2.9253365993499756 802500
1681630839176 0.1480315774679184 803000
1681630839872 3.081230878829956 803500
1681630840386 0.6217160820960999 804000
1681630840907 0.9225058555603027 804500
1681630841342 0.6714019775390625 805000
1681630841922 0.08667893707752228 805500
1681630842353 0.020775865763425827 806000
1681630843031 0.619676947593689 806500
1681630843550 0.6709614992141724 807000
1681630843873 3.5026462078094482 807500
1681630844314 2.225123643875122 808000
1681630844577 1.1008927822113037 808500
1681630845142 0.42424511909484863 809000
1681630845689 0.259017676115036 809500
1681630846164 0.12308000028133392 810000
1681630846570 1.6460157632827759 810500
1681630846825 3.244422435760498 811000
1681630847068 0.2413567304611206 811500
1681630847310 1.4865559339523315 812000
1681630847978 0.658598780632019 812500
1681630848319 1.3550441265106201 813000
1681630848704 0.07799665629863739 813500
1681630849275 0.9315746426582336 814000
1681630849815 1.6658360958099365 814500
1681630850658 0.02190938964486122 815000
1681630851078 0.7430211901664734 815500
1681630851554 0.7630095481872559 816000
1681630851921 0.024266313761472702 816500
1681630852385 0.8244590759277344 817000
1681630852788 0.20254750549793243 817500
1681630853295 0.37223711609840393 818000
1681630853770 0.04375878721475601 818500
1681630854384 0.06297290325164795 819000
1681630855032 0.5158889889717102 819500
1681630855826 0.4681665301322937 820000
1681630856098 0.0658024400472641 820500
1681630856693 1.53884756565094 821000
1681630857061 0.15935024619102478 821500
1681630857502 0.5910679697990417 822000
1681630857808 0.08872992545366287 822500
1681630858249 0.7007744908332825 823000
1681630858590 1.2424784898757935 823500
1681630859497 0.10670986026525497 824000
1681630859918 0.09035174548625946 824500
1681630860400 0.18515197932720184 825000
1681630861151 0.45968103408813477 825500
1681630861474 0.7833935022354126 826000
1681630861802 1.5197219848632812 826500
1681630862171 0.027839910238981247 827000
1681630862751 4.19840145111084 827500
1681630863153 0.4931444525718689 828000
1681630863609 1.7985082864761353 828500
1681630864147 0.03970682621002197 829000
1681630864767 1.5836513042449951 829500
1681630865252 1.2722160816192627 830000
1681630865966 3.628873825073242 830500
1681630866207 0.4311739504337311 831000
1681630866641 0.23227813839912415 831500
1681630867077 0.263065904378891 832000
1681630867482 0.3150244355201721 832500
1681630868175 0.13890807330608368 833000
1681630868545 1.7614303827285767 833500
1681630868769 0.7102019190788269 834000
1681630869021 14.314809799194336 834500
1681630869222 0.06693271547555923 835000
1681630869558 0.7561928033828735 835500
1681630869766 7.667354583740234 836000
1681630869983 2.106987237930298 836500
1681630870364 0.5238866209983826 837000
1681630870707 3.8369834423065186 837500
1681630871317 5.145046234130859 838000
1681630871536 1.5445762872695923 838500
1681630871743 1.8868839740753174 839000
1681630872041 3.6685004234313965 839500
1681630872529 0.7132371664047241 840000
1681630872794 3.640789747238159 840500
1681630873386 4.136271953582764 841000
1681630873981 3.0733466148376465 841500
1681630874392 0.17030993103981018 842000
1681630874701 1.5618356466293335 842500
1681630875391 0.7974259257316589 843000
1681630875752 14.478494644165039 843500
1681630876010 0.8921939730644226 844000
1681630876414 2.8713107109069824 844500
1681630876777 1.0511022806167603 845000
1681630877554 0.5427169799804688 845500
1681630877931 0.8115341067314148 846000
1681630878663 20.381877899169922 846500
1681630878956 0.8561399579048157 847000
1681630879204 2.3489155769348145 847500
1681630879634 0.03286772221326828 848000
1681630880030 0.7822085618972778 848500
1681630880295 0.2289368361234665 849000
1681630880536 8.037883758544922 849500
1681630880803 0.08776222169399261 850000
1681630881157 0.2212671935558319 850500
1681630881464 0.17752742767333984 851000
1681630881915 0.28573423624038696 851500
1681630882183 0.11875785887241364 852000
1681630882767 0.08549299091100693 852500
1681630883233 1.3354089260101318 853000
1681630883560 13.873265266418457 853500
1681630883809 0.009894276969134808 854000
1681630884367 0.3688288629055023 854500
1681630885045 6.269008636474609 855000
1681630885313 2.9590816497802734 855500
1681630885723 0.030314648523926735 856000
1681630886070 0.3177931010723114 856500
1681630886913 0.6150246858596802 857000
1681630887423 0.4092109799385071 857500
1681630887624 0.12368066608905792 858000
1681630888034 3.2475688457489014 858500
1681630888313 9.75096321105957 859000
1681630888715 0.9887054562568665 859500
1681630889134 1.0309035778045654 860000
1681630889418 3.906665802001953 860500
1681630889922 0.37781158089637756 861000
1681630890354 5.307116508483887 861500
1681630890932 3.836674451828003 862000
1681630891318 2.362569570541382 862500
1681630892047 9.203067779541016 863000
1681630892371 7.181199073791504 863500
1681630892669 0.8659602999687195 864000
1681630893520 1.3273084163665771 864500
1681630893910 1.2082253694534302 865000
1681630894456 0.5480996370315552 865500
1681630894870 0.4017554223537445 866000
1681630895305 10.754889488220215 866500
1681630895586 9.358116149902344 867000
1681630896085 0.275810182094574 867500
1681630896443 5.553289890289307 868000
1681630897170 4.455824851989746 868500
1681630897446 0.46834903955459595 869000
1681630897954 0.23445799946784973 869500
1681630898326 8.262848854064941 870000
1681630898877 5.082697868347168 870500
1681630899522 1.8550291061401367 871000
1681630900012 0.08205033093690872 871500
1681630900643 1.2769664525985718 872000
1681630901073 4920.18896484375 872500
1681630901350 0.09553264826536179 873000
1681630901716 1.0103342533111572 873500
1681630902023 0.9333243370056152 874000
1681630902304 7.402358055114746 874500
1681630902845 0.019141722470521927 875000
1681630903272 7.460616111755371 875500
1681630903955 0.15468494594097137 876000
1681630904480 6.923003196716309 876500
1681630904760 1.4783432483673096 877000
1681630905248 0.018009569495916367 877500
1681630905505 1.0101747512817383 878000
1681630905717 0.39461207389831543 878500
1681630906267 5.257897853851318 879000
1681630906674 0.7367738485336304 879500
1681630907477 5467.1640625 880000
1681630907887 0.08309008181095123 880500
1681630908274 0.09090139716863632 881000
1681630908552 1.664851188659668 881500
1681630908972 0.5560261607170105 882000
1681630909199 0.7187369465827942 882500
1681630909440 1.9330122470855713 883000
1681630909773 0.27215903997421265 883500
1681630910808 2.6631875038146973 884000
1681630911141 2.9967899322509766 884500
1681630911395 0.1580440253019333 885000
1681630911947 0.02476607635617256 885500
1681630912292 1.1221091747283936 886000
1681630912545 0.5424097180366516 886500
1681630912889 8.256041526794434 887000
1681630913246 0.48989421129226685 887500
1681630913492 0.6525278687477112 888000
1681630913728 4.519408226013184 888500
1681630913937 2.280688762664795 889000
1681630914269 0.12508854269981384 889500
1681630914614 1.7441173791885376 890000
1681630914806 0.3291051983833313 890500
1681630915271 0.7943648099899292 891000
1681630915609 1.0609543323516846 891500
1681630915818 0.24288888275623322 892000
1681630916058 0.1522139012813568 892500
1681630916370 0.04837993532419205 893000
1681630916824 0.4614597260951996 893500
1681630917163 4.456632614135742 894000
1681630917731 2.9321000576019287 894500
1681630918140 0.3339332938194275 895000
1681630918868 0.5685359239578247 895500
1681630919428 0.6978558301925659 896000
1681630919835 0.9014209508895874 896500
1681630920220 0.17919392883777618 897000
1681630920700 0.17929676175117493 897500
1681630921157 3.8252768516540527 898000
1681630921476 1.4904192686080933 898500
1681630921730 0.6756845712661743 899000
1681630922148 0.018998142331838608 899500
1681630922449 0.04412294551730156 900000
1681630923031 0.05109056085348129 900500
1681630923385 0.25397437810897827 901000
1681630924099 0.2996465563774109 901500
1681630924372 1.1964058876037598 902000
1681630924606 0.5702880620956421 902500
1681630925098 62.81237030029297 903000
1681630925446 3.7831287384033203 903500
1681630925999 0.5489275455474854 904000
1681630926344 0.019610170274972916 904500
1681630926988 2.086214780807495 905000
1681630927379 2.137863874435425 905500
1681630928178 4.059183597564697 906000
1681630928582 0.06431550532579422 906500
1681630929017 2.3090567588806152 907000
1681630929370 0.8070441484451294 907500
1681630929829 0.265525758266449 908000
1681630930365 0.4698719084262848 908500
1681630930839 0.2602030038833618 909000
1681630931330 0.263027161359787 909500
1681630931644 0.5105158686637878 910000
1681630932208 2.3874032497406006 910500
1681630932547 0.015355387702584267 911000
1681630933014 0.2515266239643097 911500
1681630933371 0.3871687948703766 912000
1681630934052 0.3927043080329895 912500
1681630934478 0.22298750281333923 913000
1681630935064 0.2897762060165405 913500
1681630935428 0.006072109565138817 914000
1681630936031 49.968719482421875 914500
1681630936387 1.0368188619613647 915000
1681630936676 5.566935062408447 915500
1681630937047 6.164431095123291 916000
1681630937487 0.34780633449554443 916500
1681630937754 4.006504535675049 917000
1681630938106 0.27558091282844543 917500
1681630938456 0.21893973648548126 918000
1681630938816 3.958343029022217 918500
1681630939184 0.13074152171611786 919000
1681630939495 0.06654471158981323 919500
1681630939816 0.11908914893865585 920000
1681630940083 1.5081615447998047 920500
1681630940456 0.9543612599372864 921000
1681630940870 0.28019455075263977 921500
1681630941156 1.284109115600586 922000
1681630941784 0.014106621965765953 922500
1681630942184 179.97940063476562 923000
1681630942396 6.113492488861084 923500
1681630942678 0.11016233265399933 924000
1681630943002 0.08057577908039093 924500
1681630943436 9.348027229309082 925000
1681630943695 0.977336585521698 925500
1681630943995 2.8541998863220215 926000
1681630944273 3.9971413612365723 926500
1681630944499 0.2895174026489258 927000
1681630944833 1.863136649131775 927500
1681630945134 3.1429028511047363 928000
1681630945419 0.13294734060764313 928500
1681630945780 0.5848866701126099 929000
1681630946051 0.26526156067848206 929500
1681630946409 0.055655587464571 930000
1681630947108 7.745074272155762 930500
1681630947407 0.12843070924282074 931000
1681630947759 5.680665016174316 931500
1681630948097 0.006978292018175125 932000
1681630948364 13.719243049621582 932500
1681630948628 4.072906970977783 933000
1681630948864 6.54965353012085 933500
1681630949092 4.4751505851745605 934000
1681630949361 0.04309798404574394 934500
1681630949647 3.0584747791290283 935000
1681630949929 0.9753267168998718 935500
1681630950147 2.9803359508514404 936000
1681630950422 2.059875011444092 936500
1681630950671 12.16559886932373 937000
1681630950950 0.9754522442817688 937500
1681630951243 6.617110252380371 938000
1681630951551 0.0868896096944809 938500
1681630951870 6.097260475158691 939000
1681630952098 0.18421690165996552 939500
1681630952339 2.3724563121795654 940000
1681630952576 1.108170509338379 940500
1681630952931 0.09614992141723633 941000
1681630953237 1.4023568630218506 941500
1681630953576 0.1288502812385559 942000
1681630954203 2.4828264713287354 942500
1681630954625 0.5183764696121216 943000
1681630954914 0.6736477613449097 943500
1681630955494 3.080786943435669 944000
1681630956188 3.730114698410034 944500
1681630956564 0.007510628551244736 945000
1681630957061 0.3055296540260315 945500
1681630957403 0.032613519579172134 946000
1681630957997 0.1563958376646042 946500
1681630958472 0.3357082009315491 947000
1681630959042 0.006629454903304577 947500
1681630959551 0.04549789801239967 948000
1681630959786 0.20222270488739014 948500
1681630960421 0.7789039015769958 949000
1681630960973 5.571002960205078 949500
1681630961206 0.06268820911645889 950000
1681630961888 0.017212441191077232 950500
1681630962431 0.2509343922138214 951000
1681630962813 0.023214025422930717 951500
1681630963158 0.09348436444997787 952000
1681630963541 0.07241638749837875 952500
1681630963892 0.13894125819206238 953000
1681630964217 1.6388332843780518 953500
1681630964505 0.12189803272485733 954000
1681630964814 0.028554880991578102 954500
1681630965068 0.023437311872839928 955000
1681630965372 0.45406264066696167 955500
1681630965627 0.9779433012008667 956000
1681630965908 0.5119727849960327 956500
1681630966313 0.3157884478569031 957000
1681630966569 1.23915433883667 957500
1681630966798 4.526469707489014 958000
1681630967033 1.66839599609375 958500
1681630967366 0.1720549315214157 959000
1681630967878 0.1411600410938263 959500
1681630968192 0.8949556350708008 960000
1681630968513 1.4140328168869019 960500
1681630968876 0.053719401359558105 961000
1681630969160 1.4296585321426392 961500
1681630969376 1.36154305934906 962000
1681630969637 0.12197160720825195 962500
1681630969969 2.0055227279663086 963000
1681630970402 0.24786420166492462 963500
1681630970698 0.2644330561161041 964000
1681630971040 214.4371795654297 964500
1681630971267 0.6030617952346802 965000
1681630971595 1.406158447265625 965500
1681630971931 0.1418553739786148 966000
1681630972261 2.22792387008667 966500
1681630972687 2.17826509475708 967000
1681630973108 0.9902796745300293 967500
1681630973510 2.429996967315674 968000
1681630973719 2.793091058731079 968500
1681630973932 0.061747245490550995 969000
1681630974552 1.5037713050842285 969500
1681630975140 0.750532865524292 970000
1681630975359 0.40329235792160034 970500
1681630975564 1.3471390008926392 971000
1681630975790 3.5572478771209717 971500
1681630976043 0.10897581279277802 972000
1681630976431 11.137964248657227 972500
1681630976781 0.31784629821777344 973000
1681630977139 0.33423441648483276 973500
1681630977878 0.6908918619155884 974000
1681630978576 2.2107110023498535 974500
1681630978836 1.8846073150634766 975000
1681630979246 1.5946239233016968 975500
1681630979638 0.4880949854850769 976000
1681630979872 1.2639178037643433 976500
1681630980150 1.1928461790084839 977000
1681630980448 0.04792938381433487 977500
1681630980790 0.10235197842121124 978000
1681630981487 0.5994483232498169 978500
1681630981890 0.5533140897750854 979000
1681630982285 0.4067862629890442 979500
1681630982537 0.05308999866247177 980000
1681630982970 3.180292844772339 980500
1681630983279 9.251440048217773 981000
1681630983534 0.4721139967441559 981500
1681630983908 0.9349120855331421 982000
1681630984165 0.6803076863288879 982500
1681630984431 0.30055561661720276 983000
1681630984874 8.61544418334961 983500
1681630985254 0.09034035354852676 984000
1681630985759 0.442327082157135 984500
1681630986233 0.8793209195137024 985000
1681630986538 0.7295416593551636 985500
1681630986901 1.2713526487350464 986000
1681630987158 0.6510838866233826 986500
1681630987596 1.2196526527404785 987000
1681630987974 0.8817299008369446 987500
1681630988334 2.3012168407440186 988000
1681630988701 1.2291696071624756 988500
1681630988966 3.1356537342071533 989000
1681630989330 1.1771371364593506 989500
1681630989602 149.8438720703125 990000
1681630989854 0.6235445141792297 990500
1681630990183 1.5501015186309814 991000
1681630990606 7.223657131195068 991500
1681630990884 0.04316944256424904 992000
1681630991085 0.4956333637237549 992500
1681630991376 0.6467669606208801 993000
1681630991796 0.3199893832206726 993500
1681630992015 3.0548033714294434 994000
1681630992261 1.249382734298706 994500
1681630992501 0.5667616128921509 995000
1681630992794 1.2701475620269775 995500
1681630993141 7.637037754058838 996000
1681630993342 0.5175257921218872 996500
1681630993600 7.708139896392822 997000
1681630993805 0.9339707493782043 997500
1681630994062 32.49361038208008 998000
1681630994259 0.5958959460258484 998500
1681630994629 1.7664769887924194 999000
1681630994860 2.061253070831299 999500
1681630995135 4.7141032218933105 1000000
