1681388632734 -1.3737484216690063 500
1681388632995 -1.25046706199646 1000
1681388633189 -0.6494659781455994 1500
1681388633371 -0.4748252332210541 2000
1681388633547 -0.8803321719169617 2500
1681388633726 -1.0861318111419678 3000
1681388633901 -0.6352367997169495 3500
1681388634083 -1.1379053592681885 4000
1681388634289 -1.3587902784347534 4500
1681388634484 -0.9977728128433228 5000
1681388634693 -0.763278067111969 5500
1681388634888 -0.5499786734580994 6000
1681388635077 -0.6998293995857239 6500
1681388635272 -0.5881872177124023 7000
1681388635640 -0.760802686214447 7500
1681388635869 -0.35678762197494507 8000
1681388636072 -0.64573734998703 8500
1681388636268 -0.7563201785087585 9000
1681388636482 -0.7255458831787109 9500
1681388636712 -0.6202832460403442 10000
1681388636973 -0.7184103727340698 10500
1681388637266 -0.10598015785217285 11000
1681388637527 -0.7821004390716553 11500
1681388637806 -0.6920280456542969 12000
1681388638624 -0.9883475303649902 12500
1681388638937 -0.6799489855766296 13000
1681388639227 -0.9778791666030884 13500
1681388639503 -0.6394316554069519 14000
1681388639718 -0.7555304765701294 14500
1681388640044 -1.3608834743499756 15000
1681388640552 -0.7020769715309143 15500
1681388640753 -0.49587637186050415 16000
1681388640988 -0.05261090397834778 16500
1681388641184 -0.6413842439651489 17000
1681388641385 -0.6796035170555115 17500
1681388641684 -0.6744027733802795 18000
1681388641885 -0.5225576162338257 18500
1681388642182 -0.6154803037643433 19000
1681388642453 -0.08123640716075897 19500
1681388642706 -0.6762180924415588 20000
1681388643016 -0.6667485237121582 20500
1681388643222 -0.4361608624458313 21000
1681388643444 -0.17735683917999268 21500
1681388643641 -0.07684876769781113 22000
1681388643934 -0.6121813058853149 22500
1681388644125 -0.6170395612716675 23000
1681388644309 -0.9990894198417664 23500
1681388644527 -0.7917004823684692 24000
1681388644757 -0.6121305227279663 24500
1681388644990 -0.24433282017707825 25000
1681388645202 -0.5822851657867432 25500
1681388645385 -0.6310659050941467 26000
1681388645572 -0.5828944444656372 26500
1681388645766 -0.6152306795120239 27000
1681388645959 -0.023773901164531708 27500
1681388646172 -0.31718239188194275 28000
1681388646374 -0.6234201788902283 28500
1681388646565 -0.5330649614334106 29000
1681388646800 -0.524833619594574 29500
1681388647000 -0.6658215522766113 30000
1681388647234 -0.5342712998390198 30500
1681388647442 -0.6237939596176147 31000
1681388647663 -0.5845953226089478 31500
1681388647860 -0.6311980485916138 32000
1681388648049 -0.16356194019317627 32500
1681388648255 -0.003903247881680727 33000
1681388648435 -0.65998375415802 33500
1681388648682 -0.9430392384529114 34000
1681388648884 -0.70000159740448 34500
1681388649099 -0.7255693674087524 35000
1681388649291 -0.26993581652641296 35500
1681388649478 -0.6427517533302307 36000
1681388649696 -0.009763892740011215 36500
1681388649879 -0.5997822880744934 37000
1681388650080 -1.0066964626312256 37500
1681388650278 -0.3489636480808258 38000
1681388650469 -0.6722232103347778 38500
1681388650690 -0.29103732109069824 39000
1681388650899 -0.5990960597991943 39500
1681388651123 -1.1416826248168945 40000
1681388651333 -0.49088579416275024 40500
1681388651519 -0.1767686903476715 41000
1681388651699 -0.7654263973236084 41500
1681388651882 -0.9522500038146973 42000
1681388652065 -0.45860928297042847 42500
1681388652247 -0.7277355790138245 43000
1681388652425 -0.37900930643081665 43500
1681388652599 -0.5999263525009155 44000
1681388652779 -1.1231050491333008 44500
1681388652959 -0.6245759725570679 45000
1681388653132 -0.09310659021139145 45500
1681388653305 -0.500836968421936 46000
1681388653477 -1.0683043003082275 46500
1681388653654 -0.786547839641571 47000
1681388653836 -0.854779839515686 47500
1681388654026 -1.0209687948226929 48000
1681388654212 -1.1157740354537964 48500
1681388654425 -0.606203556060791 49000
1681388654617 -0.9169952273368835 49500
1681388654868 -0.10115047544240952 50000
1681388655117 -0.8872747421264648 50500
1681388655379 -0.9397751092910767 51000
1681388655610 -1.0256296396255493 51500
1681388655865 -1.086230993270874 52000
1681388656143 -0.9210779070854187 52500
1681388656753 -1.1687414646148682 53000
1681388657210 -0.7146016955375671 53500
1681388657993 -0.604552149772644 54000
1681388658459 -0.8812749981880188 54500
1681388658761 -0.5390029549598694 55000
1681388659283 -0.6176067590713501 55500
1681388659743 -1.2392995357513428 56000
1681388660479 -0.8671062588691711 56500
1681388661202 -0.9482881426811218 57000
1681388661654 -0.5048326253890991 57500
1681388662056 -0.9245374798774719 58000
1681388662829 -0.9905462265014648 58500
1681388663590 -0.6314274072647095 59000
1681388664193 -1.16629159450531 59500
1681388664700 -1.1404491662979126 60000
1681388665511 -1.22714364528656 60500
1681388666312 -1.1660821437835693 61000
1681388667127 -0.8320564031600952 61500
1681388667838 -0.9465068578720093 62000
1681388668347 -0.7975812554359436 62500
1681388668822 -0.4711073935031891 63000
1681388669166 -0.8390750885009766 63500
1681388669926 -0.6689200401306152 64000
1681388670194 -0.7970589995384216 64500
1681388670728 -0.6410066485404968 65000
1681388671229 -0.8909696340560913 65500
1681388671878 -0.7286978363990784 66000
1681388672514 -1.126908540725708 66500
1681388673200 -0.5996559858322144 67000
1681388673898 -0.5093984603881836 67500
1681388674458 -0.6165417432785034 68000
1681388675040 -0.10817001760005951 68500
1681388675370 -0.7954739332199097 69000
1681388676087 -0.6135513782501221 69500
1681388676948 -0.6462849378585815 70000
1681388677329 -0.4280472695827484 70500
1681388677906 -0.35923144221305847 71000
1681388678179 -0.4973594546318054 71500
1681388678456 -0.0010078860213980079 72000
1681388678766 -0.4631823003292084 72500
1681388679023 -0.4804214835166931 73000
1681388679281 -0.49444422125816345 73500
1681388679757 -0.3142581284046173 74000
1681388680088 -0.5748819708824158 74500
1681388680316 -0.6841636300086975 75000
1681388680561 -0.4473388195037842 75500
1681388680789 -0.03437245637178421 76000
1681388680969 -0.5114719271659851 76500
1681388681165 -0.6911311149597168 77000
1681388681391 -0.6476606130599976 77500
1681388681627 -0.13962462544441223 78000
1681388681816 -0.5052069425582886 78500
1681388681990 -0.3243645429611206 79000
1681388682162 -0.35103943943977356 79500
1681388682336 -0.7628464698791504 80000
1681388682515 -0.35654738545417786 80500
1681388682696 -0.8449667096138 81000
1681388682875 -0.41007599234580994 81500
1681388683054 -0.8974844813346863 82000
1681388683230 -0.10218902677297592 82500
1681388683398 -0.434194952249527 83000
1681388683567 -0.7846115827560425 83500
1681388683741 -0.4777204394340515 84000
1681388683910 -0.6784852743148804 84500
1681388684079 -0.46098384261131287 85000
1681388684241 -0.19994792342185974 85500
1681388684408 -0.29572805762290955 86000
1681388684573 -0.8573883771896362 86500
1681388684743 -0.4979734420776367 87000
1681388684902 -0.2213173359632492 87500
1681388685064 -0.6688133478164673 88000
1681388685222 -0.2000209391117096 88500
1681388685385 -0.4588086009025574 89000
1681388685548 -0.7502576112747192 89500
1681388685718 -0.7518853545188904 90000
1681388685910 -0.018765820190310478 90500
1681388686132 -0.8824286460876465 91000
1681388686482 -1.07296621799469 91500
1681388686837 -0.5501785278320312 92000
1681388687467 -0.7888528108596802 92500
1681388687868 -0.9054000973701477 93000
1681388688499 -0.8237088918685913 93500
1681388688907 -0.6068971157073975 94000
1681388689599 -0.9200056791305542 94500
1681388690045 -0.7982131838798523 95000
1681388690931 -0.9807935953140259 95500
1681388691405 -0.7567242383956909 96000
1681388691948 -0.764482319355011 96500
1681388692335 -0.8010765314102173 97000
1681388693262 -0.8391402959823608 97500
1681388693719 -0.9096139073371887 98000
1681388694304 -0.6493725776672363 98500
1681388694651 -0.6579626202583313 99000
1681388695489 -0.6318637132644653 99500
1681388695968 -0.0919635072350502 100000
1681388696714 -0.5999246835708618 100500
1681388697123 -0.6184037923812866 101000
1681388697656 -0.9998024106025696 101500
1681388697978 -0.7982707023620605 102000
1681388698417 -0.7362252473831177 102500
1681388698766 -0.6576013565063477 103000
1681388699676 -0.8669837713241577 103500
1681388700323 -0.5705232620239258 104000
1681388701054 -0.593357264995575 104500
1681388701483 -0.6249599456787109 105000
1681388702362 -0.3080623745918274 105500
1681388702825 -0.6780816316604614 106000
1681388703524 -0.7159830331802368 106500
1681388703956 -0.4041529595851898 107000
1681388704702 -0.642615020275116 107500
1681388705141 -0.7016403675079346 108000
1681388705754 -0.6671567559242249 108500
1681388706152 -0.5969715118408203 109000
1681388706835 -0.6389963626861572 109500
1681388707227 -0.5980730056762695 110000
1681388708069 -0.5778043866157532 110500
1681388708560 -0.235430508852005 111000
1681388709024 -0.5076268315315247 111500
1681388709573 -0.5898086428642273 112000
1681388709976 -0.3224915862083435 112500
1681388710353 -0.37308555841445923 113000
1681388711570 -0.3740880489349365 113500
1681388711915 -0.10685447603464127 114000
1681388712519 -0.6026538014411926 114500
1681388713024 -0.4980540871620178 115000
1681388713529 -0.6522853970527649 115500
1681388713999 -0.2349126785993576 116000
1681388714299 -0.4490815997123718 116500
1681388714556 -0.04267226532101631 117000
1681388714903 -0.49523624777793884 117500
1681388715324 -0.05886883661150932 118000
1681388715637 -0.40252918004989624 118500
1681388716310 -0.19002178311347961 119000
1681388716560 -0.16591240465641022 119500
1681388716936 -0.40881261229515076 120000
1681388717434 -0.16637520492076874 120500
1681388717966 -0.6516322493553162 121000
1681388718743 -0.3958618938922882 121500
1681388719300 -0.23533253371715546 122000
1681388720124 -0.31724244356155396 122500
1681388720384 -0.35355472564697266 123000
1681388720962 -0.3984437584877014 123500
1681388721373 -0.49623268842697144 124000
1681388721713 -0.17613758146762848 124500
1681388721996 -0.013268636539578438 125000
1681388722371 -0.039323918521404266 125500
1681388722619 -0.32033076882362366 126000
1681388722892 -0.1014179140329361 126500
1681388723110 -0.26519036293029785 127000
1681388723363 -0.10206355899572372 127500
1681388723603 -0.46879664063453674 128000
1681388724136 -0.7380068898200989 128500
1681388725058 -0.546217143535614 129000
1681388725462 -0.24915862083435059 129500
1681388725927 -0.36798959970474243 130000
1681388726374 -0.4575587213039398 130500
1681388726900 -0.8534044027328491 131000
1681388727355 -0.6929114460945129 131500
1681388727749 -0.22019699215888977 132000
1681388728198 -0.22415225207805634 132500
1681388728436 -0.41354459524154663 133000
1681388729028 -0.47841519117355347 133500
1681388729494 -0.7665908336639404 134000
1681388730370 -0.6977018117904663 134500
1681388731091 -0.0028569414280354977 135000
1681388731322 -0.6117968559265137 135500
1681388731884 -0.5272830128669739 136000
1681388732313 -0.555615246295929 136500
1681388733222 -0.3199055790901184 137000
1681388733849 -0.2488751858472824 137500
1681388734767 -0.5221579074859619 138000
1681388735366 -0.7817874550819397 138500
1681388736085 -0.023830192163586617 139000
1681388736487 -0.4991988241672516 139500
1681388737010 -0.9087861776351929 140000
1681388737513 -0.21653679013252258 140500
1681388737804 -0.7189298868179321 141000
1681388738165 -0.028409093618392944 141500
1681388738376 -0.2772220969200134 142000
1681388738572 -0.649278461933136 142500
1681388738947 -0.4926230311393738 143000
1681388739213 -0.3091276288032532 143500
1681388739385 -0.178390234708786 144000
1681388739593 -0.10985195636749268 144500
1681388739806 -0.11806793510913849 145000
1681388739988 -0.13490089774131775 145500
1681388740162 -0.36328786611557007 146000
1681388740345 -6.703360782012169e-07 146500
1681388740527 -0.2163802832365036 147000
1681388740704 -0.2550083100795746 147500
1681388740875 -0.33046120405197144 148000
1681388741047 -0.3066022992134094 148500
1681388741226 -0.3298029899597168 149000
1681388741403 -0.6599522829055786 149500
1681388741581 -0.0752023234963417 150000
1681388741772 -0.22460253536701202 150500
1681388741945 -0.3802914023399353 151000
1681388742119 -0.09262989461421967 151500
1681388742291 -0.4145877957344055 152000
1681388742486 -0.2152157574892044 152500
1681388742655 -0.0998377650976181 153000
1681388742822 -0.27412745356559753 153500
1681388742991 -0.30571249127388 154000
1681388743158 -0.33623063564300537 154500
1681388743327 -0.3741120398044586 155000
1681388743492 -0.7274785041809082 155500
1681388743655 -0.7306321859359741 156000
1681388743820 -0.3967472016811371 156500
1681388743984 -0.39768123626708984 157000
1681388744149 -0.6585173606872559 157500
1681388744313 -0.018021967262029648 158000
1681388744479 -0.15381792187690735 158500
1681388744651 -1.3123337971876481e-08 159000
1681388744818 -0.4415615200996399 159500
1681388744987 -0.3777301609516144 160000
1681388745161 -0.3079587519168854 160500
1681388745328 -7.725096118349484e-09 161000
1681388745493 -0.4140470027923584 161500
1681388745656 -0.1582004874944687 162000
1681388745817 -0.28612157702445984 162500
1681388745980 -0.5139312744140625 163000
1681388746144 -0.14065946638584137 163500
1681388746309 -0.4411911368370056 164000
1681388746467 -2.7133878575114068e-06 164500
1681388746625 -2.619026599859353e-05 165000
1681388746781 -0.3439083397388458 165500
1681388746936 -0.48202571272850037 166000
1681388747094 -0.46415233612060547 166500
1681388747249 -0.5708998441696167 167000
1681388747413 -0.38825279474258423 167500
1681388747562 -0.5897334218025208 168000
1681388747714 -0.6210429072380066 168500
1681388747867 -0.22127743065357208 169000
1681388748019 -0.18790766596794128 169500
1681388748169 -0.004083154257386923 170000
1681388748325 -0.2617890536785126 170500
1681388748482 -0.29494601488113403 171000
1681388748633 -0.2957918047904968 171500
1681388748783 -0.004735391121357679 172000
1681388748941 -1.1389819292162429e-06 172500
1681388749106 -0.2621578276157379 173000
1681388749259 -0.45064353942871094 173500
1681388749414 -0.0008003693073987961 174000
1681388749565 -0.38435083627700806 174500
1681388749728 -0.4635419249534607 175000
1681388749891 -0.35754019021987915 175500
1681388750046 -0.38485604524612427 176000
1681388750235 -0.013368727639317513 176500
1681388750423 -0.5348752737045288 177000
1681388750878 -0.14272084832191467 177500
1681388751075 -0.020586350932717323 178000
1681388751269 -0.22263510525226593 178500
1681388751550 -0.3836180567741394 179000
1681388752362 -0.34610357880592346 179500
1681388752642 -0.24749121069908142 180000
1681388752897 -0.43987423181533813 180500
1681388753367 -0.6092047691345215 181000
1681388753590 -0.13407376408576965 181500
1681388753865 -0.48242196440696716 182000
1681388754530 -0.34275108575820923 182500
1681388754919 -0.12005610764026642 183000
1681388755514 -1.0650230031217234e-08 183500
1681388755760 -0.36158114671707153 184000
1681388756063 -0.5154935121536255 184500
1681388756606 -0.20652885735034943 185000
1681388757009 -0.2038215696811676 185500
1681388757303 -0.24463005363941193 186000
1681388757818 -0.24755553901195526 186500
1681388758125 -0.19916537404060364 187000
1681388758483 -0.2813376486301422 187500
1681388759001 -0.28496140241622925 188000
1681388759440 -0.6766571402549744 188500
1681388759801 -0.3794228434562683 189000
1681388760765 -0.4641501009464264 189500
1681388761243 -0.4605185389518738 190000
1681388761855 -0.18858280777931213 190500
1681388762181 -0.6409790515899658 191000
1681388762601 -0.14285123348236084 191500
1681388762936 -0.23870591819286346 192000
1681388763501 -0.5004618763923645 192500
1681388763889 -0.15981049835681915 193000
1681388764744 -0.2146633118391037 193500
1681388765156 -0.3223722279071808 194000
1681388765947 -0.45387768745422363 194500
1681388766365 -0.4365651607513428 195000
1681388767243 -0.27373144030570984 195500
1681388767662 -0.4159182906150818 196000
1681388768196 -0.2757716178894043 196500
1681388768539 -0.3789103031158447 197000
1681388769017 -0.49637308716773987 197500
1681388769362 -0.5074486136436462 198000
1681388770282 -0.3054864704608917 198500
1681388770679 -0.22167973220348358 199000
1681388771169 -0.6358332633972168 199500
1681388772195 -0.20510852336883545 200000
1681388772587 -0.6545906662940979 200500
1681388773330 -0.413377046585083 201000
1681388773724 -0.23154278099536896 201500
1681388774433 -0.35808542370796204 202000
1681388774695 -0.19117876887321472 202500
1681388775060 -0.3322858512401581 203000
1681388775717 -0.5235742330551147 203500
1681388776305 -0.3585301339626312 204000
1681388777229 -0.49899840354919434 204500
1681388777873 -0.12543310225009918 205000
1681388778233 -0.48417431116104126 205500
1681388778788 -0.45239242911338806 206000
1681388779043 -0.5089880228042603 206500
1681388779622 -0.5038004517555237 207000
1681388780387 -0.18903133273124695 207500
1681388780695 -0.571753740310669 208000
1681388781122 -0.580100953578949 208500
1681388781727 -0.29931536316871643 209000
1681388782393 -0.522457480430603 209500
1681388783249 -0.22603726387023926 210000
1681388783858 -0.2539096772670746 210500
1681388784111 -0.47650089859962463 211000
1681388784797 -0.3534383773803711 211500
1681388785276 -0.041227471083402634 212000
1681388785657 -0.16762793064117432 212500
1681388785997 -0.16528812050819397 213000
1681388786247 -0.22104577720165253 213500
1681388786519 -0.29977744817733765 214000
1681388786789 -0.3251347839832306 214500
1681388787103 -0.372345507144928 215000
1681388787397 -0.7456533312797546 215500
1681388788078 -0.0033825491555035114 216000
1681388788318 -0.010604141280055046 216500
1681388788608 -0.23860196769237518 217000
1681388789045 -0.12604916095733643 217500
1681388789286 -0.4187873899936676 218000
1681388789697 -0.4695518910884857 218500
1681388789983 -0.2603572905063629 219000
1681388790272 -0.1476919800043106 219500
1681388790546 -0.00401186803355813 220000
1681388790735 -0.3359883725643158 220500
1681388790985 -0.39740481972694397 221000
1681388791192 -0.19151976704597473 221500
1681388791377 -0.05324622243642807 222000
1681388791551 -0.03400943800806999 222500
1681388791790 -0.3942801356315613 223000
1681388791986 -0.08749445527791977 223500
1681388792156 -0.27175918221473694 224000
1681388792330 -4.867926151064239e-08 224500
1681388792529 -0.0006654254975728691 225000
1681388792713 -7.691680536936474e-08 225500
1681388792893 -0.00030985160265117884 226000
1681388793065 -0.383922278881073 226500
1681388793237 -0.041817761957645416 227000
1681388793402 -0.4457796514034271 227500
1681388793583 -0.40783175826072693 228000
1681388793751 -0.09614832699298859 228500
1681388793919 -0.64532071352005 229000
1681388794088 -0.42959755659103394 229500
1681388794300 -0.07441885769367218 230000
1681388794482 -6.472606006724391e-09 230500
1681388794651 -1.4054981875233352e-05 231000
1681388794818 -0.07740810513496399 231500
1681388794986 -0.026640858501195908 232000
1681388795156 -0.49849605560302734 232500
1681388795321 -0.5261781215667725 233000
1681388795489 -0.2117203176021576 233500
1681388795656 -0.39009156823158264 234000
1681388795822 -0.560430645942688 234500
1681388795989 -3.064265001739841e-07 235000
1681388796155 -0.19907620549201965 235500
1681388796330 -0.22290988266468048 236000
1681388796503 -0.478674978017807 236500
1681388796681 -0.2411552220582962 237000
1681388796848 -0.297978013753891 237500
1681388797017 -0.00010926295362878591 238000
1681388797180 -0.23656049370765686 238500
1681388797346 -0.1385745108127594 239000
1681388797512 -0.3897000849246979 239500
1681388797679 -0.0030073728412389755 240000
1681388797848 -0.5545167326927185 240500
1681388798015 -0.036474861204624176 241000
1681388798185 -0.43039989471435547 241500
1681388798354 -2.198035508627072e-05 242000
1681388798519 -0.5782982707023621 242500
1681388798685 -0.0012619601329788566 243000
1681388798850 -0.4334540367126465 243500
1681388799018 -0.39775222539901733 244000
1681388799183 -0.2816024124622345 244500
1681388799349 -0.5644017457962036 245000
1681388799516 -0.0966046079993248 245500
1681388799678 -0.4416353106498718 246000
1681388799843 -0.6320962905883789 246500
1681388800006 -0.48051705956459045 247000
1681388800169 -0.02126804180443287 247500
1681388800332 -0.6461905241012573 248000
1681388800491 -1.9060983049712377e-06 248500
1681388800650 -0.3284093737602234 249000
1681388800809 -0.05461382120847702 249500
1681388800966 -6.135444436949911e-07 250000
1681388801122 -0.38346120715141296 250500
1681388801278 -0.4766438901424408 251000
1681388801430 -0.6631039381027222 251500
1681388801585 -0.1259128749370575 252000
1681388801736 -0.4867826998233795 252500
1681388801887 -0.15803031623363495 253000
1681388802036 -0.5197957754135132 253500
1681388802192 -2.1486857804120518e-05 254000
1681388802342 -0.8661917448043823 254500
1681388802491 -1.21620274740053e-07 255000
1681388802638 -0.34121623635292053 255500
1681388802789 -0.05418751388788223 256000
1681388802943 -0.5059961080551147 256500
1681388803093 -1.8605229357149256e-08 257000
1681388803243 -0.5550646185874939 257500
1681388803394 -2.676410076674074e-05 258000
1681388803548 -0.3845246732234955 258500
1681388803702 -0.16450457274913788 259000
1681388803859 -0.47561463713645935 259500
1681388804021 -0.43346333503723145 260000
1681388804183 -0.4043077528476715 260500
1681388804346 -0.6022852659225464 261000
1681388804507 -0.3098796010017395 261500
1681388804667 -0.159588024020195 262000
1681388804826 -0.5441333651542664 262500
1681388804986 -0.2879153788089752 263000
1681388805144 -0.26908648014068604 263500
1681388805303 -0.640496551990509 264000
1681388805455 -0.5445166826248169 264500
1681388805609 -5.430394978134245e-08 265000
1681388805764 -2.2020964607349924e-08 265500
1681388805915 -0.5353738069534302 266000
1681388806069 -0.5109990835189819 266500
1681388806225 -0.36762386560440063 267000
1681388806384 -0.17306706309318542 267500
1681388806540 -0.435701847076416 268000
1681388806699 -0.5046800374984741 268500
1681388806859 -0.5395491719245911 269000
1681388807016 -0.2481321543455124 269500
1681388807170 -0.2878805994987488 270000
1681388807331 -0.44804415106773376 270500
1681388807496 -0.35505571961402893 271000
1681388807657 -0.34387442469596863 271500
1681388807814 -0.2750439941883087 272000
1681388807972 -0.5160821080207825 272500
1681388808131 -0.00011361739598214626 273000
1681388808295 -0.0006418490665964782 273500
1681388808466 -3.642504964318505e-08 274000
1681388808622 -0.1260797679424286 274500
1681388808782 -0.4860190451145172 275000
1681388808935 -0.24963295459747314 275500
1681388809088 -5.6594675697851926e-05 276000
1681388809241 -0.16541236639022827 276500
1681388809397 -0.3908805549144745 277000
1681388809552 -0.03309980779886246 277500
1681388809708 -0.5163623690605164 278000
1681388809872 -0.4493406414985657 278500
1681388810058 -0.0023185459431260824 279000
1681388810335 -0.6418983936309814 279500
1681388810517 -0.35264989733695984 280000
1681388810696 -0.5101255178451538 280500
1681388810858 -0.25266456604003906 281000
1681388811019 -0.09917686134576797 281500
1681388811182 -0.4640466570854187 282000
1681388811340 -0.34687039256095886 282500
1681388811505 -0.4758667051792145 283000
1681388811663 -0.714339017868042 283500
1681388811823 -0.008866207674145699 284000
1681388811983 -0.2921079099178314 284500
1681388812143 -0.09802712500095367 285000
1681388812304 -0.44275426864624023 285500
1681388812462 -0.610572099685669 286000
1681388812624 -2.7864535567800885e-08 286500
1681388812778 -0.10384762287139893 287000
1681388812927 -0.36509764194488525 287500
1681388813080 -3.1018827506557045e-09 288000
1681388813233 -4.575108647486559e-08 288500
1681388813386 -0.5133781433105469 289000
1681388813546 -0.0012212995206937194 289500
1681388813706 -1.879026569895359e-07 290000
1681388813897 -0.10945360362529755 290500
1681388814068 -1.0321934418300316e-08 291000
1681388814244 -0.0108357984572649 291500
1681388814416 -3.3449925052053686e-09 292000
1681388814602 -0.035011131316423416 292500
1681388814781 -0.42596250772476196 293000
1681388814988 -0.3341882824897766 293500
1681388815183 -0.08734116703271866 294000
1681388815399 -0.0018818971002474427 294500
1681388815602 -7.1647590083046e-09 295000
1681388815805 -4.033960863125685e-07 295500
1681388816046 -0.056241609156131744 296000
1681388816468 -0.21013379096984863 296500
1681388817077 -0.26833853125572205 297000
1681388817682 -0.34823015332221985 297500
1681388818632 -0.4711601138114929 298000
1681388819046 -0.46281591057777405 298500
1681388819611 -0.599884033203125 299000
1681388820177 -0.3866654336452484 299500
1681388821176 -0.4660547375679016 300000
