1681388632735 -0.004177570343017578 500
1681388632996 0.12605053186416626 1000
1681388633189 -0.0007294416427612305 1500
1681388633372 -0.00018715858459472656 2000
1681388633547 0.0034391283988952637 2500
1681388633726 -0.025852084159851074 3000
1681388633901 -0.00014019012451171875 3500
1681388634083 5.3048133850097656e-05 4000
1681388634290 -8.940696716308594e-06 4500
1681388634485 2.2113323211669922e-05 5000
1681388634693 5.65648078918457e-05 5500
1681388634888 0.0010873675346374512 6000
1681388635077 0.02905905246734619 6500
1681388635272 0.00022864341735839844 7000
1681388635641 -0.013727426528930664 7500
1681388635870 -4.3511390686035156e-05 8000
1681388636073 -6.842613220214844e-05 8500
1681388636269 -5.614757537841797e-05 9000
1681388636482 0.002503693103790283 9500
1681388636712 -0.0004976987838745117 10000
1681388636974 -2.8252601623535156e-05 10500
1681388637266 -0.002200007438659668 11000
1681388637527 -0.00019538402557373047 11500
1681388637806 -0.03055751323699951 12000
1681388638625 -0.0012029409408569336 12500
1681388638937 0.28362298011779785 13000
1681388639227 -2.3391172885894775 13500
1681388639503 -0.03879070281982422 14000
1681388639719 -0.06582403182983398 14500
1681388640045 0.054611146450042725 15000
1681388640552 -0.019642353057861328 15500
1681388640753 0.10633343458175659 16000
1681388640988 0.29241567850112915 16500
1681388641185 0.021483302116394043 17000
1681388641385 0.6646594703197479 17500
1681388641685 -0.08671486377716064 18000
1681388641885 -0.11463260650634766 18500
1681388642182 0.15774697065353394 19000
1681388642454 -0.117592453956604 19500
1681388642707 0.8071303367614746 20000
1681388643016 0.45086872577667236 20500
1681388643222 0.6302836239337921 21000
1681388643445 -0.20456254482269287 21500
1681388643641 0.3981826901435852 22000
1681388643934 -0.2682042121887207 22500
1681388644125 0.9822453334927559 23000
1681388644309 0.4135364890098572 23500
1681388644527 0.45901811122894287 24000
1681388644758 -1.5008485317230225 24500
1681388644990 -1.25278639793396 25000
1681388645202 -0.17419350147247314 25500
1681388645386 -0.4572230577468872 26000
1681388645572 -0.09835660457611084 26500
1681388645766 -0.11234414577484131 27000
1681388645959 -53.89301300048828 27500
1681388646173 0.05850780010223389 28000
1681388646374 0.19031023979187012 28500
1681388646565 0.6328724920749664 29000
1681388646800 0.9696642961353064 29500
1681388647001 0.9986250011716038 30000
1681388647235 0.9560960941016674 30500
1681388647442 0.365520715713501 31000
1681388647663 0.38123512268066406 31500
1681388647860 0.5438275337219238 32000
1681388648049 -8.812609672546387 32500
1681388648255 0.017224013805389404 33000
1681388648436 0.7650385349988937 33500
1681388648682 0.2675950527191162 34000
1681388648885 0.9416348896920681 34500
1681388649100 0.8698480427265167 35000
1681388649292 -0.8483726978302002 35500
1681388649478 0.012382805347442627 36000
1681388649697 -18.779998779296875 36500
1681388649879 0.06352490186691284 37000
1681388650081 0.896002821624279 37500
1681388650278 0.9262140616774559 38000
1681388650469 0.3802827000617981 38500
1681388650690 0.3137120008468628 39000
1681388650899 0.9355881735682487 39500
1681388651123 -1.8918590545654297 40000
1681388651334 0.5094117820262909 40500
1681388651519 -2.0479214191436768 41000
1681388651699 0.8465058505535126 41500
1681388651882 -2.2363717555999756 42000
1681388652065 0.1736178994178772 42500
1681388652247 0.9743872880935669 43000
1681388652426 0.558977872133255 43500
1681388652600 0.2834947109222412 44000
1681388652779 0.2703699469566345 44500
1681388652960 -5.205373287200928 45000
1681388653132 -1.0274662971496582 45500
1681388653306 -0.477742075920105 46000
1681388653477 0.9821498785167933 46500
1681388653655 0.6825226545333862 47000
1681388653837 0.9329935759305954 47500
1681388654026 0.4500501751899719 48000
1681388654213 0.9119520708918571 48500
1681388654425 0.613860011100769 49000
1681388654618 0.23645853996276855 49500
1681388654869 -0.0018938779830932617 50000
1681388655118 -4.7779412269592285 50500
1681388655380 0.9468649588525295 51000
1681388655611 -4.658006191253662 51500
1681388655866 -4.0614752769470215 52000
1681388656143 0.39258134365081787 52500
1681388656754 -0.5188267230987549 53000
1681388657210 0.8295363336801529 53500
1681388657993 0.6543673872947693 54000
1681388658460 0.6940133571624756 54500
1681388658761 -2.019678831100464 55000
1681388659283 0.1019597053527832 55500
1681388659744 -2.7583394050598145 56000
1681388660480 0.6582686901092529 56500
1681388661203 0.6487009823322296 57000
1681388661655 0.3960588574409485 57500
1681388662057 -0.23865818977355957 58000
1681388662829 0.1366298794746399 58500
1681388663591 0.4746248126029968 59000
1681388664193 -0.39926254749298096 59500
1681388664701 0.13416928052902222 60000
1681388665512 -0.5683475732803345 60500
1681388666313 0.24420011043548584 61000
1681388667128 0.3184395432472229 61500
1681388667838 0.1708148717880249 62000
1681388668347 -1.0044922828674316 62500
1681388668822 0.06347692012786865 63000
1681388669167 -0.031478047370910645 63500
1681388669927 0.5313964188098907 64000
1681388670194 0.5666932761669159 64500
1681388670728 0.2190583348274231 65000
1681388671230 0.19723659753799438 65500
1681388671878 0.014648735523223877 66000
1681388672514 -0.8882616758346558 66500
1681388673201 0.19114285707473755 67000
1681388673899 -0.08943521976470947 67500
1681388674459 0.5150134563446045 68000
1681388675040 -20.998388290405273 68500
1681388675371 0.04263138771057129 69000
1681388676087 0.33627092838287354 69500
1681388676948 0.33817023038864136 70000
1681388677329 0.4525185823440552 70500
1681388677907 -0.6351016759872437 71000
1681388678179 0.70722696185112 71500
1681388678457 -0.20690488815307617 72000
1681388678766 0.7133521437644958 72500
1681388679023 0.8816782161593437 73000
1681388679281 0.8601543605327606 73500
1681388679758 0.14193499088287354 74000
1681388680088 0.9861851939931512 74500
1681388680316 -0.07155656814575195 75000
1681388680562 0.7093441188335419 75500
1681388680789 0.44381439685821533 76000
1681388680969 0.6934113204479218 76500
1681388681166 -0.8778865337371826 77000
1681388681392 0.8718928545713425 77500
1681388681627 0.22105562686920166 78000
1681388681816 0.8242741972208023 78500
1681388681990 0.7805738300085068 79000
1681388682162 0.7601005285978317 79500
1681388682337 0.9362124800682068 80000
1681388682515 -0.4118683338165283 80500
1681388682696 -0.38546037673950195 81000
1681388682875 0.35926467180252075 81500
1681388683054 0.8768448159098625 82000
1681388683230 0.5993368029594421 82500
1681388683398 0.9876875402405858 83000
1681388683568 0.6543262898921967 83500
1681388683741 0.5153052508831024 84000
1681388683910 0.7271460592746735 84500
1681388684079 0.640942245721817 85000
1681388684241 0.06790751218795776 85500
1681388684408 0.20316213369369507 86000
1681388684573 0.13323110342025757 86500
1681388684743 -99.3346939086914 87000
1681388684902 0.8054802566766739 87500
1681388685064 -3.7361302375793457 88000
1681388685222 -26.528078079223633 88500
1681388685385 0.521745502948761 89000
1681388685548 0.18051397800445557 89500
1681388685718 0.7959063202142715 90000
1681388685911 0.539099395275116 90500
1681388686133 0.7531571090221405 91000
1681388686483 0.24082517623901367 91500
1681388686838 -0.3979238271713257 92000
1681388687468 0.41151654720306396 92500
1681388687868 -0.5826942920684814 93000
1681388688499 -0.3132520914077759 93500
1681388688907 0.29034072160720825 94000
1681388689599 0.5083893835544586 94500
1681388690045 0.6299801766872406 95000
1681388690931 0.42174428701400757 95500
1681388691406 0.3574211001396179 96000
1681388691949 -0.7584563493728638 96500
1681388692335 0.5150125324726105 97000
1681388693262 -0.7955920696258545 97500
1681388693720 0.16109907627105713 98000
1681388694304 0.4646068811416626 98500
1681388694652 -0.30284273624420166 99000
1681388695490 0.645249754190445 99500
1681388695969 0.7400612235069275 100000
1681388696715 0.7268519997596741 100500
1681388697124 -0.6264384984970093 101000
1681388697656 -1.261087417602539 101500
1681388697979 -0.42841482162475586 102000
1681388698417 0.04342222213745117 102500
1681388698766 -0.19343912601470947 103000
1681388699676 -0.589653730392456 103500
1681388700323 0.34838128089904785 104000
1681388701055 -0.3279644250869751 104500
1681388701484 0.13032817840576172 105000
1681388702362 0.501881867647171 105500
1681388702826 0.12346768379211426 106000
1681388703525 -0.055153608322143555 106500
1681388703956 0.1041749119758606 107000
1681388704703 -0.07031416893005371 107500
1681388705141 -0.18077301979064941 108000
1681388705755 0.550656795501709 108500
1681388706152 0.5655691921710968 109000
1681388706836 -0.8736854791641235 109500
1681388707228 0.3426528573036194 110000
1681388708069 0.5333583056926727 110500
1681388708561 0.9446818381547928 111000
1681388709024 0.812441274523735 111500
1681388709574 0.5486706495285034 112000
1681388709977 -1.0990262031555176 112500
1681388710353 -0.987484335899353 113000
1681388711571 -0.43308544158935547 113500
1681388711916 0.3177749514579773 114000
1681388712519 0.14404022693634033 114500
1681388713024 -0.11133456230163574 115000
1681388713529 0.0398329496383667 115500
1681388713999 -2.8379573822021484 116000
1681388714299 0.2798851728439331 116500
1681388714556 -0.3430299758911133 117000
1681388714904 -12.993736267089844 117500
1681388715325 -19.823875427246094 118000
1681388715637 -0.4586355686187744 118500
1681388716311 0.552325963973999 119000
1681388716561 0.3301994204521179 119500
1681388716936 -0.2401294708251953 120000
1681388717435 0.8932790756225586 120500
1681388717967 -0.20599210262298584 121000
1681388718743 -0.19172871112823486 121500
1681388719300 0.16555136442184448 122000
1681388720124 -5.245396137237549 122500
1681388720384 0.19685208797454834 123000
1681388720963 -0.08339667320251465 123500
1681388721373 -0.666231632232666 124000
1681388721714 0.6031649708747864 124500
1681388721996 -2.15413498878479 125000
1681388722371 0.012079119682312012 125500
1681388722619 -0.5473488569259644 126000
1681388722893 -3.572117328643799 126500
1681388723110 -3.6252875328063965 127000
1681388723364 0.7337422370910645 127500
1681388723603 -1.1621277332305908 128000
1681388724137 -0.9923374652862549 128500
1681388725059 -0.8581777811050415 129000
1681388725462 0.4574558734893799 129500
1681388725928 -12.259079933166504 130000
1681388726375 -0.00880885124206543 130500
1681388726901 0.3707627058029175 131000
1681388727355 0.6489181220531464 131500
1681388727750 0.35410749912261963 132000
1681388728198 -0.3822115659713745 132500
1681388728436 0.9929090184159577 133000
1681388729028 0.9133086279034615 133500
1681388729494 0.9647674262523651 134000
1681388730371 0.9136167243123055 134500
1681388731092 -2.064152956008911 135000
1681388731322 0.9558343589305878 135500
1681388731884 -0.39450788497924805 136000
1681388732314 0.7033252716064453 136500
1681388733222 0.7765002548694611 137000
1681388733849 0.7658458650112152 137500
1681388734767 0.7273445427417755 138000
1681388735367 0.8876657113432884 138500
1681388736085 -0.2066580057144165 139000
1681388736487 0.9144520089030266 139500
1681388737010 0.8873405903577805 140000
1681388737513 0.9474596753716469 140500
1681388737804 0.9104735255241394 141000
1681388738165 0.0002868771553039551 141500
1681388738376 0.5758651494979858 142000
1681388738572 0.9090768173336983 142500
1681388738948 -0.07363665103912354 143000
1681388739213 0.5893905758857727 143500
1681388739385 -2.7077507972717285 144000
1681388739593 0.8458365201950073 144500
1681388739807 0.5601968765258789 145000
1681388739988 0.8147800713777542 145500
1681388740163 0.6949563920497894 146000
1681388740346 0.5279432535171509 146500
1681388740528 0.7559190541505814 147000
1681388740704 0.7713246792554855 147500
1681388740875 -2.1266887187957764 148000
1681388741047 -0.20152509212493896 148500
1681388741227 0.23756664991378784 149000
1681388741403 0.9283127263188362 149500
1681388741581 -2.32686710357666 150000
1681388741772 0.9720566403120756 150500
1681388741946 0.37973666191101074 151000
1681388742119 0.942016813904047 151500
1681388742292 -14.896231651306152 152000
1681388742487 -2.273169755935669 152500
1681388742655 0.680215060710907 153000
1681388742822 -59.04459762573242 153500
1681388742991 0.7963820397853851 154000
1681388743159 0.02679753303527832 154500
1681388743327 0.7244609892368317 155000
1681388743492 0.974212184548378 155500
1681388743656 0.48946940898895264 156000
1681388743820 0.4456578493118286 156500
1681388743984 0.910176619887352 157000
1681388744149 0.4999985098838806 157500
1681388744313 0.2976078987121582 158000
1681388744480 0.4965595602989197 158500
1681388744651 0.9906861074268818 159000
1681388744819 -2.144460678100586 159500
1681388744988 0.5844655930995941 160000
1681388745161 -2.4438886642456055 160500
1681388745329 0.08672869205474854 161000
1681388745494 -0.8487591743469238 161500
1681388745656 0.7455586493015289 162000
1681388745817 0.8674768060445786 162500
1681388745980 0.7989124655723572 163000
1681388746145 -4.860785484313965 163500
1681388746310 0.8512086570262909 164000
1681388746468 -3.6414499282836914 164500
1681388746625 -23.708066940307617 165000
1681388746781 0.9820309039205313 165500
1681388746936 -18.496932983398438 166000
1681388747095 0.9407103843986988 166500
1681388747250 0.020651519298553467 167000
1681388747413 0.6880725026130676 167500
1681388747563 0.7098829746246338 168000
1681388747715 0.7130088806152344 168500
1681388747867 0.87397800385952 169000
1681388748019 0.941986620426178 169500
1681388748169 0.9942361689172685 170000
1681388748325 -2.2158796787261963 170500
1681388748483 0.9851981811225414 171000
1681388748634 0.9496941789984703 171500
1681388748783 0.9930482162162662 172000
1681388748942 0.9795062523335218 172500
1681388749106 0.861585721373558 173000
1681388749260 0.9786322973668575 173500
1681388749415 0.29482144117355347 174000
1681388749565 -0.4056360721588135 174500
1681388749729 -1.6965973377227783 175000
1681388749891 0.6093505024909973 175500
1681388750047 0.9495107308030128 176000
1681388750236 -7.708266258239746 176500
1681388750423 0.9017215445637703 177000
1681388750878 0.8719405382871628 177500
1681388751075 -0.00043570995330810547 178000
1681388751269 0.4152173399925232 178500
1681388751551 0.5171574652194977 179000
1681388752362 0.4052472710609436 179500
1681388752642 -2.8716483116149902 180000
1681388752898 -0.8525134325027466 180500
1681388753367 0.3986636996269226 181000
1681388753591 0.42947816848754883 181500
1681388753866 0.5493564903736115 182000
1681388754530 -0.46317267417907715 182500
1681388754919 0.33373141288757324 183000
1681388755514 0.752541795372963 183500
1681388755760 -0.6597511768341064 184000
1681388756063 0.010489940643310547 184500
1681388756607 0.4179253578186035 185000
1681388757010 -0.10450291633605957 185500
1681388757304 -0.012863636016845703 186000
1681388757818 -0.8946887254714966 186500
1681388758125 0.5491733551025391 187000
1681388758483 0.171156108379364 187500
1681388759001 0.4077117443084717 188000
1681388759440 0.1614769697189331 188500
1681388759802 0.5061345398426056 189000
1681388760766 0.38471490144729614 189500
1681388761243 0.43927568197250366 190000
1681388761856 0.04606407880783081 190500
1681388762181 -0.6538972854614258 191000
1681388762602 0.6854754984378815 191500
1681388762937 -1.1860957145690918 192000
1681388763501 0.006650328636169434 192500
1681388763889 0.2478082776069641 193000
1681388764744 -0.00014388561248779297 193500
1681388765156 0.7001881897449493 194000
1681388765947 0.48311495780944824 194500
1681388766366 0.18616831302642822 195000
1681388767244 -0.15507638454437256 195500
1681388767663 0.35473495721817017 196000
1681388768196 -0.0008324384689331055 196500
1681388768539 0.5289590060710907 197000
1681388769018 -0.27716243267059326 197500
1681388769362 0.43009185791015625 198000
1681388770282 0.25706052780151367 198500
1681388770679 0.22105717658996582 199000
1681388771169 -0.08962690830230713 199500
1681388772196 0.6500667631626129 200000
1681388772588 0.10434705018997192 200500
1681388773330 0.8230927288532257 201000
1681388773725 -0.5734817981719971 201500
1681388774433 0.9229756072163582 202000
1681388774695 0.8767582178115845 202500
1681388775060 0.2641810178756714 203000
1681388775718 0.30604827404022217 203500
1681388776305 0.8617458343505859 204000
1681388777229 0.031852006912231445 204500
1681388777873 -0.8365538120269775 205000
1681388778233 0.09142309427261353 205500
1681388778788 0.16101008653640747 206000
1681388779043 0.6457245051860809 206500
1681388779622 -0.357782244682312 207000
1681388780388 0.9917732458561659 207500
1681388780695 0.650831937789917 208000
1681388781122 0.11989599466323853 208500
1681388781728 0.5255301296710968 209000
1681388782393 0.3931339383125305 209500
1681388783250 0.7429407238960266 210000
1681388783858 0.6704016327857971 210500
1681388784112 0.4538801312446594 211000
1681388784797 0.8789366856217384 211500
1681388785277 0.6673124730587006 212000
1681388785657 -0.42716360092163086 212500
1681388785997 0.6145295202732086 213000
1681388786248 0.22237282991409302 213500
1681388786520 -6.863691329956055 214000
1681388786790 0.19936597347259521 214500
1681388787103 -0.5558986663818359 215000
1681388787398 0.5194813311100006 215500
1681388788078 0.0069942474365234375 216000
1681388788318 0.0 216500
1681388788609 0.5170212686061859 217000
1681388789045 -3.8969178199768066 217500
1681388789286 0.9292741268873215 218000
1681388789697 0.777154877781868 218500
1681388789984 -1.4532113075256348 219000
1681388790272 0.3592749834060669 219500
1681388790547 -1.5139579772949219e-05 220000
1681388790735 -0.16470766067504883 220500
1681388790986 0.857182577252388 221000
1681388791192 0.5653854608535767 221500
1681388791377 -1.0547502040863037 222000
1681388791552 -1.4869308471679688 222500
1681388791790 0.8911848962306976 223000
1681388791986 -2.5473999977111816 223500
1681388792156 0.617955893278122 224000
1681388792331 -14.49422550201416 224500
1681388792529 -47.33702850341797 225000
1681388792713 0.5521047711372375 225500
1681388792893 -4.5299530029296875e-06 226000
1681388793066 0.0006362795829772949 226500
1681388793237 0.30828237533569336 227000
1681388793402 -0.08483457565307617 227500
1681388793583 0.8205729126930237 228000
1681388793751 -0.12966549396514893 228500
1681388793920 -0.6106992959976196 229000
1681388794089 -0.9009971618652344 229500
1681388794300 0.011453628540039062 230000
1681388794483 -2.962162733078003 230500
1681388794651 -13.602229118347168 231000
1681388794818 -53.66351318359375 231500
1681388794986 0.35537439584732056 232000
1681388795156 -1.908905029296875 232500
1681388795321 0.9527285397052765 233000
1681388795489 0.8567440509796143 233500
1681388795656 0.3316454291343689 234000
1681388795823 0.7868926227092743 234500
1681388795989 -95.67102813720703 235000
1681388796155 0.6504036784172058 235500
1681388796331 0.838670164346695 236000
1681388796503 0.4789278507232666 236500
1681388796681 0.9408780038356781 237000
1681388796849 0.8652398437261581 237500
1681388797017 0.7769422233104706 238000
1681388797180 -0.8075612783432007 238500
1681388797347 0.496473491191864 239000
1681388797512 0.888109490275383 239500
1681388797679 0.8545311391353607 240000
1681388797848 0.7084008753299713 240500
1681388798015 -0.9542049169540405 241000
1681388798185 -0.5103241205215454 241500
1681388798354 0.8502315878868103 242000
1681388798520 0.8104959726333618 242500
1681388798685 0.7246145904064178 243000
1681388798851 0.5152319073677063 243500
1681388799018 0.7346370816230774 244000
1681388799184 -0.9557929039001465 244500
1681388799349 0.6867828369140625 245000
1681388799516 -1.7173805236816406 245500
1681388799678 0.8789535760879517 246000
1681388799843 0.7643050998449326 246500
1681388800007 0.43739014863967896 247000
1681388800169 0.5626793205738068 247500
1681388800333 0.5865955352783203 248000
1681388800492 0.6576906442642212 248500
1681388800650 0.8694104701280594 249000
1681388800810 0.5136660039424896 249500
1681388800967 0.6416079998016357 250000
1681388801122 0.9328610226511955 250500
1681388801279 0.5046654939651489 251000
1681388801430 -2.176380157470703 251500
1681388801586 0.03644484281539917 252000
1681388801736 0.9029137939214706 252500
1681388801887 0.07669800519943237 253000
1681388802037 0.2820906639099121 253500
1681388802192 0.5177182257175446 254000
1681388802343 0.5242520570755005 254500
1681388802491 0.9960291157476604 255000
1681388802638 0.5163552165031433 255500
1681388802789 0.7342340648174286 256000
1681388802944 -20.16915512084961 256500
1681388803094 0.9743848461657763 257000
1681388803244 -1.5453245639801025 257500
1681388803395 0.9997802137077088 258000
1681388803549 0.9888941058889031 258500
1681388803703 0.6939206421375275 259000
1681388803859 0.6634640097618103 259500
1681388804021 -9.472344398498535 260000
1681388804183 0.9889469081535935 260500
1681388804346 0.9203465655446053 261000
1681388804507 0.5112220346927643 261500
1681388804668 0.685002326965332 262000
1681388804826 0.048628032207489014 262500
1681388804986 0.8142176419496536 263000
1681388805144 0.9724066685885191 263500
1681388805303 0.453519344329834 264000
1681388805456 0.47258973121643066 264500
1681388805610 0.977564686909318 265000
1681388805764 0.18123215436935425 265500
1681388805915 0.6950857043266296 266000
1681388806069 0.9807970505207777 266500
1681388806225 0.9464538656175137 267000
1681388806384 0.8086723238229752 267500
1681388806541 -0.374839186668396 268000
1681388806700 0.3982046842575073 268500
1681388806860 0.8632625341415405 269000
1681388807016 -0.7017377614974976 269500
1681388807171 0.6548155248165131 270000
1681388807331 0.9175770357251167 270500
1681388807497 0.9884029114618897 271000
1681388807658 0.9592846259474754 271500
1681388807815 0.8425828218460083 272000
1681388807972 0.9844985231757164 272500
1681388808131 0.8940759226679802 273000
1681388808296 0.7154422104358673 273500
1681388808467 0.878644272685051 274000
1681388808623 0.9981770507292822 274500
1681388808782 0.6968563795089722 275000
1681388808935 0.9900411739945412 275500
1681388809088 0.9958384595811367 276000
1681388809241 0.4830939769744873 276500
1681388809397 0.9783347863703966 277000
1681388809553 0.9822649080306292 277500
1681388809708 0.7809676229953766 278000
1681388809873 0.9725885950028896 278500
1681388810059 0.9957583104260266 279000
1681388810336 -1.8647396564483643 279500
1681388810518 0.9391592442989349 280000
1681388810696 0.05258834362030029 280500
1681388810858 0.5007112920284271 281000
1681388811020 0.0906897783279419 281500
1681388811183 0.9332786127924919 282000
1681388811340 0.9323992654681206 282500
1681388811505 0.03290432691574097 283000
1681388811664 0.9119186028838158 283500
1681388811823 0.9905632780864835 284000
1681388811984 0.9852360691875219 284500
1681388812144 -1.3157014846801758 285000
1681388812305 0.9562410935759544 285500
1681388812462 0.7394617199897766 286000
1681388812625 0.9988751414930448 286500
1681388812778 0.9719860311597586 287000
1681388812928 0.966436855494976 287500
1681388813080 0.9516288004815578 288000
1681388813234 0.9984568037325516 288500
1681388813386 0.8061149269342422 289000
1681388813547 0.9716103691607714 289500
1681388813707 0.9613811299204826 290000
1681388813897 0.8006841987371445 290500
1681388814069 -0.07357823848724365 291000
1681388814244 -0.1337522268295288 291500
1681388814416 0.0927920937538147 292000
1681388814603 0.16378653049468994 292500
1681388814781 0.883985623717308 293000
1681388814989 0.9365535974502563 293500
1681388815183 0.9314151480793953 294000
1681388815399 0.6499598920345306 294500
1681388815603 -1.7249374389648438 295000
1681388815805 -0.005463957786560059 295500
1681388816046 0.6732478439807892 296000
1681388816468 0.004683852195739746 296500
1681388817078 0.8191183358430862 297000
1681388817682 0.3408885598182678 297500
1681388818632 0.7526728808879852 298000
1681388819046 -0.6177843809127808 298500
1681388819612 0.8531714528799057 299000
1681388820177 -0.7999483346939087 299500
1681388821176 0.07763004302978516 300000
