1681388632735 0.0007 500
1681388632996 0.0007 1000
1681388633190 0.0007 1500
1681388633372 0.0007 2000
1681388633548 0.0007 2500
1681388633727 0.0007 3000
1681388633902 0.0007 3500
1681388634084 0.0007 4000
1681388634290 0.0007 4500
1681388634485 0.0007 5000
1681388634694 0.0007 5500
1681388634889 0.0007 6000
1681388635077 0.0007 6500
1681388635272 0.0007 7000
1681388635641 0.0007 7500
1681388635870 0.0007 8000
1681388636073 0.0007 8500
1681388636269 0.0007 9000
1681388636482 0.0007 9500
1681388636712 0.0007 10000
1681388636974 0.0007 10500
1681388637267 0.0007 11000
1681388637528 0.0007 11500
1681388637807 0.0007 12000
1681388638625 0.0007 12500
1681388638938 0.0007 13000
1681388639227 0.0007 13500
1681388639504 0.0007 14000
1681388639719 0.0007 14500
1681388640045 0.0007 15000
1681388640553 0.0007 15500
1681388640753 0.0007 16000
1681388640988 0.0007 16500
1681388641185 0.0007 17000
1681388641386 0.0007 17500
1681388641685 0.0007 18000
1681388641886 0.0007 18500
1681388642182 0.0007 19000
1681388642454 0.0007 19500
1681388642707 0.0007 20000
1681388643016 0.0007 20500
1681388643222 0.0007 21000
1681388643445 0.0007 21500
1681388643642 0.0007 22000
1681388643935 0.0007 22500
1681388644126 0.0007 23000
1681388644310 0.0007 23500
1681388644528 0.0007 24000
1681388644758 0.0007 24500
1681388644990 0.0007 25000
1681388645202 0.0007 25500
1681388645386 0.0007 26000
1681388645573 0.0007 26500
1681388645767 0.0007 27000
1681388645959 0.0007 27500
1681388646173 0.0007 28000
1681388646375 0.0007 28500
1681388646566 0.0007 29000
1681388646801 0.0007 29500
1681388647001 0.0007 30000
1681388647235 0.0007 30500
1681388647443 0.0007 31000
1681388647664 0.0007 31500
1681388647860 0.0007 32000
1681388648049 0.0007 32500
1681388648255 0.0007 33000
1681388648436 0.0007 33500
1681388648683 0.0007 34000
1681388648885 0.0007 34500
1681388649100 0.0007 35000
1681388649292 0.0007 35500
1681388649479 0.0007 36000
1681388649697 0.0007 36500
1681388649879 0.0007 37000
1681388650081 0.0007 37500
1681388650278 0.0007 38000
1681388650469 0.0007 38500
1681388650691 0.0007 39000
1681388650899 0.0007 39500
1681388651123 0.0007 40000
1681388651334 0.0007 40500
1681388651519 0.0007 41000
1681388651700 0.0007 41500
1681388651883 0.0007 42000
1681388652066 0.0007 42500
1681388652248 0.0007 43000
1681388652426 0.0007 43500
1681388652600 0.0007 44000
1681388652780 0.0007 44500
1681388652960 0.0007 45000
1681388653133 0.0007 45500
1681388653306 0.0007 46000
1681388653478 0.0007 46500
1681388653655 0.0007 47000
1681388653837 0.0007 47500
1681388654027 0.0007 48000
1681388654213 0.0007 48500
1681388654426 0.0007 49000
1681388654618 0.0007 49500
1681388654869 0.0007 50000
1681388655118 0.0007 50500
1681388655380 0.0007 51000
1681388655611 0.0007 51500
1681388655866 0.0007 52000
1681388656144 0.0007 52500
1681388656754 0.0007 53000
1681388657211 0.0007 53500
1681388657993 0.0007 54000
1681388658460 0.0007 54500
1681388658762 0.0007 55000
1681388659283 0.0007 55500
1681388659744 0.0007 56000
1681388660480 0.0007 56500
1681388661203 0.0007 57000
1681388661655 0.0007 57500
1681388662057 0.0007 58000
1681388662830 0.0007 58500
1681388663591 0.0007 59000
1681388664194 0.0007 59500
1681388664701 0.0007 60000
1681388665512 0.0007 60500
1681388666313 0.0007 61000
1681388667128 0.0007 61500
1681388667839 0.0007 62000
1681388668347 0.0007 62500
1681388668822 0.0007 63000
1681388669167 0.0007 63500
1681388669927 0.0007 64000
1681388670195 0.0007 64500
1681388670729 0.0007 65000
1681388671230 0.0007 65500
1681388671879 0.0007 66000
1681388672515 0.0007 66500
1681388673201 0.0007 67000
1681388673899 0.0007 67500
1681388674459 0.0007 68000
1681388675041 0.0007 68500
1681388675372 0.0007 69000
1681388676088 0.0007 69500
1681388676948 0.0007 70000
1681388677330 0.0007 70500
1681388677907 0.0007 71000
1681388678179 0.0007 71500
1681388678457 0.0007 72000
1681388678767 0.0007 72500
1681388679024 0.0007 73000
1681388679281 0.0007 73500
1681388679758 0.0007 74000
1681388680088 0.0007 74500
1681388680317 0.0007 75000
1681388680562 0.0007 75500
1681388680790 0.0007 76000
1681388680970 0.0007 76500
1681388681166 0.0007 77000
1681388681392 0.0007 77500
1681388681627 0.0007 78000
1681388681816 0.0007 78500
1681388681990 0.0007 79000
1681388682163 0.0007 79500
1681388682337 0.0007 80000
1681388682515 0.0007 80500
1681388682696 0.0007 81000
1681388682876 0.0007 81500
1681388683055 0.0007 82000
1681388683231 0.0007 82500
1681388683398 0.0007 83000
1681388683568 0.0007 83500
1681388683742 0.0007 84000
1681388683911 0.0007 84500
1681388684080 0.0007 85000
1681388684241 0.0007 85500
1681388684409 0.0007 86000
1681388684574 0.0007 86500
1681388684744 0.0007 87000
1681388684903 0.0007 87500
1681388685065 0.0007 88000
1681388685222 0.0007 88500
1681388685385 0.0007 89000
1681388685548 0.0007 89500
1681388685719 0.0007 90000
1681388685911 0.0007 90500
1681388686133 0.0007 91000
1681388686483 0.0007 91500
1681388686838 0.0007 92000
1681388687468 0.0007 92500
1681388687869 0.0007 93000
1681388688500 0.0007 93500
1681388688907 0.0007 94000
1681388689600 0.0007 94500
1681388690045 0.0007 95000
1681388690932 0.0007 95500
1681388691406 0.0007 96000
1681388691949 0.0007 96500
1681388692336 0.0007 97000
1681388693262 0.0007 97500
1681388693720 0.0007 98000
1681388694305 0.0007 98500
1681388694652 0.0007 99000
1681388695490 0.0007 99500
1681388695969 0.0007 100000
1681388696715 0.0007 100500
1681388697124 0.0007 101000
1681388697657 0.0007 101500
1681388697979 0.0007 102000
1681388698417 0.0007 102500
1681388698767 0.0007 103000
1681388699677 0.0007 103500
1681388700324 0.0007 104000
1681388701055 0.0007 104500
1681388701484 0.0007 105000
1681388702363 0.0007 105500
1681388702826 0.0007 106000
1681388703525 0.0007 106500
1681388703957 0.0007 107000
1681388704703 0.0007 107500
1681388705142 0.0007 108000
1681388705755 0.0007 108500
1681388706153 0.0007 109000
1681388706836 0.0007 109500
1681388707228 0.0007 110000
1681388708069 0.0007 110500
1681388708561 0.0007 111000
1681388709024 0.0007 111500
1681388709574 0.0007 112000
1681388709977 0.0007 112500
1681388710354 0.0007 113000
1681388711571 0.0007 113500
1681388711916 0.0007 114000
1681388712520 0.0007 114500
1681388713025 0.0007 115000
1681388713530 0.0007 115500
1681388713999 0.0007 116000
1681388714300 0.0007 116500
1681388714556 0.0007 117000
1681388714904 0.0007 117500
1681388715325 0.0007 118000
1681388715637 0.0007 118500
1681388716311 0.0007 119000
1681388716561 0.0007 119500
1681388716937 0.0007 120000
1681388717435 0.0007 120500
1681388717967 0.0007 121000
1681388718744 0.0007 121500
1681388719301 0.0007 122000
1681388720125 0.0007 122500
1681388720384 0.0007 123000
1681388720963 0.0007 123500
1681388721374 0.0007 124000
1681388721714 0.0007 124500
1681388721996 0.0007 125000
1681388722371 0.0007 125500
1681388722620 0.0007 126000
1681388722893 0.0007 126500
1681388723110 0.0007 127000
1681388723364 0.0007 127500
1681388723603 0.0007 128000
1681388724137 0.0007 128500
1681388725059 0.0007 129000
1681388725463 0.0007 129500
1681388725928 0.0007 130000
1681388726375 0.0007 130500
1681388726901 0.0007 131000
1681388727356 0.0007 131500
1681388727750 0.0007 132000
1681388728199 0.0007 132500
1681388728437 0.0007 133000
1681388729028 0.0007 133500
1681388729495 0.0007 134000
1681388730371 0.0007 134500
1681388731092 0.0007 135000
1681388731323 0.0007 135500
1681388731884 0.0007 136000
1681388732314 0.0007 136500
1681388733223 0.0007 137000
1681388733849 0.0007 137500
1681388734768 0.0007 138000
1681388735367 0.0007 138500
1681388736085 0.0007 139000
1681388736487 0.0007 139500
1681388737010 0.0007 140000
1681388737514 0.0007 140500
1681388737804 0.0007 141000
1681388738166 0.0007 141500
1681388738376 0.0007 142000
1681388738573 0.0007 142500
1681388738948 0.0007 143000
1681388739213 0.0007 143500
1681388739386 0.0007 144000
1681388739594 0.0007 144500
1681388739807 0.0007 145000
1681388739989 0.0007 145500
1681388740163 0.0007 146000
1681388740346 0.0007 146500
1681388740528 0.0007 147000
1681388740705 0.0007 147500
1681388740876 0.0007 148000
1681388741048 0.0007 148500
1681388741227 0.0007 149000
1681388741404 0.0007 149500
1681388741582 0.0007 150000
1681388741773 0.0007 150500
1681388741946 0.0007 151000
1681388742120 0.0007 151500
1681388742292 0.0007 152000
1681388742487 0.0007 152500
1681388742656 0.0007 153000
1681388742823 0.0007 153500
1681388742991 0.0007 154000
1681388743159 0.0007 154500
1681388743327 0.0007 155000
1681388743492 0.0007 155500
1681388743656 0.0007 156000
1681388743821 0.0007 156500
1681388743984 0.0007 157000
1681388744150 0.0007 157500
1681388744314 0.0007 158000
1681388744480 0.0007 158500
1681388744651 0.0007 159000
1681388744819 0.0007 159500
1681388744988 0.0007 160000
1681388745162 0.0007 160500
1681388745329 0.0007 161000
1681388745494 0.0007 161500
1681388745657 0.0007 162000
1681388745817 0.0007 162500
1681388745981 0.0007 163000
1681388746145 0.0007 163500
1681388746310 0.0007 164000
1681388746468 0.0007 164500
1681388746626 0.0007 165000
1681388746781 0.0007 165500
1681388746937 0.0007 166000
1681388747095 0.0007 166500
1681388747250 0.0007 167000
1681388747414 0.0007 167500
1681388747563 0.0007 168000
1681388747715 0.0007 168500
1681388747868 0.0007 169000
1681388748020 0.0007 169500
1681388748170 0.0007 170000
1681388748326 0.0007 170500
1681388748483 0.0007 171000
1681388748634 0.0007 171500
1681388748784 0.0007 172000
1681388748942 0.0007 172500
1681388749107 0.0007 173000
1681388749260 0.0007 173500
1681388749415 0.0007 174000
1681388749566 0.0007 174500
1681388749729 0.0007 175000
1681388749892 0.0007 175500
1681388750047 0.0007 176000
1681388750236 0.0007 176500
1681388750424 0.0007 177000
1681388750879 0.0007 177500
1681388751076 0.0007 178000
1681388751269 0.0007 178500
1681388751551 0.0007 179000
1681388752363 0.0007 179500
1681388752643 0.0007 180000
1681388752898 0.0007 180500
1681388753368 0.0007 181000
1681388753591 0.0007 181500
1681388753866 0.0007 182000
1681388754531 0.0007 182500
1681388754920 0.0007 183000
1681388755515 0.0007 183500
1681388755761 0.0007 184000
1681388756063 0.0007 184500
1681388756607 0.0007 185000
1681388757010 0.0007 185500
1681388757304 0.0007 186000
1681388757819 0.0007 186500
1681388758126 0.0007 187000
1681388758483 0.0007 187500
1681388759002 0.0007 188000
1681388759441 0.0007 188500
1681388759802 0.0007 189000
1681388760767 0.0007 189500
1681388761243 0.0007 190000
1681388761856 0.0007 190500
1681388762181 0.0007 191000
1681388762602 0.0007 191500
1681388762938 0.0007 192000
1681388763501 0.0007 192500
1681388763890 0.0007 193000
1681388764745 0.0007 193500
1681388765156 0.0007 194000
1681388765948 0.0007 194500
1681388766367 0.0007 195000
1681388767244 0.0007 195500
1681388767663 0.0007 196000
1681388768196 0.0007 196500
1681388768540 0.0007 197000
1681388769018 0.0007 197500
1681388769363 0.0007 198000
1681388770283 0.0007 198500
1681388770680 0.0007 199000
1681388771169 0.0007 199500
1681388772196 0.0007 200000
1681388772588 0.0007 200500
1681388773331 0.0007 201000
1681388773725 0.0007 201500
1681388774434 0.0007 202000
1681388774696 0.0007 202500
1681388775060 0.0007 203000
1681388775718 0.0007 203500
1681388776306 0.0007 204000
1681388777230 0.0007 204500
1681388777873 0.0007 205000
1681388778234 0.0007 205500
1681388778789 0.0007 206000
1681388779043 0.0007 206500
1681388779623 0.0007 207000
1681388780388 0.0007 207500
1681388780696 0.0007 208000
1681388781122 0.0007 208500
1681388781728 0.0007 209000
1681388782393 0.0007 209500
1681388783250 0.0007 210000
1681388783859 0.0007 210500
1681388784112 0.0007 211000
1681388784798 0.0007 211500
1681388785277 0.0007 212000
1681388785658 0.0007 212500
1681388785998 0.0007 213000
1681388786248 0.0007 213500
1681388786520 0.0007 214000
1681388786790 0.0007 214500
1681388787104 0.0007 215000
1681388787398 0.0007 215500
1681388788078 0.0007 216000
1681388788318 0.0007 216500
1681388788609 0.0007 217000
1681388789046 0.0007 217500
1681388789286 0.0007 218000
1681388789698 0.0007 218500
1681388789984 0.0007 219000
1681388790272 0.0007 219500
1681388790547 0.0007 220000
1681388790736 0.0007 220500
1681388790986 0.0007 221000
1681388791193 0.0007 221500
1681388791378 0.0007 222000
1681388791552 0.0007 222500
1681388791791 0.0007 223000
1681388791986 0.0007 223500
1681388792157 0.0007 224000
1681388792331 0.0007 224500
1681388792530 0.0007 225000
1681388792714 0.0007 225500
1681388792893 0.0007 226000
1681388793066 0.0007 226500
1681388793238 0.0007 227000
1681388793402 0.0007 227500
1681388793583 0.0007 228000
1681388793752 0.0007 228500
1681388793920 0.0007 229000
1681388794089 0.0007 229500
1681388794301 0.0007 230000
1681388794483 0.0007 230500
1681388794652 0.0007 231000
1681388794818 0.0007 231500
1681388794987 0.0007 232000
1681388795157 0.0007 232500
1681388795322 0.0007 233000
1681388795490 0.0007 233500
1681388795656 0.0007 234000
1681388795823 0.0007 234500
1681388795990 0.0007 235000
1681388796156 0.0007 235500
1681388796331 0.0007 236000
1681388796504 0.0007 236500
1681388796682 0.0007 237000
1681388796849 0.0007 237500
1681388797017 0.0007 238000
1681388797181 0.0007 238500
1681388797347 0.0007 239000
1681388797513 0.0007 239500
1681388797680 0.0007 240000
1681388797849 0.0007 240500
1681388798016 0.0007 241000
1681388798186 0.0007 241500
1681388798355 0.0007 242000
1681388798520 0.0007 242500
1681388798686 0.0007 243000
1681388798851 0.0007 243500
1681388799018 0.0007 244000
1681388799184 0.0007 244500
1681388799349 0.0007 245000
1681388799517 0.0007 245500
1681388799679 0.0007 246000
1681388799844 0.0007 246500
1681388800007 0.0007 247000
1681388800169 0.0007 247500
1681388800333 0.0007 248000
1681388800492 0.0007 248500
1681388800650 0.0007 249000
1681388800810 0.0007 249500
1681388800967 0.0007 250000
1681388801123 0.0007 250500
1681388801279 0.0007 251000
1681388801431 0.0007 251500
1681388801586 0.0007 252000
1681388801737 0.0007 252500
1681388801887 0.0007 253000
1681388802037 0.0007 253500
1681388802192 0.0007 254000
1681388802343 0.0007 254500
1681388802492 0.0007 255000
1681388802639 0.0007 255500
1681388802789 0.0007 256000
1681388802944 0.0007 256500
1681388803094 0.0007 257000
1681388803244 0.0007 257500
1681388803395 0.0007 258000
1681388803549 0.0007 258500
1681388803703 0.0007 259000
1681388803859 0.0007 259500
1681388804021 0.0007 260000
1681388804184 0.0007 260500
1681388804347 0.0007 261000
1681388804508 0.0007 261500
1681388804668 0.0007 262000
1681388804827 0.0007 262500
1681388804986 0.0007 263000
1681388805145 0.0007 263500
1681388805303 0.0007 264000
1681388805456 0.0007 264500
1681388805610 0.0007 265000
1681388805765 0.0007 265500
1681388805915 0.0007 266000
1681388806070 0.0007 266500
1681388806226 0.0007 267000
1681388806384 0.0007 267500
1681388806541 0.0007 268000
1681388806700 0.0007 268500
1681388806860 0.0007 269000
1681388807017 0.0007 269500
1681388807171 0.0007 270000
1681388807332 0.0007 270500
1681388807497 0.0007 271000
1681388807658 0.0007 271500
1681388807815 0.0007 272000
1681388807973 0.0007 272500
1681388808132 0.0007 273000
1681388808296 0.0007 273500
1681388808467 0.0007 274000
1681388808623 0.0007 274500
1681388808782 0.0007 275000
1681388808936 0.0007 275500
1681388809089 0.0007 276000
1681388809241 0.0007 276500
1681388809398 0.0007 277000
1681388809553 0.0007 277500
1681388809708 0.0007 278000
1681388809873 0.0007 278500
1681388810059 0.0007 279000
1681388810336 0.0007 279500
1681388810519 0.0007 280000
1681388810696 0.0007 280500
1681388810859 0.0007 281000
1681388811020 0.0007 281500
1681388811183 0.0007 282000
1681388811341 0.0007 282500
1681388811505 0.0007 283000
1681388811664 0.0007 283500
1681388811823 0.0007 284000
1681388811984 0.0007 284500
1681388812144 0.0007 285000
1681388812305 0.0007 285500
1681388812462 0.0007 286000
1681388812625 0.0007 286500
1681388812779 0.0007 287000
1681388812928 0.0007 287500
1681388813081 0.0007 288000
1681388813234 0.0007 288500
1681388813387 0.0007 289000
1681388813547 0.0007 289500
1681388813707 0.0007 290000
1681388813897 0.0007 290500
1681388814069 0.0007 291000
1681388814244 0.0007 291500
1681388814416 0.0007 292000
1681388814603 0.0007 292500
1681388814784 0.0007 293000
1681388814989 0.0007 293500
1681388815184 0.0007 294000
1681388815399 0.0007 294500
1681388815603 0.0007 295000
1681388815806 0.0007 295500
1681388816047 0.0007 296000
1681388816468 0.0007 296500
1681388817078 0.0007 297000
1681388817682 0.0007 297500
1681388818633 0.0007 298000
1681388819047 0.0007 298500
1681388819612 0.0007 299000
1681388820178 0.0007 299500
1681388821176 0.0007 300000
