1681388632736 99.0 500
1681388632997 199.0 1000
1681388633190 299.0 1500
1681388633372 399.0 2000
1681388633548 499.0 2500
1681388633727 599.0 3000
1681388633902 699.0 3500
1681388634084 799.0 4000
1681388634290 899.0 4500
1681388634486 999.0 5000
1681388634694 1099.0 5500
1681388634889 1199.0 6000
1681388635078 1299.0 6500
1681388635273 1399.0 7000
1681388635641 1499.0 7500
1681388635871 1599.0 8000
1681388636074 1699.0 8500
1681388636270 1799.0 9000
1681388636483 1899.0 9500
1681388636713 1999.0 10000
1681388636975 2099.0 10500
1681388637267 2199.0 11000
1681388637528 2299.0 11500
1681388637807 2399.0 12000
1681388638625 2499.0 12500
1681388638938 2599.0 13000
1681388639228 2699.0 13500
1681388639504 2799.0 14000
1681388639719 2899.0 14500
1681388640045 2999.0 15000
1681388640553 3099.0 15500
1681388640754 3199.0 16000
1681388640989 3299.0 16500
1681388641186 3399.0 17000
1681388641386 3499.0 17500
1681388641686 3599.0 18000
1681388641886 3699.0 18500
1681388642183 3799.0 19000
1681388642454 3899.0 19500
1681388642708 3999.0 20000
1681388643017 4099.0 20500
1681388643223 4199.0 21000
1681388643445 4299.0 21500
1681388643642 4399.0 22000
1681388643935 4499.0 22500
1681388644126 4599.0 23000
1681388644310 4699.0 23500
1681388644528 4799.0 24000
1681388644758 4899.0 24500
1681388644991 4999.0 25000
1681388645203 5099.0 25500
1681388645387 5199.0 26000
1681388645573 5299.0 26500
1681388645767 5399.0 27000
1681388645960 5499.0 27500
1681388646173 5599.0 28000
1681388646375 5699.0 28500
1681388646566 5799.0 29000
1681388646801 5899.0 29500
1681388647002 5999.0 30000
1681388647235 6099.0 30500
1681388647443 6199.0 31000
1681388647664 6299.0 31500
1681388647861 6399.0 32000
1681388648050 6499.0 32500
1681388648256 6599.0 33000
1681388648437 6699.0 33500
1681388648683 6799.0 34000
1681388648885 6899.0 34500
1681388649100 6999.0 35000
1681388649293 7099.0 35500
1681388649479 7199.0 36000
1681388649697 7299.0 36500
1681388649880 7399.0 37000
1681388650081 7499.0 37500
1681388650279 7599.0 38000
1681388650470 7699.0 38500
1681388650691 7799.0 39000
1681388650900 7899.0 39500
1681388651124 7999.0 40000
1681388651334 8099.0 40500
1681388651520 8199.0 41000
1681388651700 8299.0 41500
1681388651883 8399.0 42000
1681388652066 8499.0 42500
1681388652248 8599.0 43000
1681388652427 8699.0 43500
1681388652600 8799.0 44000
1681388652780 8899.0 44500
1681388652960 8999.0 45000
1681388653133 9099.0 45500
1681388653307 9199.0 46000
1681388653478 9299.0 46500
1681388653655 9399.0 47000
1681388653837 9499.0 47500
1681388654027 9599.0 48000
1681388654213 9699.0 48500
1681388654426 9799.0 49000
1681388654618 9899.0 49500
1681388654870 9999.0 50000
1681388655118 10099.0 50500
1681388655380 10199.0 51000
1681388655611 10299.0 51500
1681388655866 10399.0 52000
1681388656144 10499.0 52500
1681388656754 10599.0 53000
1681388657211 10699.0 53500
1681388657994 10799.0 54000
1681388658460 10899.0 54500
1681388658762 10999.0 55000
1681388659284 11099.0 55500
1681388659744 11199.0 56000
1681388660480 11299.0 56500
1681388661204 11399.0 57000
1681388661655 11499.0 57500
1681388662057 11599.0 58000
1681388662830 11699.0 58500
1681388663592 11799.0 59000
1681388664194 11899.0 59500
1681388664701 11999.0 60000
1681388665513 12099.0 60500
1681388666314 12199.0 61000
1681388667129 12299.0 61500
1681388667839 12399.0 62000
1681388668348 12499.0 62500
1681388668823 12599.0 63000
1681388669167 12699.0 63500
1681388669927 12799.0 64000
1681388670195 12899.0 64500
1681388670729 12999.0 65000
1681388671231 13099.0 65500
1681388671879 13199.0 66000
1681388672515 13299.0 66500
1681388673201 13399.0 67000
1681388673900 13499.0 67500
1681388674459 13599.0 68000
1681388675041 13699.0 68500
1681388675372 13799.0 69000
1681388676088 13899.0 69500
1681388676949 13999.0 70000
1681388677330 14099.0 70500
1681388677908 14199.0 71000
1681388678180 14299.0 71500
1681388678458 14399.0 72000
1681388678767 14499.0 72500
1681388679024 14599.0 73000
1681388679282 14699.0 73500
1681388679758 14799.0 74000
1681388680089 14899.0 74500
1681388680317 14999.0 75000
1681388680562 15099.0 75500
1681388680790 15199.0 76000
1681388680970 15299.0 76500
1681388681166 15399.0 77000
1681388681392 15499.0 77500
1681388681628 15599.0 78000
1681388681817 15699.0 78500
1681388681991 15799.0 79000
1681388682163 15899.0 79500
1681388682337 15999.0 80000
1681388682516 16099.0 80500
1681388682697 16199.0 81000
1681388682876 16299.0 81500
1681388683055 16399.0 82000
1681388683231 16499.0 82500
1681388683399 16599.0 83000
1681388683568 16699.0 83500
1681388683742 16799.0 84000
1681388683911 16899.0 84500
1681388684080 16999.0 85000
1681388684242 17099.0 85500
1681388684409 17199.0 86000
1681388684574 17299.0 86500
1681388684744 17399.0 87000
1681388684903 17499.0 87500
1681388685065 17599.0 88000
1681388685223 17699.0 88500
1681388685386 17799.0 89000
1681388685549 17899.0 89500
1681388685719 17999.0 90000
1681388685911 18099.0 90500
1681388686134 18199.0 91000
1681388686484 18299.0 91500
1681388686838 18399.0 92000
1681388687469 18499.0 92500
1681388687870 18599.0 93000
1681388688500 18699.0 93500
1681388688908 18799.0 94000
1681388689600 18899.0 94500
1681388690046 18999.0 95000
1681388690932 19099.0 95500
1681388691406 19199.0 96000
1681388691949 19299.0 96500
1681388692336 19399.0 97000
1681388693263 19499.0 97500
1681388693721 19599.0 98000
1681388694305 19699.0 98500
1681388694653 19799.0 99000
1681388695491 19899.0 99500
1681388695970 19999.0 100000
1681388696716 20099.0 100500
1681388697124 20199.0 101000
1681388697657 20299.0 101500
1681388697979 20399.0 102000
1681388698418 20499.0 102500
1681388698767 20599.0 103000
1681388699677 20699.0 103500
1681388700324 20799.0 104000
1681388701056 20899.0 104500
1681388701485 20999.0 105000
1681388702363 21099.0 105500
1681388702826 21199.0 106000
1681388703526 21299.0 106500
1681388703957 21399.0 107000
1681388704704 21499.0 107500
1681388705142 21599.0 108000
1681388705755 21699.0 108500
1681388706153 21799.0 109000
1681388706837 21899.0 109500
1681388707229 21999.0 110000
1681388708070 22099.0 110500
1681388708561 22199.0 111000
1681388709025 22299.0 111500
1681388709574 22399.0 112000
1681388709977 22499.0 112500
1681388710354 22599.0 113000
1681388711571 22699.0 113500
1681388711917 22799.0 114000
1681388712520 22899.0 114500
1681388713025 22999.0 115000
1681388713530 23099.0 115500
1681388714000 23199.0 116000
1681388714300 23299.0 116500
1681388714557 23399.0 117000
1681388714905 23499.0 117500
1681388715326 23599.0 118000
1681388715638 23699.0 118500
1681388716312 23799.0 119000
1681388716561 23899.0 119500
1681388716937 23999.0 120000
1681388717436 24099.0 120500
1681388717968 24199.0 121000
1681388718744 24299.0 121500
1681388719301 24399.0 122000
1681388720125 24499.0 122500
1681388720385 24599.0 123000
1681388720964 24699.0 123500
1681388721374 24799.0 124000
1681388721715 24899.0 124500
1681388721997 24999.0 125000
1681388722372 25099.0 125500
1681388722620 25199.0 126000
1681388722893 25299.0 126500
1681388723111 25399.0 127000
1681388723364 25499.0 127500
1681388723604 25599.0 128000
1681388724138 25699.0 128500
1681388725059 25799.0 129000
1681388725463 25899.0 129500
1681388725928 25999.0 130000
1681388726375 26099.0 130500
1681388726901 26199.0 131000
1681388727356 26299.0 131500
1681388727750 26399.0 132000
1681388728199 26499.0 132500
1681388728437 26599.0 133000
1681388729029 26699.0 133500
1681388729495 26799.0 134000
1681388730371 26899.0 134500
1681388731092 26999.0 135000
1681388731323 27099.0 135500
1681388731885 27199.0 136000
1681388732314 27299.0 136500
1681388733223 27399.0 137000
1681388733850 27499.0 137500
1681388734768 27599.0 138000
1681388735368 27699.0 138500
1681388736086 27799.0 139000
1681388736488 27899.0 139500
1681388737011 27999.0 140000
1681388737514 28099.0 140500
1681388737805 28199.0 141000
1681388738166 28299.0 141500
1681388738377 28399.0 142000
1681388738573 28499.0 142500
1681388738949 28599.0 143000
1681388739214 28699.0 143500
1681388739386 28799.0 144000
1681388739595 28899.0 144500
1681388739807 28999.0 145000
1681388739989 29099.0 145500
1681388740163 29199.0 146000
1681388740346 29299.0 146500
1681388740529 29399.0 147000
1681388740705 29499.0 147500
1681388740876 29599.0 148000
1681388741048 29699.0 148500
1681388741228 29799.0 149000
1681388741404 29899.0 149500
1681388741582 29999.0 150000
1681388741773 30099.0 150500
1681388741947 30199.0 151000
1681388742120 30299.0 151500
1681388742292 30399.0 152000
1681388742488 30499.0 152500
1681388742656 30599.0 153000
1681388742823 30699.0 153500
1681388742992 30799.0 154000
1681388743159 30899.0 154500
1681388743328 30999.0 155000
1681388743493 31099.0 155500
1681388743656 31199.0 156000
1681388743821 31299.0 156500
1681388743985 31399.0 157000
1681388744150 31499.0 157500
1681388744314 31599.0 158000
1681388744480 31699.0 158500
1681388744652 31799.0 159000
1681388744820 31899.0 159500
1681388744989 31999.0 160000
1681388745162 32099.0 160500
1681388745329 32199.0 161000
1681388745495 32299.0 161500
1681388745657 32399.0 162000
1681388745818 32499.0 162500
1681388745981 32599.0 163000
1681388746146 32699.0 163500
1681388746310 32799.0 164000
1681388746469 32899.0 164500
1681388746626 32999.0 165000
1681388746782 33099.0 165500
1681388746937 33199.0 166000
1681388747096 33299.0 166500
1681388747250 33399.0 167000
1681388747414 33499.0 167500
1681388747563 33599.0 168000
1681388747716 33699.0 168500
1681388747868 33799.0 169000
1681388748020 33899.0 169500
1681388748170 33999.0 170000
1681388748326 34099.0 170500
1681388748483 34199.0 171000
1681388748635 34299.0 171500
1681388748784 34399.0 172000
1681388748942 34499.0 172500
1681388749107 34599.0 173000
1681388749260 34699.0 173500
1681388749415 34799.0 174000
1681388749566 34899.0 174500
1681388749730 34999.0 175000
1681388749892 35099.0 175500
1681388750048 35199.0 176000
1681388750237 35299.0 176500
1681388750424 35399.0 177000
1681388750879 35499.0 177500
1681388751076 35599.0 178000
1681388751270 35699.0 178500
1681388751551 35799.0 179000
1681388752363 35899.0 179500
1681388752643 35999.0 180000
1681388752899 36099.0 180500
1681388753368 36199.0 181000
1681388753592 36299.0 181500
1681388753867 36399.0 182000
1681388754531 36499.0 182500
1681388754920 36599.0 183000
1681388755515 36699.0 183500
1681388755761 36799.0 184000
1681388756064 36899.0 184500
1681388756608 36999.0 185000
1681388757010 37099.0 185500
1681388757304 37199.0 186000
1681388757819 37299.0 186500
1681388758126 37399.0 187000
1681388758484 37499.0 187500
1681388759002 37599.0 188000
1681388759441 37699.0 188500
1681388759803 37799.0 189000
1681388760767 37899.0 189500
1681388761244 37999.0 190000
1681388761856 38099.0 190500
1681388762182 38199.0 191000
1681388762602 38299.0 191500
1681388762938 38399.0 192000
1681388763502 38499.0 192500
1681388763890 38599.0 193000
1681388764745 38699.0 193500
1681388765157 38799.0 194000
1681388765948 38899.0 194500
1681388766367 38999.0 195000
1681388767244 39099.0 195500
1681388767664 39199.0 196000
1681388768197 39299.0 196500
1681388768540 39399.0 197000
1681388769019 39499.0 197500
1681388769363 39599.0 198000
1681388770283 39699.0 198500
1681388770680 39799.0 199000
1681388771170 39899.0 199500
1681388772197 39999.0 200000
1681388772589 40099.0 200500
1681388773331 40199.0 201000
1681388773726 40299.0 201500
1681388774434 40399.0 202000
1681388774696 40499.0 202500
1681388775061 40599.0 203000
1681388775718 40699.0 203500
1681388776306 40799.0 204000
1681388777230 40899.0 204500
1681388777874 40999.0 205000
1681388778234 41099.0 205500
1681388778789 41199.0 206000
1681388779044 41299.0 206500
1681388779623 41399.0 207000
1681388780388 41499.0 207500
1681388780696 41599.0 208000
1681388781123 41699.0 208500
1681388781729 41799.0 209000
1681388782394 41899.0 209500
1681388783251 41999.0 210000
1681388783859 42099.0 210500
1681388784112 42199.0 211000
1681388784798 42299.0 211500
1681388785277 42399.0 212000
1681388785658 42499.0 212500
1681388785998 42599.0 213000
1681388786249 42699.0 213500
1681388786520 42799.0 214000
1681388786791 42899.0 214500
1681388787104 42999.0 215000
1681388787398 43099.0 215500
1681388788079 43199.0 216000
1681388788319 43299.0 216500
1681388788610 43399.0 217000
1681388789046 43499.0 217500
1681388789287 43599.0 218000
1681388789698 43699.0 218500
1681388789985 43799.0 219000
1681388790273 43899.0 219500
1681388790548 43999.0 220000
1681388790736 44099.0 220500
1681388790987 44199.0 221000
1681388791193 44299.0 221500
1681388791378 44399.0 222000
1681388791552 44499.0 222500
1681388791791 44599.0 223000
1681388791987 44699.0 223500
1681388792157 44799.0 224000
1681388792332 44899.0 224500
1681388792530 44999.0 225000
1681388792714 45099.0 225500
1681388792894 45199.0 226000
1681388793067 45299.0 226500
1681388793238 45399.0 227000
1681388793403 45499.0 227500
1681388793584 45599.0 228000
1681388793752 45699.0 228500
1681388793921 45799.0 229000
1681388794090 45899.0 229500
1681388794301 45999.0 230000
1681388794484 46099.0 230500
1681388794652 46199.0 231000
1681388794819 46299.0 231500
1681388794987 46399.0 232000
1681388795157 46499.0 232500
1681388795322 46599.0 233000
1681388795490 46699.0 233500
1681388795657 46799.0 234000
1681388795823 46899.0 234500
1681388795990 46999.0 235000
1681388796156 47099.0 235500
1681388796331 47199.0 236000
1681388796504 47299.0 236500
1681388796682 47399.0 237000
1681388796849 47499.0 237500
1681388797018 47599.0 238000
1681388797181 47699.0 238500
1681388797348 47799.0 239000
1681388797513 47899.0 239500
1681388797680 47999.0 240000
1681388797849 48099.0 240500
1681388798016 48199.0 241000
1681388798186 48299.0 241500
1681388798355 48399.0 242000
1681388798520 48499.0 242500
1681388798686 48599.0 243000
1681388798852 48699.0 243500
1681388799019 48799.0 244000
1681388799185 48899.0 244500
1681388799350 48999.0 245000
1681388799517 49099.0 245500
1681388799679 49199.0 246000
1681388799844 49299.0 246500
1681388800008 49399.0 247000
1681388800170 49499.0 247500
1681388800334 49599.0 248000
1681388800492 49699.0 248500
1681388800651 49799.0 249000
1681388800810 49899.0 249500
1681388800967 49999.0 250000
1681388801123 50099.0 250500
1681388801279 50199.0 251000
1681388801431 50299.0 251500
1681388801587 50399.0 252000
1681388801737 50499.0 252500
1681388801888 50599.0 253000
1681388802037 50699.0 253500
1681388802193 50799.0 254000
1681388802343 50899.0 254500
1681388802492 50999.0 255000
1681388802639 51099.0 255500
1681388802790 51199.0 256000
1681388802945 51299.0 256500
1681388803094 51399.0 257000
1681388803244 51499.0 257500
1681388803396 51599.0 258000
1681388803550 51699.0 258500
1681388803703 51799.0 259000
1681388803860 51899.0 259500
1681388804022 51999.0 260000
1681388804184 52099.0 260500
1681388804347 52199.0 261000
1681388804508 52299.0 261500
1681388804668 52399.0 262000
1681388804827 52499.0 262500
1681388804987 52599.0 263000
1681388805145 52699.0 263500
1681388805304 52799.0 264000
1681388805456 52899.0 264500
1681388805611 52999.0 265000
1681388805765 53099.0 265500
1681388805916 53199.0 266000
1681388806070 53299.0 266500
1681388806226 53399.0 267000
1681388806385 53499.0 267500
1681388806542 53599.0 268000
1681388806701 53699.0 268500
1681388806860 53799.0 269000
1681388807017 53899.0 269500
1681388807172 53999.0 270000
1681388807332 54099.0 270500
1681388807497 54199.0 271000
1681388807659 54299.0 271500
1681388807815 54399.0 272000
1681388807973 54499.0 272500
1681388808132 54599.0 273000
1681388808296 54699.0 273500
1681388808468 54799.0 274000
1681388808623 54899.0 274500
1681388808783 54999.0 275000
1681388808936 55099.0 275500
1681388809089 55199.0 276000
1681388809242 55299.0 276500
1681388809398 55399.0 277000
1681388809554 55499.0 277500
1681388809709 55599.0 278000
1681388809874 55699.0 278500
1681388810060 55799.0 279000
1681388810336 55899.0 279500
1681388810519 55999.0 280000
1681388810697 56099.0 280500
1681388810859 56199.0 281000
1681388811020 56299.0 281500
1681388811184 56399.0 282000
1681388811341 56499.0 282500
1681388811506 56599.0 283000
1681388811665 56699.0 283500
1681388811824 56799.0 284000
1681388811985 56899.0 284500
1681388812144 56999.0 285000
1681388812306 57099.0 285500
1681388812463 57199.0 286000
1681388812625 57299.0 286500
1681388812779 57399.0 287000
1681388812928 57499.0 287500
1681388813081 57599.0 288000
1681388813235 57699.0 288500
1681388813387 57799.0 289000
1681388813548 57899.0 289500
1681388813707 57999.0 290000
1681388813898 58099.0 290500
1681388814069 58199.0 291000
1681388814245 58299.0 291500
1681388814417 58399.0 292000
1681388814603 58499.0 292500
1681388814785 58599.0 293000
1681388814989 58699.0 293500
1681388815184 58799.0 294000
1681388815400 58899.0 294500
1681388815603 58999.0 295000
1681388815806 59099.0 295500
1681388816047 59199.0 296000
1681388816469 59299.0 296500
1681388817078 59399.0 297000
1681388817683 59499.0 297500
1681388818633 59599.0 298000
1681388819047 59699.0 298500
1681388819612 59799.0 299000
1681388820178 59899.0 299500
1681388821177 59999.0 300000
