1681388632736 3.010098695755005 500
1681388632997 -3.0801584720611572 1000
1681388633191 -25.25495147705078 1500
1681388633373 -4.008349418640137 2000
1681388633549 -0.5029559135437012 2500
1681388633727 -1.3558521270751953 3000
1681388633903 -12.595367431640625 3500
1681388634085 1.9449361562728882 4000
1681388634291 -7.285452365875244 4500
1681388634486 -1.9996709823608398 5000
1681388634695 -0.7492931485176086 5500
1681388634890 -5.730842113494873 6000
1681388635078 -3.677947998046875 6500
1681388635273 -17.95023536682129 7000
1681388635642 0.6702907681465149 7500
1681388635871 0.4235270917415619 8000
1681388636074 11.09587287902832 8500
1681388636270 4.5115509033203125 9000
1681388636483 -5.191751003265381 9500
1681388636713 2.160398483276367 10000
1681388636975 1.730745553970337 10500
1681388637267 -0.061842143535614014 11000
1681388637528 5.015053749084473 11500
1681388637807 3.366772174835205 12000
1681388638626 -3.6937050819396973 12500
1681388638939 2.150548219680786 13000
1681388639228 10.665722846984863 13500
1681388639505 6.610539436340332 14000
1681388639720 -2.2862305641174316 14500
1681388640046 -5.391454219818115 15000
1681388640553 -4.278239727020264 15500
1681388640754 -3.146557331085205 16000
1681388640989 -0.20007701218128204 16500
1681388641186 -2.9965481758117676 17000
1681388641386 2.897347927093506 17500
1681388641686 5.600754737854004 18000
1681388641887 0.12763401865959167 18500
1681388642183 6.124452590942383 19000
1681388642455 -0.015179825015366077 19500
1681388642708 -2.322683095932007 20000
1681388643017 -1.1865513324737549 20500
1681388643223 -1.5277318954467773 21000
1681388643446 0.13145914673805237 21500
1681388643642 -0.29812121391296387 22000
1681388643935 8.946386337280273 22500
1681388644126 3.962834596633911 23000
1681388644310 -1.229780673980713 23500
1681388644529 -0.1556682288646698 24000
1681388644759 1.3736225366592407 24500
1681388644991 0.04609600082039833 25000
1681388645203 1.4897234439849854 25500
1681388645387 3.6329569816589355 26000
1681388645574 -5.800341606140137 26500
1681388645767 0.8031744956970215 27000
1681388645960 0.022117700427770615 27500
1681388646174 4.423798084259033 28000
1681388646376 2.1848857402801514 28500
1681388646567 0.23249271512031555 29000
1681388646801 0.4125657081604004 29500
1681388647002 0.25301238894462585 30000
1681388647236 -32.746795654296875 30500
1681388647443 2.7182798385620117 31000
1681388647664 2.7280402183532715 31500
1681388647861 1.1943676471710205 32000
1681388648050 0.030744988471269608 32500
1681388648256 -0.01667415350675583 33000
1681388648437 -1.191528081893921 33500
1681388648684 0.12091974914073944 34000
1681388648886 -1.7172863483428955 34500
1681388649101 0.5161175727844238 35000
1681388649293 -20.15304183959961 35500
1681388649479 4.795193672180176 36000
1681388649698 0.004094763658940792 36500
1681388649880 4.219344615936279 37000
1681388650082 0.04004190117120743 37500
1681388650279 0.7491230964660645 38000
1681388650470 1.7796586751937866 38500
1681388650691 0.5050132870674133 39000
1681388650900 -0.04363506659865379 39500
1681388651124 -1.1958096027374268 40000
1681388651335 -0.7206047177314758 40500
1681388651520 0.2030441015958786 41000
1681388651701 1.4561779499053955 41500
1681388651884 1.1155791282653809 42000
1681388652066 1.592499017715454 42500
1681388652248 -0.633787989616394 43000
1681388652427 -88.4930419921875 43500
1681388652601 1.9289815425872803 44000
1681388652780 -1.7846133708953857 44500
1681388652961 6.350228309631348 45000
1681388653134 0.08023501932621002 45500
1681388653307 6.019843101501465 46000
1681388653479 0.5229656100273132 46500
1681388653656 -1.5184203386306763 47000
1681388653838 0.4047510623931885 47500
1681388654028 -4.508424282073975 48000
1681388654214 0.7775742411613464 48500
1681388654427 -16.652828216552734 49000
1681388654619 1.1764979362487793 49500
1681388654870 3.291888475418091 50000
1681388655119 0.33198225498199463 50500
1681388655381 -0.01727864518761635 51000
1681388655612 -0.4332260489463806 51500
1681388655867 -1.6282100677490234 52000
1681388656145 -0.28064781427383423 52500
1681388656755 -3.432311534881592 53000
1681388657211 -0.1648751199245453 53500
1681388657994 0.7683055996894836 54000
1681388658461 -0.21635635197162628 54500
1681388658763 -0.4298636317253113 55000
1681388659284 -1.3100793361663818 55500
1681388659745 1.9788423776626587 56000
1681388660481 -0.9029301404953003 56500
1681388661204 -1.088924527168274 57000
1681388661656 -1.2754085063934326 57500
1681388662058 0.1934768706560135 58000
1681388662831 -0.35108423233032227 58500
1681388663592 1.7656570672988892 59000
1681388664195 2.205383539199829 59500
1681388664702 0.815290629863739 60000
1681388665514 1.6322925090789795 60500
1681388666314 -4.5378336906433105 61000
1681388667129 1.59884774684906 61500
1681388667839 1.0734487771987915 62000
1681388668348 0.1787566840648651 62500
1681388668823 -1.6121708154678345 63000
1681388669168 1.1436200141906738 63500
1681388669928 0.8922308683395386 64000
1681388670195 0.6940460205078125 64500
1681388670729 -0.0263853557407856 65000
1681388671231 0.8578847050666809 65500
1681388671880 -1.1308478116989136 66000
1681388672516 -2.6845574378967285 66500
1681388673202 0.11881955713033676 67000
1681388673900 -0.10168755054473877 67500
1681388674460 0.3705139458179474 68000
1681388675042 -0.2626960873603821 68500
1681388675373 -1.2327306270599365 69000
1681388676089 -1.1441714763641357 69500
1681388676949 0.9674326777458191 70000
1681388677330 0.1964968889951706 70500
1681388677908 -5.529748439788818 71000
1681388678180 1.5480905771255493 71500
1681388678458 -0.0009127592784352601 72000
1681388678768 -1.1845494508743286 72500
1681388679024 -2.4691505432128906 73000
1681388679282 0.49925678968429565 73500
1681388679759 -0.20868165791034698 74000
1681388680089 0.71824711561203 74500
1681388680318 0.505769670009613 75000
1681388680563 -0.7402870059013367 75500
1681388680791 -0.10926635563373566 76000
1681388680971 1.2149717807769775 76500
1681388681167 0.8833297491073608 77000
1681388681393 0.36804866790771484 77500
1681388681628 -7.03545618057251 78000
1681388681817 1.1707226037979126 78500
1681388681991 -1.2549610137939453 79000
1681388682164 -0.14196036756038666 79500
1681388682338 -0.8710799217224121 80000
1681388682516 1.187673807144165 80500
1681388682697 0.8603917360305786 81000
1681388682876 0.2780188024044037 81500
1681388683056 0.2709277868270874 82000
1681388683232 0.6782970428466797 82500
1681388683399 0.42179298400878906 83000
1681388683569 0.42429375648498535 83500
1681388683743 -2.573256015777588 84000
1681388683911 1.4009513854980469 84500
1681388684081 0.26277071237564087 85000
1681388684242 -0.3785640299320221 85500
1681388684409 -1.124787449836731 86000
1681388684575 -2.8612189292907715 86500
1681388684744 8.063154220581055 87000
1681388684904 -18.879138946533203 87500
1681388685065 -3.8238685131073 88000
1681388685223 5.162887096405029 88500
1681388685386 0.7942657470703125 89000
1681388685549 4.263005256652832 89500
1681388685719 -0.4409080445766449 90000
1681388685912 -0.008290293626487255 90500
1681388686134 -0.6714410781860352 91000
1681388686484 0.3315145969390869 91500
1681388686839 0.3176572918891907 92000
1681388687469 -1.520484209060669 92500
1681388687870 2.164574146270752 93000
1681388688501 0.026813644915819168 93500
1681388688908 -0.5066787004470825 94000
1681388689601 -0.8923193216323853 94500
1681388690046 -1.6046098470687866 95000
1681388690932 -1.0557928085327148 95500
1681388691407 0.024312948808073997 96000
1681388691950 -0.810217559337616 96500
1681388692336 2.212549924850464 97000
1681388693263 -0.5802357196807861 97500
1681388693721 -0.5257627367973328 98000
1681388694305 0.43437281250953674 98500
1681388694653 0.5685603618621826 99000
1681388695491 0.19126354157924652 99500
1681388695970 1.3058291673660278 100000
1681388696716 0.5595329999923706 100500
1681388697125 0.7022042274475098 101000
1681388697658 -0.22776930034160614 101500
1681388697980 -1.7618887424468994 102000
1681388698418 -1.6616264581680298 102500
1681388698767 -2.3308968544006348 103000
1681388699677 0.8441311717033386 103500
1681388700324 -0.688064694404602 104000
1681388701056 0.423381507396698 104500
1681388701485 -0.6832871437072754 105000
1681388702364 -0.026721294969320297 105500
1681388702827 -2.128821849822998 106000
1681388703526 -0.8136594891548157 106500
1681388703958 1.185276746749878 107000
1681388704704 0.2754073143005371 107500
1681388705142 0.5619001388549805 108000
1681388705756 -3.193479537963867 108500
1681388706153 -0.44917812943458557 109000
1681388706837 -0.706821084022522 109500
1681388707229 0.3826848268508911 110000
1681388708070 0.0817166119813919 110500
1681388708562 0.38172054290771484 111000
1681388709025 0.25914546847343445 111500
1681388709575 -1.0225181579589844 112000
1681388709978 1.8341848850250244 112500
1681388710354 0.38623684644699097 113000
1681388711572 0.43547242879867554 113500
1681388711917 -1.333149790763855 114000
1681388712520 -0.08727115392684937 114500
1681388713025 0.46435388922691345 115000
1681388713531 -1.138148546218872 115500
1681388714000 0.7117833495140076 116000
1681388714300 -0.012623709626495838 116500
1681388714557 -0.08331908285617828 117000
1681388714905 -1.9527053833007812 117500
1681388715326 0.5251421928405762 118000
1681388715638 -0.16764967143535614 118500
1681388716312 -0.6001546382904053 119000
1681388716562 -0.19436559081077576 119500
1681388716937 -2.543734550476074 120000
1681388717436 0.19924935698509216 120500
1681388717968 0.5672719478607178 121000
1681388718744 3.156175136566162 121500
1681388719302 0.09280332177877426 122000
1681388720125 -0.8455331921577454 122500
1681388720385 0.2504921853542328 123000
1681388720964 -0.22960999608039856 123500
1681388721375 0.16675075888633728 124000
1681388721715 0.027514968067407608 124500
1681388721997 -0.04147378355264664 125000
1681388722372 0.003861414734274149 125500
1681388722620 -0.865190863609314 126000
1681388722894 -0.18958780169487 126500
1681388723111 1.3219006061553955 127000
1681388723365 11.047104835510254 127500
1681388723604 3.0648715496063232 128000
1681388724138 -2.4285030364990234 128500
1681388725060 0.023837560787796974 129000
1681388725464 0.03223739191889763 129500
1681388725929 -0.4304640293121338 130000
1681388726376 -0.23854954540729523 130500
1681388726902 -0.04269013553857803 131000
1681388727357 0.10719497501850128 131500
1681388727751 0.09204250574111938 132000
1681388728200 -0.8589267730712891 132500
1681388728437 0.08867813646793365 133000
1681388729029 -0.5073984265327454 133500
1681388729495 0.16483590006828308 134000
1681388730372 -0.05967582017183304 134500
1681388731093 -0.0010372011456638575 135000
1681388731323 -0.23758497834205627 135500
1681388731885 -0.9370251893997192 136000
1681388732315 -1.0370936393737793 136500
1681388733224 -0.08973976224660873 137000
1681388733850 -0.09360406547784805 137500
1681388734768 -0.8979277610778809 138000
1681388735368 -0.1223473995923996 138500
1681388736086 0.0027938145212829113 139000
1681388736488 0.09306398034095764 139500
1681388737011 -0.4719340205192566 140000
1681388737515 -0.030089179053902626 140500
1681388737805 -0.9778030514717102 141000
1681388738167 -0.0001157988008344546 141500
1681388738377 0.6608160138130188 142000
1681388738573 -1.5100475549697876 142500
1681388738949 0.050866685807704926 143000
1681388739214 -0.7327432632446289 143500
1681388739386 -1.0873953104019165 144000
1681388739595 0.9031070470809937 144500
1681388739808 0.32764869928359985 145000
1681388739989 -1.6449766159057617 145500
1681388740164 -0.005031751003116369 146000
1681388740347 -0.0 146500
1681388740529 1.481742262840271 147000
1681388740706 0.18990306556224823 147500
1681388740877 -0.6337238550186157 148000
1681388741049 1.0755414962768555 148500
1681388741228 -0.6704760193824768 149000
1681388741405 1.1697934865951538 149500
1681388741583 0.14752885699272156 150000
1681388741773 0.9492467045783997 150500
1681388741947 1.140093207359314 151000
1681388742121 -0.45892152190208435 151500
1681388742293 -15.760238647460938 152000
1681388742488 -2.453169345855713 152500
1681388742657 -0.09549981355667114 153000
1681388742823 -1.5079916715621948 153500
1681388742992 -0.0783809944987297 154000
1681388743160 -1.2499607801437378 154500
1681388743328 0.11579333245754242 155000
1681388743493 -0.24889810383319855 155500
1681388743657 -4.41488790512085 156000
1681388743822 -2.593663215637207 156500
1681388743985 -1.8657375574111938 157000
1681388744150 -1.5069853067398071 157500
1681388744315 -0.058704447001218796 158000
1681388744481 0.7897382974624634 158500
1681388744652 -0.0 159000
1681388744820 1.914825201034546 159500
1681388744989 1.733877182006836 160000
1681388745162 0.22219431400299072 160500
1681388745330 -0.0 161000
1681388745495 7.86814022064209 161500
1681388745658 0.22379103302955627 162000
1681388745818 -0.7116115689277649 162500
1681388745982 -0.5909894704818726 163000
1681388746146 -0.36130261421203613 163500
1681388746311 0.424748957157135 164000
1681388746469 -0.0 164500
1681388746627 1.2479214319682796e-06 165000
1681388746782 0.908291220664978 165500
1681388746937 1.66546630859375 166000
1681388747096 0.6515936851501465 166500
1681388747251 -0.6491303443908691 167000
1681388747414 -0.9245046377182007 167500
1681388747564 1.4960731267929077 168000
1681388747716 0.07751376926898956 168500
1681388747869 -0.10471268743276596 169000
1681388748020 0.18628692626953125 169500
1681388748170 2.322410000488162e-05 170000
1681388748327 -0.0567893385887146 170500
1681388748484 -0.35243919491767883 171000
1681388748635 -1.0976431369781494 171500
1681388748784 -0.008817298337817192 172000
1681388748943 -0.0 172500
1681388749107 -4.862326622009277 173000
1681388749261 -0.008797120302915573 173500
1681388749416 -0.0015044711763039231 174000
1681388749566 -0.4123418927192688 174500
1681388749730 -1.5958102941513062 175000
1681388749893 -0.7226582169532776 175500
1681388750048 0.15938317775726318 176000
1681388750237 -0.07531733065843582 176500
1681388750425 -0.051610708236694336 177000
1681388750880 -0.23798604309558868 177500
1681388751076 0.0027796600479632616 178000
1681388751270 0.4504924714565277 178500
1681388751552 -3.5041897296905518 179000
1681388752363 -0.4688805639743805 179500
1681388752644 -0.19491323828697205 180000
1681388752899 -0.4602808952331543 180500
1681388753369 -0.2892538905143738 181000
1681388753592 -0.006295987870544195 181500
1681388753867 -0.39920347929000854 182000
1681388754531 -0.03017563186585903 182500
1681388754921 -0.4840312600135803 183000
1681388755515 -0.0 183500
1681388755762 -0.27464768290519714 184000
1681388756064 0.7353244423866272 184500
1681388756608 0.44187670946121216 185000
1681388757011 -0.2576840817928314 185500
1681388757305 0.08260323107242584 186000
1681388757819 -0.035090792924165726 186500
1681388758127 -0.049074359238147736 187000
1681388758484 -0.06354919821023941 187500
1681388759003 1.8802461624145508 188000
1681388759441 0.10747699439525604 188500
1681388759803 0.07138827443122864 189000
1681388760768 -0.4480054974555969 189500
1681388761244 -0.016539018601179123 190000
1681388761857 0.025956567376852036 190500
1681388762182 0.3415051996707916 191000
1681388762603 -1.544992208480835 191500
1681388762939 0.6382411122322083 192000
1681388763502 0.19852161407470703 192500
1681388763891 -0.02717878483235836 193000
1681388764745 -0.3415502905845642 193500
1681388765157 0.2605260908603668 194000
1681388765948 0.14641869068145752 194500
1681388766368 0.01123611070215702 195000
1681388767245 -0.112893246114254 195500
1681388767664 0.06066136807203293 196000
1681388768197 0.29710453748703003 196500
1681388768541 -0.21197347342967987 197000
1681388769019 -0.25226882100105286 197500
1681388769365 -1.8226730823516846 198000
1681388770283 -0.39572593569755554 198500
1681388770680 1.2856709957122803 199000
1681388771170 0.6449068188667297 199500
1681388772197 0.5613269209861755 200000
1681388772589 0.4694620966911316 200500
1681388773332 0.9192997813224792 201000
1681388773726 -0.14131762087345123 201500
1681388774435 1.857539415359497 202000
1681388774696 -0.22329819202423096 202500
1681388775061 -0.7507905960083008 203000
1681388775719 0.3368089199066162 203500
1681388776307 -0.00826311856508255 204000
1681388777230 0.09434954077005386 204500
1681388777874 0.05193750187754631 205000
1681388778235 1.5594607591629028 205500
1681388778789 -0.004863177891820669 206000
1681388779044 0.4852556586265564 206500
1681388779624 -2.413221597671509 207000
1681388780389 0.009900001809000969 207500
1681388780697 -0.2020464688539505 208000
1681388781123 0.07385770976543427 208500
1681388781729 -0.12610909342765808 209000
1681388782394 0.3807808458805084 209500
1681388783251 0.4851713180541992 210000
1681388783859 -0.5739083290100098 210500
1681388784113 -0.18787482380867004 211000
1681388784798 0.21431486308574677 211500
1681388785278 -0.07809492200613022 212000
1681388785659 -0.182575985789299 212500
1681388785999 -0.49768519401550293 213000
1681388786249 -0.4329366087913513 213500
1681388786521 1.2446550130844116 214000
1681388786791 0.31910455226898193 214500
1681388787105 2.2224574089050293 215000
1681388787399 0.30378562211990356 215500
1681388788079 2.4852863134583458e-05 216000
1681388788319 -0.00013014661089982837 216500
1681388788610 -1.018627405166626 217000
1681388789046 4.485742092132568 217500
1681388789287 -0.003459204686805606 218000
1681388789698 -0.2671191692352295 218500
1681388789985 -3.8575196266174316 219000
1681388790273 0.09637470543384552 219500
1681388790548 -3.524988278513774e-05 220000
1681388790736 -1.1541513204574585 220500
1681388790987 0.1539137065410614 221000
1681388791194 -3.3159873485565186 221500
1681388791378 -0.12030341476202011 222000
1681388791553 -0.0658840462565422 222500
1681388791792 -0.5749724507331848 223000
1681388791987 -0.05534951761364937 223500
1681388792158 -0.06101031228899956 224000
1681388792332 -0.0 224500
1681388792531 4.215253284201026e-05 225000
1681388792714 -0.0 225500
1681388792894 -3.3915980566234794e-06 226000
1681388793067 1.732389211654663 226500
1681388793239 -1.2387982606887817 227000
1681388793403 1.4372419118881226 227500
1681388793584 0.4402403235435486 228000
1681388793753 -0.06552942097187042 228500
1681388793921 1.0832749605178833 229000
1681388794090 0.5932298898696899 229500
1681388794301 -0.004640078637748957 230000
1681388794484 -0.0 230500
1681388794653 -1.4831489636435435e-07 231000
1681388794819 -0.1595270335674286 231500
1681388794988 0.0010999006917700171 232000
1681388795158 -0.5787798166275024 232500
1681388795323 0.9329372644424438 233000
1681388795491 -0.35995209217071533 233500
1681388795657 0.4335622191429138 234000
1681388795824 0.6414366960525513 234500
1681388795990 -0.0 235000
1681388796156 -0.32321515679359436 235500
1681388796332 -2.743258476257324 236000
1681388796505 -0.5597891211509705 236500
1681388796682 0.2631630301475525 237000
1681388796850 0.5841225981712341 237500
1681388797018 -1.675358544162009e-05 238000
1681388797182 1.1287497282028198 238500
1681388797348 0.475844144821167 239000
1681388797514 0.5759394764900208 239500
1681388797681 -0.00013801574823446572 240000
1681388797849 0.10054715722799301 240500
1681388798017 0.02733307145535946 241000
1681388798187 1.862504005432129 241500
1681388798356 -1.8681508890949772e-06 242000
1681388798521 -0.2889229953289032 242500
1681388798686 -0.013068613596260548 243000
1681388798852 0.5169053673744202 243500
1681388799019 -0.6681389808654785 244000
1681388799185 0.19187286496162415 244500
1681388799350 2.3595480918884277 245000
1681388799517 5.779644012451172 245500
1681388799679 -0.46161937713623047 246000
1681388799845 -0.8431814908981323 246500
1681388800008 0.026284202933311462 247000
1681388800170 0.006363308522850275 247500
1681388800334 0.541706919670105 248000
1681388800493 -0.0 248500
1681388800651 0.16967196762561798 249000
1681388800811 0.022405188530683517 249500
1681388800968 -0.0 250000
1681388801123 -0.21900467574596405 250500
1681388801280 -0.3212357461452484 251000
1681388801432 1.2909488677978516 251500
1681388801587 0.08741684257984161 252000
1681388801737 0.628486692905426 252500
1681388801888 -0.3749472498893738 253000
1681388802038 -1.0755213499069214 253500
1681388802193 1.2713943533526617e-06 254000
1681388802344 0.8906281590461731 254500
1681388802493 -0.0 255000
1681388802640 -0.2724630534648895 255500
1681388802790 0.0291338711977005 256000
1681388802945 2.4049313068389893 256500
1681388803095 -0.0 257000
1681388803245 0.9623438119888306 257500
1681388803396 -6.88951473648558e-08 258000
1681388803550 -0.1609501838684082 258500
1681388803704 0.17733509838581085 259000
1681388803860 -0.6125106811523438 259500
1681388804022 -0.23563513159751892 260000
1681388804184 0.48919886350631714 260500
1681388804347 0.12450935691595078 261000
1681388804509 0.35486337542533875 261500
1681388804669 -0.04663509875535965 262000
1681388804828 -0.5682888627052307 262500
1681388804987 0.6888386011123657 263000
1681388805146 0.48105525970458984 263500
1681388805304 1.7039788961410522 264000
1681388805457 -1.5871981382369995 264500
1681388805611 -0.0 265000
1681388805765 -0.0 265500
1681388805916 0.5331668853759766 266000
1681388806070 -0.9651287198066711 266500
1681388806226 -0.5382176637649536 267000
1681388806385 -9.671506881713867 267500
1681388806542 -2.3149185180664062 268000
1681388806701 -0.487957239151001 268500
1681388806861 0.05973133444786072 269000
1681388807017 0.07334951311349869 269500
1681388807172 0.19404393434524536 270000
1681388807332 0.38858431577682495 270500
1681388807498 0.004686018917709589 271000
1681388807659 0.26136893033981323 271500
1681388807816 -0.5075493454933167 272000
1681388807973 -0.019352510571479797 272500
1681388808133 2.8043018573953304e-06 273000
1681388808297 -6.14937162026763e-05 273500
1681388808468 -0.0 274000
1681388808624 -0.0020226144697517157 274500
1681388808783 0.387654185295105 275000
1681388808937 0.4654327929019928 275500
1681388809090 2.3348164177150466e-05 276000
1681388809242 0.21230411529541016 276500
1681388809398 -0.022557688876986504 277000
1681388809554 -0.0015589074464514852 277500
1681388809709 -3.0059962272644043 278000
1681388809875 -0.28265827894210815 278500
1681388810060 -0.0018078740686178207 279000
1681388810337 -5.623839378356934 279500
1681388810520 -0.07882382720708847 280000
1681388810697 -0.6919214129447937 280500
1681388810860 -1.5898586511611938 281000
1681388811021 -0.04332323372364044 281500
1681388811184 -0.09029527008533478 282000
1681388811342 0.8240750432014465 282500
1681388811506 -4.997125148773193 283000
1681388811665 0.9896915555000305 283500
1681388811824 -0.00034989527193829417 284000
1681388811985 -0.025012528523802757 284500
1681388812145 0.0818830356001854 285000
1681388812306 0.3171316683292389 285500
1681388812463 -0.6362382769584656 286000
1681388812626 -0.0 286500
1681388812780 0.005417161621153355 287000
1681388812929 -0.17740073800086975 287500
1681388813082 -0.0 288000
1681388813235 -0.0 288500
1681388813387 0.6206929683685303 289000
1681388813548 -4.032023571198806e-05 289500
1681388813708 -0.0 290000
1681388813898 -0.30357712507247925 290500
1681388814070 -0.0 291000
1681388814245 0.0033699788618832827 291500
1681388814417 -0.0 292000
1681388814604 0.03337443619966507 292500
1681388814785 -0.18670228123664856 293000
1681388814990 -0.1816597431898117 293500
1681388815184 1.1968438625335693 294000
1681388815400 -0.0001572375767864287 294500
1681388815604 -0.0 295000
1681388815806 -0.0 295500
1681388816048 0.002430864842608571 296000
1681388816469 -0.17908866703510284 296500
1681388817079 1.2561837434768677 297000
1681388817683 -0.8916036486625671 297500
1681388818633 0.29178696870803833 298000
1681388819048 0.2813481390476227 298500
1681388819613 -0.4700409770011902 299000
1681388820179 -0.24958069622516632 299500
1681388821177 -0.06389995664358139 300000
