1681388632737 5.247533798217773 500
1681388632997 18.075883865356445 1000
1681388633191 356.46484375 1500
1681388633373 1241.299560546875 2000
1681388633549 2.3513588905334473 2500
1681388633728 4.208707332611084 3000
1681388633903 290.32708740234375 3500
1681388634085 3.7878479957580566 4000
1681388634291 29.532451629638672 4500
1681388634487 14.241778373718262 5000
1681388634695 2.5403170585632324 5500
1681388634890 82.53067779541016 6000
1681388635079 37.34477996826172 6500
1681388635274 269.8894958496094 7000
1681388635642 800.3745727539062 7500
1681388635871 41.78667449951172 8000
1681388636074 176.64254760742188 8500
1681388636270 69.82810974121094 9000
1681388636484 115.05049133300781 9500
1681388636714 27.01119613647461 10000
1681388636975 15.903167724609375 10500
1681388637268 18.086639404296875 11000
1681388637529 48.48151779174805 11500
1681388637808 44.77704620361328 12000
1681388638626 29.81881332397461 12500
1681388638939 6.621476650238037 13000
1681388639228 134.10520935058594 13500
1681388639505 119.9661636352539 14000
1681388639720 10.660600662231445 14500
1681388640046 19.778942108154297 15000
1681388640554 83.55995178222656 15500
1681388640755 27.629329681396484 16000
1681388640989 639.6555786132812 16500
1681388641186 18.026714324951172 17000
1681388641387 20.646060943603516 17500
1681388641686 106.29231262207031 18000
1681388641887 2.001725196838379 18500
1681388642184 86.27888488769531 19000
1681388642455 1.3186485767364502 19500
1681388642708 25.92703628540039 20000
1681388643017 6.811612129211426 20500
1681388643224 18.839908599853516 21000
1681388643446 1188.4163818359375 21500
1681388643643 342.5861511230469 22000
1681388643936 176.4169921875 22500
1681388644127 24.36907196044922 23000
1681388644311 4.346640110015869 23500
1681388644529 0.320173054933548 24000
1681388644759 7.868661403656006 24500
1681388644991 1.4398218393325806 25000
1681388645203 10.686805725097656 25500
1681388645387 44.19752883911133 26000
1681388645574 55.11083984375 26500
1681388645768 4.29636287689209 27000
1681388645961 85.61630249023438 27500
1681388646174 144.13145446777344 28000
1681388646376 24.24982261657715 28500
1681388646567 14.047663688659668 29000
1681388646802 0.3660838305950165 29500
1681388647003 0.1956508457660675 30000
1681388647236 13271.9921875 30500
1681388647444 63.0929069519043 31000
1681388647665 28.003650665283203 31500
1681388647862 44.23369598388672 32000
1681388648051 6.500718593597412 32500
1681388648256 1959.566162109375 33000
1681388648437 8.256564140319824 33500
1681388648684 3.339787244796753 34000
1681388648886 1.2611688375473022 34500
1681388649101 2.159304141998291 35000
1681388649293 4904.37451171875 35500
1681388649480 138.00445556640625 36000
1681388649698 33.898155212402344 36500
1681388649881 40.46250915527344 37000
1681388650082 0.18515631556510925 37500
1681388650280 4.819642066955566 38000
1681388650471 11.814143180847168 38500
1681388650692 1.944902777671814 39000
1681388650900 0.574916422367096 39500
1681388651124 4.203496932983398 40000
1681388651335 2639.41845703125 40500
1681388651520 17.917133331298828 41000
1681388651701 7.8868279457092285 41500
1681388651884 9.407014846801758 42000
1681388652067 12.168232917785645 42500
1681388652249 0.8013466596603394 43000
1681388652427 5234.93505859375 43500
1681388652601 9.057085990905762 44000
1681388652781 7.083364963531494 44500
1681388652961 76.97999572753906 45000
1681388653134 47.9464111328125 45500
1681388653307 52.27067947387695 46000
1681388653479 0.6637412309646606 46500
1681388653656 3.084428310394287 47000
1681388653838 0.7187438607215881 47500
1681388654028 19.17727279663086 48000
1681388654214 1.4512373208999634 48500
1681388654427 1737.3056640625 49000
1681388654619 3.0049829483032227 49500
1681388654870 24597.462890625 50000
1681388655119 0.9158843755722046 50500
1681388655381 0.08859612792730331 51000
1681388655612 1.0918159484863281 51500
1681388655867 5.890342712402344 52000
1681388656145 1.626746416091919 52500
1681388656755 18.55307388305664 53000
1681388657212 0.392731249332428 53500
1681388657995 6.5132880210876465 54000
1681388658461 1.6540601253509521 54500
1681388658763 0.7638044357299805 55000
1681388659285 2.7705376148223877 55500
1681388659745 3.3492794036865234 56000
1681388660481 4.124751091003418 56500
1681388661204 1.5797359943389893 57000
1681388661656 11.639732360839844 57500
1681388662058 0.4525640606880188 58000
1681388662831 0.7854400873184204 58500
1681388663592 4.352412700653076 59000
1681388664195 8.494734764099121 59500
1681388664702 1.9129692316055298 60000
1681388665514 5.426190376281738 60500
1681388666314 11.436589241027832 61000
1681388667130 6.995901584625244 61500
1681388667840 1.963396430015564 62000
1681388668349 0.3951088488101959 62500
1681388668824 48.32316589355469 63000
1681388669168 4.496028900146484 63500
1681388669928 1.1928434371948242 64000
1681388670196 2.814239501953125 64500
1681388670730 1.6733977794647217 65000
1681388671231 5.036986351013184 65500
1681388671880 12.350038528442383 66000
1681388672516 5.533686637878418 66500
1681388673202 0.3461694121360779 67000
1681388673900 2.655400514602661 67500
1681388674460 1.6938915252685547 68000
1681388675042 74.81221771240234 68500
1681388675373 14.44086742401123 69000
1681388676089 6.076540946960449 69500
1681388676950 12.73817253112793 70000
1681388677331 1.2771352529525757 70500
1681388677908 51.750144958496094 71000
1681388678181 27.81308937072754 71500
1681388678458 51.132347106933594 72000
1681388678768 40.66128158569336 72500
1681388679025 4.089959621429443 73000
1681388679283 1.3455497026443481 73500
1681388679759 1.3565747737884521 74000
1681388680090 0.8799161911010742 74500
1681388680318 1.010825753211975 75000
1681388680563 2.7546465396881104 75500
1681388680791 4098.06494140625 76000
1681388680971 7.7873077392578125 76500
1681388681167 1.761481523513794 77000
1681388681393 0.6055058836936951 77500
1681388681629 10958.2919921875 78000
1681388681818 9.621182441711426 78500
1681388681992 3.1709561347961426 79000
1681388682164 0.9383387565612793 79500
1681388682338 2.3076632022857666 80000
1681388682517 18.520278930664062 80500
1681388682698 3.886859178543091 81000
1681388682877 2.931055784225464 81500
1681388683056 1.3120049238204956 82000
1681388683232 422.48199462890625 82500
1681388683399 2.5921642780303955 83000
1681388683569 2.5758118629455566 83500
1681388683743 1.5001083612442017 84000
1681388683912 6.624726295471191 84500
1681388684081 1.743772268295288 85000
1681388684242 105.64460754394531 85500
1681388684410 9.085787773132324 86000
1681388684575 16.47809410095215 86500
1681388684745 588.5853271484375 87000
1681388684904 2396.546630859375 87500
1681388685066 33.738059997558594 88000
1681388685224 23.086021423339844 88500
1681388685387 13.522865295410156 89000
1681388685550 35.21943283081055 89500
1681388685720 0.6748396158218384 90000
1681388685912 19.114795684814453 90500
1681388686134 0.5911036133766174 91000
1681388686485 0.805954098701477 91500
1681388686839 1.91497802734375 92000
1681388687470 4.395510673522949 92500
1681388687873 7.124603271484375 93000
1681388688501 0.4004046320915222 93500
1681388688909 1.2558786869049072 94000
1681388689601 2.973355770111084 94500
1681388690046 1.9833462238311768 95000
1681388690933 1.6909914016723633 95500
1681388691407 1.2534446716308594 96000
1681388691950 4.603853702545166 96500
1681388692337 5.7491135597229 97000
1681388693264 2.8877739906311035 97500
1681388693722 0.5114704966545105 98000
1681388694306 3.3905787467956543 98500
1681388694653 3.661517381668091 99000
1681388695491 0.8068896532058716 99500
1681388695970 3.5557758808135986 100000
1681388696716 6.641502380371094 100500
1681388697125 2.359372615814209 101000
1681388697658 1.479761004447937 101500
1681388697980 7.498133659362793 102000
1681388698419 1.9114497900009155 102500
1681388698768 8.08133316040039 103000
1681388699678 6.2086663246154785 103500
1681388700325 5.425106048583984 104000
1681388701056 4.836474418640137 104500
1681388701485 1.0464091300964355 105000
1681388702364 0.5715907216072083 105500
1681388702827 16.17743682861328 106000
1681388703526 0.912399172782898 106500
1681388703958 12.38915729522705 107000
1681388704704 1.3636832237243652 107500
1681388705143 2.057105541229248 108000
1681388705756 4.444859027862549 108500
1681388706154 0.39075976610183716 109000
1681388706837 4.226856231689453 109500
1681388707229 5.288036823272705 110000
1681388708071 3.058509588241577 110500
1681388708562 3.842815399169922 111000
1681388709025 0.3207234740257263 111500
1681388709575 1.4987218379974365 112000
1681388709978 18.72022819519043 112500
1681388710355 0.9253118634223938 113000
1681388711572 10.70989990234375 113500
1681388711917 2.5261619091033936 114000
1681388712521 1.5509235858917236 114500
1681388713026 6.772332668304443 115000
1681388713531 3.4129281044006348 115500
1681388714000 76.87538146972656 116000
1681388714301 2.2495739459991455 116500
1681388714558 52.940391540527344 117000
1681388714905 28.18499755859375 117500
1681388715326 811.7021484375 118000
1681388715639 8.078679084777832 118500
1681388716312 8.842388153076172 119000
1681388716562 12.387224197387695 119500
1681388716938 9.697471618652344 120000
1681388717436 7.414639472961426 120500
1681388717969 4.3786749839782715 121000
1681388718745 21.208505630493164 121500
1681388719302 2.370492458343506 122000
1681388720126 23.970870971679688 122500
1681388720386 3.8610050678253174 123000
1681388720964 0.7371624708175659 123500
1681388721375 2.9756133556365967 124000
1681388721716 1.6269315481185913 124500
1681388721998 182.74612426757812 125000
1681388722373 0.5296054482460022 125500
1681388722621 23.097463607788086 126000
1681388722894 107.22200775146484 126500
1681388723112 12.311647415161133 127000
1681388723365 819.8112182617188 127500
1681388723605 27.225154876708984 128000
1681388724138 8.999563217163086 128500
1681388725060 1.0386372804641724 129000
1681388725464 1.4536292552947998 129500
1681388725929 5.6108598709106445 130000
1681388726376 7.953389644622803 130500
1681388726902 0.5822175741195679 131000
1681388727357 0.7792626619338989 131500
1681388727751 4.143496513366699 132000
1681388728200 43.625057220458984 132500
1681388728438 0.20423480868339539 133000
1681388729030 0.1453738957643509 133500
1681388729496 0.22660422325134277 134000
1681388730372 0.09220802783966064 134500
1681388731093 2.008206367492676 135000
1681388731324 0.4005236029624939 135500
1681388731886 36.19322967529297 136000
1681388732315 5.265473365783691 136500
1681388733225 0.9953655004501343 137000
1681388733851 0.3831053376197815 137500
1681388734769 0.9984251260757446 138000
1681388735368 0.44798994064331055 138500
1681388736087 0.4716218411922455 139000
1681388736489 0.40600767731666565 139500
1681388737012 0.7559159994125366 140000
1681388737515 0.5069237351417542 140500
1681388737806 1.4796404838562012 141000
1681388738167 0.0009013971430249512 141500
1681388738377 26.931467056274414 142000
1681388738574 4.705915451049805 142500
1681388738949 0.023990141227841377 143000
1681388739215 18.478849411010742 143500
1681388739387 87.58858489990234 144000
1681388739596 2.9740099906921387 144500
1681388739808 54.90973663330078 145000
1681388739990 44.46392822265625 145500
1681388740164 0.8557221293449402 146000
1681388740347 52.5159797668457 146500
1681388740529 7.818376064300537 147000
1681388740706 1.08085036277771 147500
1681388740877 19.750247955322266 148000
1681388741049 33.69886016845703 148500
1681388741228 2.742049217224121 149000
1681388741405 9.819500923156738 149500
1681388741583 1540.8648681640625 150000
1681388741774 10.293667793273926 150500
1681388741947 14.893335342407227 151000
1681388742121 5.266332149505615 151500
1681388742293 2099.89501953125 152000
1681388742488 35.3349494934082 152500
1681388742657 46.23546600341797 153000
1681388742824 686.85498046875 153500
1681388742992 1.2741899490356445 154000
1681388743160 21.558887481689453 154500
1681388743329 2.680734157562256 155000
1681388743494 0.6597606539726257 155500
1681388743657 21.99020767211914 156000
1681388743822 16.86212730407715 156500
1681388743986 35.45075607299805 157000
1681388744151 9.850679397583008 157500
1681388744315 509.21856689453125 158000
1681388744481 47.3782958984375 158500
1681388744653 0.24956491589546204 159000
1681388744820 55.36003494262695 159500
1681388744989 3.333533525466919 160000
1681388745163 14.743782043457031 160500
1681388745330 839.1326904296875 161000
1681388745495 494.66766357421875 161500
1681388745658 5.61298131942749 162000
1681388745819 5.5046067237854 162500
1681388745982 1.8575193881988525 163000
1681388746146 212.25634765625 163500
1681388746311 2.17901873588562 164000
1681388746469 61.6938591003418 164500
1681388746627 4.972944736480713 165000
1681388746782 4.098441123962402 165500
1681388746938 9.997187614440918 166000
1681388747096 6.05788516998291 166500
1681388747251 17.568998336791992 167000
1681388747415 0.9336431622505188 167500
1681388747564 14.27482795715332 168000
1681388747717 0.07969179004430771 168500
1681388747869 3.948004961013794 169000
1681388748021 0.09656225144863129 169500
1681388748171 0.07146423310041428 170000
1681388748327 123.06900787353516 170500
1681388748484 0.7165268063545227 171000
1681388748636 135.45545959472656 171500
1681388748785 38.47853469848633 172000
1681388748943 0.5072320699691772 172500
1681388749108 541.0833740234375 173000
1681388749261 0.06156212091445923 173500
1681388749416 450.7129821777344 174000
1681388749567 23.016878128051758 174500
1681388749730 37.43141555786133 175000
1681388749893 8.340898513793945 175500
1681388750049 3.7262871265411377 176000
1681388750238 458.84503173828125 176500
1681388750425 0.24314150214195251 177000
1681388750880 0.43128448724746704 177500
1681388751077 1.0380010604858398 178000
1681388751271 10.491284370422363 178500
1681388751552 17.97494125366211 179000
1681388752364 3.14465594291687 179500
1681388752644 12.204957962036133 180000
1681388752900 4.550959587097168 180500
1681388753369 0.6689269542694092 181000
1681388753592 0.8153337240219116 181500
1681388753867 1.6967805624008179 182000
1681388754532 2.302798271179199 182500
1681388754921 1.495110034942627 183000
1681388755516 9.26853084564209 183500
1681388755762 4.563600540161133 184000
1681388756065 3.5655834674835205 184500
1681388756608 7.914119720458984 185000
1681388757011 6.441114902496338 185500
1681388757305 0.5169578194618225 186000
1681388757820 0.7917941212654114 186500
1681388758127 1.2981812953948975 187000
1681388758485 3.5394904613494873 187500
1681388759003 12.875238418579102 188000
1681388759442 0.027761343866586685 188500
1681388759803 1.433985710144043 189000
1681388760768 1.6334680318832397 189500
1681388761245 0.17966005206108093 190000
1681388761857 0.8398674130439758 190500
1681388762183 2.023886203765869 191000
1681388762603 4.428606986999512 191500
1681388762939 327.3863830566406 192000
1681388763503 0.265413761138916 192500
1681388763891 0.4519510269165039 193000
1681388764746 7.743166923522949 193500
1681388765158 2.4255943298339844 194000
1681388765949 1.441946268081665 194500
1681388766368 0.328696608543396 195000
1681388767245 1.1939592361450195 195500
1681388767664 2.227471113204956 196000
1681388768198 1.0939292907714844 196500
1681388768541 2.9487061500549316 197000
1681388769019 3.9634597301483154 197500
1681388769365 5.327984809875488 198000
1681388770284 2.9494621753692627 198500
1681388770681 17.769983291625977 199000
1681388771171 4.563599109649658 199500
1681388772197 22.298870086669922 200000
1681388772589 2.072878360748291 200500
1681388773332 6.958690643310547 201000
1681388773726 5.568120002746582 201500
1681388774435 6.973757266998291 202000
1681388774697 11.449090957641602 202500
1681388775062 3.8349552154541016 203000
1681388775719 2.1900100708007812 203500
1681388776307 0.9724587202072144 204000
1681388777231 2.6282737255096436 204500
1681388777874 3.789907932281494 205000
1681388778235 1.6406679153442383 205500
1681388778790 0.003776314901188016 206000
1681388779044 1.0034679174423218 206500
1681388779624 14.130139350891113 207000
1681388780389 0.037403661757707596 207500
1681388780697 0.6537638902664185 208000
1681388781124 0.24135132133960724 208500
1681388781729 3.1429529190063477 209000
1681388782394 1.901789665222168 209500
1681388783251 1.818371057510376 210000
1681388783860 1.8871873617172241 210500
1681388784113 1.4559603929519653 211000
1681388784799 2.2462148666381836 211500
1681388785278 144.6978759765625 212000
1681388785659 3.74599027633667 212500
1681388785999 3.7627456188201904 213000
1681388786250 42.17510223388672 213500
1681388786521 7.823724269866943 214000
1681388786791 3.0384745597839355 214500
1681388787105 71.48431396484375 215000
1681388787399 0.7837846875190735 215500
1681388788080 2.385892391204834 216000
1681388788319 0.010560811497271061 216500
1681388788611 19.27317237854004 217000
1681388789047 32.802955627441406 217500
1681388789288 0.1111328974366188 218000
1681388789699 0.8140700459480286 218500
1681388789985 630.5918579101562 219000
1681388790274 3.8458595275878906 219500
1681388790548 0.007065693382173777 220000
1681388790737 14.193873405456543 220500
1681388790987 0.928341269493103 221000
1681388791194 63.75732421875 221500
1681388791379 490.84918212890625 222000
1681388791553 47.07768249511719 222500
1681388791792 8.090714454650879 223000
1681388791988 29.097332000732422 223500
1681388792158 1.908207654953003 224000
1681388792332 10.365711212158203 224500
1681388792531 5.608547687530518 225000
1681388792715 11117.7841796875 225500
1681388792895 0.019634315744042397 226000
1681388793067 88.72576904296875 226500
1681388793239 2545.1533203125 227000
1681388793404 19.455150604248047 227500
1681388793585 14.90416145324707 228000
1681388793753 7.423786163330078 228500
1681388793921 11.501096725463867 229000
1681388794090 13.112828254699707 229500
1681388794302 0.1397177278995514 230000
1681388794484 246.4541473388672 230500
1681388794653 0.05774053931236267 231000
1681388794820 176.10659790039062 231500
1681388794988 6358.37939453125 232000
1681388795158 5.709310054779053 232500
1681388795323 3.573268413543701 233000
1681388795491 1.635845422744751 233500
1681388795657 14.947227478027344 234000
1681388795824 12.436744689941406 234500
1681388795991 151.1480255126953 235000
1681388796157 59.38298797607422 235500
1681388796332 24.321659088134766 236000
1681388796505 3.446903705596924 236500
1681388796683 4.786509990692139 237000
1681388796850 4.763561248779297 237500
1681388797019 4.39664363861084 238000
1681388797182 19.113452911376953 238500
1681388797348 105.65556335449219 239000
1681388797514 2.9192240238189697 239500
1681388797681 0.1898074448108673 240000
1681388797850 1.057448148727417 240500
1681388798017 151.31796264648438 241000
1681388798187 4.958880424499512 241500
1681388798356 0.8427696228027344 242000
1681388798521 2.0323574542999268 242500
1681388798687 2915.111572265625 243000
1681388798852 4.201335906982422 243500
1681388799020 35.4782829284668 244000
1681388799185 1.7999035120010376 244500
1681388799351 4.129276275634766 245000
1681388799518 12.582261085510254 245500
1681388799680 9.428092956542969 246000
1681388799845 4.938761234283447 246500
1681388800008 0.3768840730190277 247000
1681388800170 26.06638526916504 247500
1681388800334 1.5741891860961914 248000
1681388800493 5.806752681732178 248500
1681388800652 1.2921509742736816 249000
1681388800811 20.568561553955078 249500
1681388800968 5.993678569793701 250000
1681388801124 0.5571462512016296 250500
1681388801280 3.676194429397583 251000
1681388801432 6.383204936981201 251500
1681388801588 23.018423080444336 252000
1681388801738 0.8606675863265991 252500
1681388801889 50.915748596191406 253000
1681388802038 5.042138576507568 253500
1681388802194 5.156411170959473 254000
1681388802344 3.5685524940490723 254500
1681388802493 0.16869644820690155 255000
1681388802640 10.679399490356445 255500
1681388802791 9.416686058044434 256000
1681388802945 34.359127044677734 256500
1681388803095 0.7997572422027588 257000
1681388803245 7.506955146789551 257500
1681388803396 0.007291280664503574 258000
1681388803550 0.2653960883617401 258500
1681388803704 39.018959045410156 259000
1681388803861 1.7735977172851562 259500
1681388804023 2.0614097118377686 260000
1681388804185 2.0463035106658936 260500
1681388804348 0.22459165751934052 261000
1681388804509 1.7004019021987915 261500
1681388804669 17.245384216308594 262000
1681388804828 9.418338775634766 262500
1681388804988 5.740787506103516 263000
1681388805146 0.6391907930374146 263500
1681388805305 3.460434675216675 264000
1681388805457 9.430116653442383 264500
1681388805611 0.47104915976524353 265000
1681388805766 31.468820571899414 265500
1681388805917 3.5676028728485107 266000
1681388806071 4.737292766571045 266500
1681388806227 0.9470020532608032 267000
1681388806386 365.291748046875 267500
1681388806542 10.762869834899902 268000
1681388806701 4.866086483001709 268500
1681388806861 0.4515409469604492 269000
1681388807018 2.302733898162842 269500
1681388807173 2.302215099334717 270000
1681388807333 1.4601131677627563 270500
1681388807498 0.1873171031475067 271000
1681388807659 3.1556994915008545 271500
1681388807816 3.950829267501831 272000
1681388807974 0.15838484466075897 272500
1681388808133 0.45730432868003845 273000
1681388808297 1.649354338645935 273500
1681388808468 0.1682325303554535 274000
1681388808624 0.021772092208266258 274500
1681388808783 1.6672046184539795 275000
1681388808937 0.4367542266845703 275500
1681388809090 9.731969833374023 276000
1681388809243 9.549697875976562 276500
1681388809399 0.034175317734479904 277000
1681388809554 0.3176887631416321 277500
1681388809710 25.049278259277344 278000
1681388809875 0.17620344460010529 278500
1681388810061 6.885185241699219 279000
1681388810337 118.85501861572266 279500
1681388810520 0.43255919218063354 280000
1681388810698 0.8476861715316772 280500
1681388810860 31.675018310546875 281000
1681388811021 4.125353813171387 281500
1681388811184 2.207489252090454 282000
1681388811342 2.8676772117614746 282500
1681388811507 14.704569816589355 283000
1681388811665 8.28602409362793 283500
1681388811825 0.26231566071510315 284000
1681388811985 0.7130906581878662 284500
1681388812145 16.1146183013916 285000
1681388812306 0.6280746459960938 285500
1681388812464 3.6997361183166504 286000
1681388812626 0.030954936519265175 286500
1681388812780 0.09974191337823868 287000
1681388812929 1.643697738647461 287500
1681388813082 0.6176986694335938 288000
1681388813235 0.01761326752603054 288500
1681388813388 1.548113226890564 289000
1681388813548 0.19313958287239075 289500
1681388813708 0.33616718649864197 290000
1681388813899 3.384669780731201 290500
1681388814070 10.583361625671387 291000
1681388814246 6.099959373474121 291500
1681388814417 5.648877143859863 292000
1681388814604 16.650394439697266 292500
1681388814785 0.6545163989067078 293000
1681388814990 1.0897088050842285 293500
1681388815185 1.4170763492584229 294000
1681388815401 2.706728458404541 294500
1681388815604 2.586430072784424 295000
1681388815807 1.5228900909423828 295500
1681388816048 4.0834174156188965 296000
1681388816470 10.494742393493652 296500
1681388817079 12.810905456542969 297000
1681388817684 6.395066261291504 297500
1681388818634 1.58106529712677 298000
1681388819048 1.314026117324829 298500
1681388819613 1.2298238277435303 299000
1681388820179 0.9743989706039429 299500
1681388821178 1.6004995107650757 300000
