1681549354438 -1.3860793113708496 500
1681549354631 -1.3821163177490234 1000
1681549354811 -1.3567540645599365 1500
1681549355162 -1.317266583442688 2000
1681549355666 -1.1067001819610596 2500
1681549355869 -1.2089402675628662 3000
1681549356079 -0.9966837167739868 3500
1681549356404 -1.2494544982910156 4000
1681549356629 -0.7715541124343872 4500
1681549356837 -0.868698239326477 5000
1681549357049 -0.779415488243103 5500
1681549357266 -0.8593694567680359 6000
1681549357513 -0.7274845838546753 6500
1681549357755 -0.9111668467521667 7000
1681549357991 -0.8564437627792358 7500
1681549358200 -0.6957345008850098 8000
1681549358420 -1.0357069969177246 8500
1681549358668 -0.7990074157714844 9000
1681549358872 -0.20770534873008728 9500
1681549359121 -0.7714621424674988 10000
