1681549354438 -0.0021611452102661133 500
1681549354632 -0.05727088451385498 1000
1681549354812 -0.004450082778930664 1500
1681549355162 -0.10178506374359131 2000
1681549355666 0.01781672239303589 2500
1681549355870 -0.005999088287353516 3000
1681549356079 0.002018570899963379 3500
1681549356405 0.03682100772857666 4000
1681549356630 0.12146538496017456 4500
1681549356837 -0.14501237869262695 5000
1681549357050 0.003316342830657959 5500
1681549357267 -0.024158716201782227 6000
1681549357514 -0.0008667707443237305 6500
1681549357756 0.0011693835258483887 7000
1681549357991 0.03681284189224243 7500
1681549358200 -0.03374683856964111 8000
1681549358421 0.03681790828704834 8500
1681549358669 -0.2757117748260498 9000
1681549358872 -0.04025280475616455 9500
1681549359122 -0.06999945640563965 10000
