1681549354439 0.0007 500
1681549354632 0.0007 1000
1681549354812 0.0007 1500
1681549355162 0.0007 2000
1681549355667 0.0007 2500
1681549355870 0.0007 3000
1681549356080 0.0007 3500
1681549356405 0.0007 4000
1681549356630 0.0007 4500
1681549356838 0.0007 5000
1681549357050 0.0007 5500
1681549357267 0.0007 6000
1681549357514 0.0007 6500
1681549357756 0.0007 7000
1681549357992 0.0007 7500
1681549358201 0.0007 8000
1681549358421 0.0007 8500
1681549358669 0.0007 9000
1681549358873 0.0007 9500
1681549359122 0.0007 10000
