1681549354439 99.0 500
1681549354633 199.0 1000
1681549354813 299.0 1500
1681549355163 399.0 2000
1681549355667 499.0 2500
1681549355871 599.0 3000
1681549356080 699.0 3500
1681549356405 799.0 4000
1681549356631 899.0 4500
1681549356838 999.0 5000
1681549357051 1099.0 5500
1681549357267 1199.0 6000
1681549357514 1299.0 6500
1681549357756 1399.0 7000
1681549357992 1499.0 7500
1681549358201 1599.0 8000
1681549358422 1699.0 8500
1681549358670 1799.0 9000
1681549358873 1899.0 9500
1681549359122 1999.0 10000
