1681549354440 -4.966709136962891 500
1681549354633 1.9126218557357788 1000
1681549354813 -1.441092610359192 1500
1681549355163 10.761015892028809 2000
1681549355668 -1.847363829612732 2500
1681549355871 -12.616339683532715 3000
1681549356081 5.400694370269775 3500
1681549356406 2.6461071968078613 4000
1681549356631 -2.087272882461548 4500
1681549356839 9.371302604675293 5000
1681549357051 -8.895269393920898 5500
1681549357268 6.392548561096191 6000
1681549357515 -8.289178848266602 6500
1681549357757 -18.155513763427734 7000
1681549357992 -3.818087339401245 7500
1681549358202 -0.7584093809127808 8000
1681549358422 -2.365535259246826 8500
1681549358670 2.688607692718506 9000
1681549358874 0.13915324211120605 9500
1681549359123 7.654256343841553 10000
