1681549354440 17.170591354370117 500
1681549354634 2.317366123199463 1000
1681549354814 1.6034917831420898 1500
1681549355164 69.50677490234375 2000
1681549355668 4.769723415374756 2500
1681549355872 169.06585693359375 3000
1681549356081 25.566015243530273 3500
1681549356406 4.384446620941162 4000
1681549356632 7.555844306945801 4500
1681549356839 329.787841796875 5000
1681549357051 36.683631896972656 5500
1681549357268 210.44796752929688 6000
1681549357515 93.99053955078125 6500
1681549357757 141.1327362060547 7000
1681549357993 33.104469299316406 7500
1681549358202 2.1604228019714355 8000
1681549358422 12.683450698852539 8500
1681549358671 19.32220458984375 9000
1681549358874 10.036344528198242 9500
1681549359123 157.9961700439453 10000
