1681136112015 -1.1062500476837158 500
1681136112220 -0.9760972857475281 1000
1681136112392 -0.8947056531906128 1500
1681136112577 -1.2888740301132202 2000
1681136112755 -1.2693711519241333 2500
1681136112935 -0.914594829082489 3000
1681136113108 -0.8109687566757202 3500
1681136113282 -0.8145440220832825 4000
1681136113457 -0.8448944091796875 4500
1681136113641 -0.9405563473701477 5000
1681136113842 -0.8808938264846802 5500
1681136114031 -0.9890823364257812 6000
1681136114227 -0.5707018971443176 6500
1681136114448 -0.7146567106246948 7000
1681136114660 -0.8088418245315552 7500
1681136114852 -0.7359708547592163 8000
1681136115138 -1.1835832595825195 8500
1681136115646 -0.7700803875923157 9000
1681136115880 -0.8233888745307922 9500
1681136116077 -0.3345456123352051 10000
1681136116346 -0.19721034169197083 10500
1681136116566 -0.6192439198493958 11000
1681136116781 -0.5935710668563843 11500
1681136117025 -0.5025020837783813 12000
1681136117287 -0.7051275968551636 12500
1681136117491 -0.6998305916786194 13000
1681136117725 -0.5737743377685547 13500
1681136117969 -0.702205240726471 14000
1681136118201 -0.6893802285194397 14500
1681136118430 -0.6909242272377014 15000
1681136118634 -0.7062317132949829 15500
1681136118993 -0.09538573026657104 16000
1681136119230 -0.7609239816665649 16500
1681136119464 -0.6038845777511597 17000
1681136119703 -0.614413857460022 17500
1681136119899 -0.6309179067611694 18000
1681136120161 -0.47089090943336487 18500
1681136120399 -0.7339959144592285 19000
1681136120654 -0.6721397638320923 19500
1681136120887 -1.090935468673706 20000
1681136121122 -0.2435762882232666 20500
1681136121376 -0.7653102278709412 21000
1681136121586 -0.6077817678451538 21500
1681136121776 -0.6773311495780945 22000
1681136122006 -0.18397393822669983 22500
1681136122254 -0.3813512921333313 23000
1681136122473 -0.6233493089675903 23500
1681136122727 -0.24373702704906464 24000
1681136122932 -0.03939220681786537 24500
1681136123132 -0.13040022552013397 25000
1681136123324 -0.6187354326248169 25500
1681136123516 -0.5451045036315918 26000
1681136123700 -0.0365702286362648 26500
1681136123891 -0.5810353755950928 27000
1681136124071 -0.30117541551589966 27500
1681136124264 -0.9776511192321777 28000
1681136124456 -0.6872200965881348 28500
1681136124637 -0.5613263845443726 29000
1681136124828 -0.3028009831905365 29500
1681136125034 -0.38888826966285706 30000
1681136125226 -0.08027024567127228 30500
1681136125411 -0.6502662897109985 31000
1681136125608 -0.8012086749076843 31500
1681136125821 -0.6243740320205688 32000
1681136126011 -0.1417386829853058 32500
1681136126194 -0.6294330954551697 33000
1681136126401 -0.5388913154602051 33500
1681136126583 -0.6704856157302856 34000
1681136126767 -0.06393926590681076 34500
1681136126961 -0.8031891584396362 35000
1681136127164 -0.6587022542953491 35500
1681136127375 -0.6285198330879211 36000
1681136127571 -0.6448743343353271 36500
1681136127763 -0.5713675618171692 37000
1681136127936 -0.5819281339645386 37500
1681136128120 -0.32166925072669983 38000
1681136128304 -0.8773662447929382 38500
1681136128502 -0.5510813593864441 39000
1681136128688 -0.190402552485466 39500
1681136128889 -0.6188656091690063 40000
1681136129075 -0.33323538303375244 40500
1681136129255 -0.4738691747188568 41000
1681136129439 -0.49086371064186096 41500
1681136129620 -0.9304014444351196 42000
1681136129834 -0.6377092599868774 42500
1681136130024 -0.5128379464149475 43000
1681136130205 -0.7100311517715454 43500
1681136130388 -0.5515695810317993 44000
1681136130573 -0.6749143600463867 44500
1681136130757 -0.49756017327308655 45000
1681136130935 -0.3624429404735565 45500
1681136131107 -0.09217230975627899 46000
1681136131280 -0.6858736872673035 46500
1681136131452 -0.5601390600204468 47000
1681136131622 -0.8269489407539368 47500
1681136131794 -0.4128551483154297 48000
1681136131968 -0.577359676361084 48500
1681136132140 -0.22582587599754333 49000
1681136132317 -0.3749696612358093 49500
1681136132489 -0.9137978553771973 50000
1681136132655 -0.09112602472305298 50500
1681136132820 -0.5212495923042297 51000
1681136132988 -0.7022261023521423 51500
1681136133155 -0.10828877985477448 52000
1681136133321 -0.7202898263931274 52500
1681136133491 -0.8340851068496704 53000
1681136133664 -1.014908790588379 53500
1681136133940 -0.3553411364555359 54000
1681136134173 -1.0987197160720825 54500
1681136134712 -0.9229186177253723 55000
1681136135139 -0.9846726655960083 55500
1681136135709 -1.2739803791046143 56000
1681136136135 -0.7192541360855103 56500
1681136136897 -0.9834068417549133 57000
1681136137460 -1.0916364192962646 57500
1681136138033 -1.2003614902496338 58000
1681136138476 -1.0320613384246826 58500
1681136139261 -1.0134395360946655 59000
1681136139821 -0.6054438352584839 59500
1681136140365 -0.4904448091983795 60000
1681136140778 -0.6006876826286316 60500
1681136141346 -0.46062126755714417 61000
1681136141731 -0.6523529887199402 61500
1681136142169 -0.8310223817825317 62000
1681136142540 -0.7708485722541809 62500
1681136143155 -0.5202354192733765 63000
1681136143597 -0.594576358795166 63500
1681136144050 -0.7010715007781982 64000
1681136144741 -0.9272400736808777 64500
1681136145328 -0.6523035168647766 65000
1681136145615 -0.910235583782196 65500
1681136145845 -0.6421096920967102 66000
1681136146029 -0.32673394680023193 66500
1681136146220 -0.464078426361084 67000
1681136146400 -0.4212307035923004 67500
1681136146577 -0.9499581456184387 68000
1681136146752 -0.6003962755203247 68500
1681136146923 -0.8169971704483032 69000
1681136147099 -0.7117211222648621 69500
1681136147273 -0.800046443939209 70000
1681136147449 -0.7889246940612793 70500
1681136147624 -0.34631094336509705 71000
1681136147806 -0.739172101020813 71500
1681136147980 -0.005419343244284391 72000
1681136148153 -0.8283437490463257 72500
1681136148323 -0.4629806876182556 73000
1681136148494 -0.4986739754676819 73500
1681136148662 -0.3917221426963806 74000
1681136148839 -0.4571515917778015 74500
1681136149023 -0.8215653300285339 75000
1681136149200 -0.7396053075790405 75500
1681136149380 -0.5270607471466064 76000
1681136149660 -0.8917089700698853 76500
1681136149939 -0.798418402671814 77000
1681136150754 -0.6174894571304321 77500
1681136151508 -0.8899809718132019 78000
1681136151989 -0.4564458727836609 78500
1681136152405 -0.6042757630348206 79000
1681136153023 -0.9336335062980652 79500
1681136153669 -0.8709065318107605 80000
1681136154288 -0.4399990439414978 80500
1681136154881 -0.3780997395515442 81000
1681136155586 -0.9331076741218567 81500
1681136156245 -0.8408754467964172 82000
1681136156955 -0.6447967886924744 82500
1681136157540 -0.4389092028141022 83000
1681136158007 -0.8560096025466919 83500
1681136158422 -0.9180471301078796 84000
1681136158970 -0.9335551261901855 84500
1681136159408 -0.7174358367919922 85000
1681136159942 -0.871569812297821 85500
1681136160346 -0.880511462688446 86000
1681136160936 -0.7157928943634033 86500
1681136161431 -1.0112817287445068 87000
1681136162140 -0.6967930197715759 87500
1681136162824 -0.41161125898361206 88000
1681136163434 -0.524058997631073 88500
1681136163971 -0.3684443235397339 89000
1681136164456 -0.33004230260849 89500
1681136164795 -1.0629022121429443 90000
1681136165603 -0.6640440821647644 90500
1681136165975 -0.3108740448951721 91000
1681136166332 -3.581623241188936e-05 91500
1681136166599 -0.3592517375946045 92000
1681136166846 -0.5454527735710144 92500
1681136167269 -0.6756386160850525 93000
1681136168339 -0.4371258318424225 93500
1681136168607 -0.2668180465698242 94000
1681136169020 -0.7679263353347778 94500
1681136169629 -0.3023875951766968 95000
1681136169965 -0.7853585481643677 95500
1681136170436 -0.8040653467178345 96000
1681136170970 -0.30968335270881653 96500
1681136171235 -0.3437081277370453 97000
1681136171766 -0.3587588369846344 97500
1681136172110 -0.00042487462633289397 98000
1681136172417 -0.4188478887081146 98500
1681136173299 -0.6916219592094421 99000
1681136173758 -0.3924623131752014 99500
1681136174166 -0.5663110017776489 100000
1681136175080 -0.8819147348403931 100500
1681136175487 -0.7604490518569946 101000
1681136176357 -0.255839079618454 101500
1681136176590 -0.7062152624130249 102000
1681136177053 -0.4891829490661621 102500
1681136177352 -0.4419729709625244 103000
1681136177698 -0.042123764753341675 103500
1681136177919 -0.0990731492638588 104000
1681136178137 -0.21055355668067932 104500
1681136178560 -0.16005678474903107 105000
1681136179255 -4.813292520111645e-08 105500
1681136179470 -0.1640167087316513 106000
1681136179687 -0.47590556740760803 106500
1681136180004 -0.1616760790348053 107000
1681136180257 -0.053785551339387894 107500
1681136180481 -0.004753321409225464 108000
1681136180694 -0.8460277318954468 108500
1681136180882 -0.15698865056037903 109000
1681136181074 -0.4570918083190918 109500
1681136181258 -0.6547666788101196 110000
1681136181456 -0.3854917585849762 110500
1681136181634 -0.4857390522956848 111000
1681136181813 -0.3601234257221222 111500
1681136181999 -0.3900548815727234 112000
1681136182180 -0.6532689929008484 112500
1681136182363 -0.3923856019973755 113000
1681136182543 -0.5063827037811279 113500
1681136182720 -0.4890004098415375 114000
1681136182902 -0.37536919116973877 114500
1681136183082 -0.6318285465240479 115000
1681136183274 -0.11865870654582977 115500
1681136183457 -4.7419732140951965e-08 116000
1681136183634 -0.48916929960250854 116500
1681136183811 -0.530386209487915 117000
1681136183990 -0.4645455479621887 117500
1681136184166 -3.7007772846209264e-08 118000
1681136184342 -0.4762892723083496 118500
1681136184516 -0.6054813265800476 119000
1681136184689 -0.5536326169967651 119500
1681136184868 -0.7277801632881165 120000
1681136185049 -0.567017674446106 120500
1681136185223 -0.5726497769355774 121000
1681136185392 -0.6504295468330383 121500
1681136185565 -0.566787600517273 122000
1681136185738 -0.7919531464576721 122500
1681136185916 -0.5340220332145691 123000
1681136186116 -0.24089381098747253 123500
1681136186324 -0.5830512046813965 124000
1681136186487 -0.4256187081336975 124500
1681136186647 -0.0028151997830718756 125000
1681136186809 -0.2479821890592575 125500
1681136186967 -0.9821187853813171 126000
1681136187127 -0.0005943616852164268 126500
1681136187291 -0.21523909270763397 127000
1681136187457 -0.42819055914878845 127500
1681136187662 -0.6273511648178101 128000
1681136187823 -0.003919779323041439 128500
1681136187986 -0.9629032015800476 129000
1681136188152 -0.003094325540587306 129500
1681136188315 -0.5640864372253418 130000
1681136188480 -0.35973867774009705 130500
1681136188645 -0.13935090601444244 131000
1681136188809 -0.45183315873146057 131500
1681136188983 -0.7854124307632446 132000
1681136189146 -0.3249920904636383 132500
1681136189311 -0.15938441455364227 133000
1681136189477 -0.5090391039848328 133500
1681136189647 -0.599966287612915 134000
1681136189827 -0.47498369216918945 134500
1681136190027 -0.1541198492050171 135000
1681136190208 -0.9805595278739929 135500
1681136190386 -0.0016311823856085539 136000
1681136190576 -0.6384055018424988 136500
1681136190758 -0.5834386348724365 137000
1681136190960 -0.47083577513694763 137500
1681136191154 -0.8220698237419128 138000
1681136191395 -0.5231491327285767 138500
1681136191615 -0.14665181934833527 139000
1681136191821 -0.6556126475334167 139500
1681136192076 -0.7247568964958191 140000
1681136192363 -0.5154573917388916 140500
1681136192626 -0.5624257326126099 141000
1681136193069 -0.6265344023704529 141500
1681136193680 -0.8008588552474976 142000
1681136193984 -0.8173591494560242 142500
1681136194710 -0.709159791469574 143000
1681136195432 -0.5561220049858093 143500
1681136195832 -0.43496569991111755 144000
1681136196199 -0.41277599334716797 144500
1681136196596 -0.6132289171218872 145000
1681136197137 -0.7469165325164795 145500
1681136197980 -0.3524518609046936 146000
1681136198499 -0.4930606782436371 146500
1681136199267 -0.46847018599510193 147000
1681136199785 -0.5688278675079346 147500
1681136200511 -0.5843537449836731 148000
1681136200877 -0.7240274548530579 148500
1681136201307 -0.43466100096702576 149000
1681136201682 -0.4928540289402008 149500
1681136202136 -0.6028574109077454 150000
1681136202519 -0.4896560609340668 150500
1681136202996 -0.6966751217842102 151000
1681136203410 -0.6676784157752991 151500
1681136203882 -0.29575759172439575 152000
1681136204419 -0.22625026106834412 152500
1681136205237 -0.35594475269317627 153000
1681136205677 -0.5038658976554871 153500
1681136206166 -0.47884225845336914 154000
1681136206747 -0.5017673969268799 154500
1681136207718 -0.5458511114120483 155000
1681136208199 -0.5414921045303345 155500
1681136208830 -0.23666222393512726 156000
1681136209221 -0.5074279308319092 156500
1681136209795 -0.39060667157173157 157000
1681136210299 -0.5635797381401062 157500
1681136210795 -0.3757031559944153 158000
1681136211132 -0.6782235503196716 158500
1681136211515 -0.8074600100517273 159000
1681136212078 -0.49893155694007874 159500
1681136212872 -0.5507944822311401 160000
1681136213384 -0.5668118000030518 160500
1681136214208 -0.2884458303451538 161000
1681136214605 -0.373250812292099 161500
1681136215094 -0.3369573652744293 162000
1681136215578 -0.4415711760520935 162500
1681136216193 -0.5452640652656555 163000
1681136216621 -0.27354198694229126 163500
1681136217224 -0.3155723512172699 164000
1681136217660 -0.5933156609535217 164500
1681136218355 -0.4099920690059662 165000
1681136218797 -0.761677086353302 165500
1681136219412 -0.32970237731933594 166000
1681136219810 -0.33382394909858704 166500
1681136220315 -0.2197679728269577 167000
1681136220800 -0.5011091232299805 167500
1681136221652 -0.43509578704833984 168000
1681136222224 -0.5761052370071411 168500
1681136223167 -0.6181647777557373 169000
1681136223733 -0.44889435172080994 169500
1681136224482 -0.5487013459205627 170000
1681136224976 -0.25574401021003723 170500
1681136225614 -0.24611012637615204 171000
1681136226068 -0.44957607984542847 171500
1681136226648 -0.33554863929748535 172000
1681136227208 -0.555400550365448 172500
1681136227871 -0.31596094369888306 173000
1681136228521 -0.4375847280025482 173500
1681136229509 -0.31646105647087097 174000
1681136229999 -0.46108007431030273 174500
1681136230736 -0.33623501658439636 175000
1681136231026 -0.2885850965976715 175500
1681136231572 -0.0489719919860363 176000
1681136231975 -0.6157046556472778 176500
1681136233033 -0.3630724847316742 177000
1681136233509 -0.25020086765289307 177500
1681136233917 -0.30805733799934387 178000
1681136234847 -0.6406925320625305 178500
1681136235232 -0.33170413970947266 179000
1681136235582 -0.21498063206672668 179500
1681136236207 -0.6295511722564697 180000
1681136236584 -0.2594519257545471 180500
1681136237415 -0.5583375692367554 181000
1681136237859 -0.3357716202735901 181500
1681136238116 -0.2709464728832245 182000
1681136238402 -0.42911800742149353 182500
1681136238704 -0.3996121287345886 183000
1681136239534 -0.30859047174453735 183500
1681136239976 -0.27879494428634644 184000
1681136240345 -0.2885867953300476 184500
1681136240716 -0.5348761677742004 185000
1681136241471 -0.2323233187198639 185500
1681136242059 -0.17117755115032196 186000
1681136242840 -0.3611515164375305 186500
1681136243508 -0.7073498964309692 187000
1681136244454 -0.3746800422668457 187500
1681136245110 -0.43325868248939514 188000
1681136245978 -0.5439282655715942 188500
1681136246559 -0.5339571833610535 189000
1681136247241 -0.2988056242465973 189500
1681136247729 -0.6564954519271851 190000
1681136248292 -0.317552775144577 190500
1681136248719 -0.3772260546684265 191000
1681136249017 -0.5620713233947754 191500
1681136249585 -0.2143065631389618 192000
1681136250401 -0.2780594825744629 192500
1681136250949 -0.48143690824508667 193000
1681136251829 -0.5238274335861206 193500
1681136252260 -0.4039541184902191 194000
1681136252822 -0.5853954553604126 194500
1681136253445 -0.5717595219612122 195000
1681136254516 -0.2900417447090149 195500
1681136254989 -0.26469239592552185 196000
1681136255684 -0.5532254576683044 196500
1681136256227 -0.18474224209785461 197000
1681136257093 -0.3620215654373169 197500
1681136257527 -0.19548718631267548 198000
1681136258203 -0.6930862665176392 198500
1681136258732 -0.484707772731781 199000
1681136259638 -0.2855284810066223 199500
1681136259920 -0.3641044497489929 200000
1681136260862 -0.6671922206878662 200500
1681136261504 -0.8007932901382446 201000
1681136262220 -0.552517831325531 201500
1681136262741 -0.2871224284172058 202000
1681136263342 -0.46547847986221313 202500
1681136263762 -0.6036314964294434 203000
1681136264153 -0.5448986887931824 203500
1681136264927 -0.2127702683210373 204000
1681136265365 -0.37435513734817505 204500
1681136266201 -0.2828070819377899 205000
1681136266528 -0.3112432360649109 205500
1681136267498 -0.425507128238678 206000
1681136267883 -0.005878729745745659 206500
1681136268279 -0.42493677139282227 207000
1681136268897 -0.19661839306354523 207500
1681136269305 -0.3449220359325409 208000
1681136270005 -0.009135497733950615 208500
1681136270252 -0.3307175040245056 209000
1681136270603 -0.557601809501648 209500
1681136271456 -0.46165958046913147 210000
1681136271878 -0.30788454413414 210500
1681136272655 -0.15774497389793396 211000
1681136273040 -0.6161474585533142 211500
1681136273323 -0.523022472858429 212000
1681136273684 -0.6187063455581665 212500
1681136274015 -0.03544003516435623 213000
1681136274237 -0.35515540838241577 213500
1681136274560 -0.0822673887014389 214000
1681136274811 -0.0037373483646661043 214500
1681136275122 -0.027469351887702942 215000
1681136275430 -0.2278333604335785 215500
1681136275682 -0.8075067400932312 216000
1681136276112 -0.21534796059131622 216500
1681136276474 -0.4799383282661438 217000
1681136276722 -0.4884527325630188 217500
1681136277024 -0.07164351642131805 218000
1681136277269 -0.6628538370132446 218500
1681136277506 -0.32619598507881165 219000
1681136277772 -0.6913070678710938 219500
1681136278018 -0.4098428785800934 220000
1681136278230 -0.003998259082436562 220500
1681136278478 -0.16735124588012695 221000
1681136278708 -0.3382174074649811 221500
1681136278911 -0.23582319915294647 222000
1681136279176 -0.741141676902771 222500
1681136279455 -0.29524141550064087 223000
1681136279718 -0.5745823979377747 223500
1681136280067 -0.006341806147247553 224000
1681136280339 -2.129192216671072e-05 224500
1681136280612 -3.415968308217998e-08 225000
1681136280888 -0.49838894605636597 225500
1681136281150 -0.1302097886800766 226000
1681136281387 -0.002384643303230405 226500
1681136281627 -0.4078481197357178 227000
1681136281890 -0.29401564598083496 227500
1681136282094 -0.3312407433986664 228000
1681136282295 -0.6609341502189636 228500
1681136282541 -0.18086573481559753 229000
1681136282796 -0.1250426471233368 229500
1681136283012 -0.13343492150306702 230000
1681136283223 -0.06524865329265594 230500
1681136283400 -0.5695460438728333 231000
1681136283581 -0.09678585082292557 231500
1681136283760 -0.292228102684021 232000
1681136283938 -0.036271125078201294 232500
1681136284125 -0.23204579949378967 233000
1681136284314 -0.5209006071090698 233500
1681136284486 -0.534672737121582 234000
1681136284664 -0.2710651755332947 234500
1681136284842 -0.42845702171325684 235000
1681136285020 -0.5056073069572449 235500
1681136285234 -0.6403985023498535 236000
1681136285412 -0.6410990357398987 236500
1681136285594 -0.5189950466156006 237000
1681136285772 -0.27747195959091187 237500
1681136285956 -0.3677326440811157 238000
1681136286129 -0.4233585000038147 238500
1681136286303 -0.2126903235912323 239000
1681136286486 -0.11629067361354828 239500
1681136286696 -0.32559895515441895 240000
1681136286888 -1.1926173328902223e-06 240500
1681136287071 -0.14462187886238098 241000
1681136287249 -0.5731315016746521 241500
1681136287436 -0.5630168914794922 242000
1681136287623 -0.3722909986972809 242500
1681136287812 -0.3927645683288574 243000
1681136288058 -0.4079127907752991 243500
1681136288250 -0.01190273743122816 244000
1681136288439 -0.0001904161472339183 244500
1681136288672 -0.417114794254303 245000
1681136289456 -0.6850264668464661 245500
1681136289889 -0.40869611501693726 246000
1681136290668 -0.002189808990806341 246500
1681136290934 -0.3642255663871765 247000
1681136291403 -0.565654456615448 247500
1681136291924 -0.4704626500606537 248000
1681136292840 -0.4785526394844055 248500
1681136293182 -0.36704152822494507 249000
1681136293603 -0.16780570149421692 249500
1681136294021 -0.3593004643917084 250000
1681136294647 -0.634661853313446 250500
1681136295102 -0.36191651225090027 251000
1681136295911 -0.17716237902641296 251500
1681136296350 -0.279392808675766 252000
1681136297044 -0.22412343323230743 252500
1681136297452 -0.5660949945449829 253000
1681136298063 -0.5395424365997314 253500
1681136298364 -0.32012104988098145 254000
1681136298760 -0.5471063852310181 254500
1681136299136 -0.27572935819625854 255000
1681136299637 -0.2237425148487091 255500
1681136300077 -0.6551644206047058 256000
1681136300648 -0.6271326541900635 256500
1681136300978 -0.48927149176597595 257000
1681136301532 -0.3085440993309021 257500
1681136301994 -0.33353298902511597 258000
1681136302809 -0.5852445363998413 258500
1681136303198 -0.4246070981025696 259000
1681136303760 -0.3169707655906677 259500
1681136304250 -0.3800031542778015 260000
1681136305197 -0.2187073677778244 260500
1681136305590 -0.17651401460170746 261000
1681136306225 -0.3571443557739258 261500
1681136306717 -0.3813561499118805 262000
1681136307674 -0.06533770263195038 262500
1681136308053 -0.5751397013664246 263000
1681136308689 -0.3411675989627838 263500
1681136309122 -0.34855255484580994 264000
1681136309834 -0.2386665791273117 264500
1681136310276 -0.44629257917404175 265000
1681136310926 -0.02495267614722252 265500
1681136311356 -0.16093312203884125 266000
1681136311889 -0.34343647956848145 266500
1681136312282 -0.45435601472854614 267000
1681136312859 -0.19738638401031494 267500
1681136313283 -0.35982754826545715 268000
1681136314089 -0.24628221988677979 268500
1681136314500 -0.4628640115261078 269000
1681136315150 -0.0006724515114910901 269500
1681136315608 -0.31870752573013306 270000
1681136316435 -0.2312587946653366 270500
1681136316818 -0.6395837068557739 271000
1681136317476 -0.48241153359413147 271500
1681136317918 -0.3469621241092682 272000
1681136318716 -0.21153709292411804 272500
1681136319256 -0.34176820516586304 273000
1681136320390 -0.563370406627655 273500
1681136320820 -0.48764365911483765 274000
1681136321466 -0.20608863234519958 274500
1681136321880 -0.3404008746147156 275000
1681136322549 -0.5400157570838928 275500
1681136323006 -0.2603699862957001 276000
1681136323902 -0.30875176191329956 276500
1681136324297 -0.2695990204811096 277000
1681136324981 -0.432488352060318 277500
1681136325428 -0.34112513065338135 278000
1681136326274 -0.3402307629585266 278500
1681136326656 -0.4661232829093933 279000
1681136327260 -0.0009326719446107745 279500
1681136327655 -0.4932112693786621 280000
1681136328395 -0.38672226667404175 280500
1681136328731 -0.539063572883606 281000
1681136329270 -0.350554883480072 281500
1681136329742 -0.5957034230232239 282000
1681136330601 -0.3876165747642517 282500
1681136331073 -0.3690511882305145 283000
1681136331840 -0.1265629678964615 283500
1681136332304 -0.5087670683860779 284000
1681136333131 -0.3519833981990814 284500
1681136333546 -0.12856456637382507 285000
1681136334350 -0.20678265392780304 285500
1681136334719 -0.3280051350593567 286000
1681136335285 -0.2653183341026306 286500
1681136335699 -0.3431403934955597 287000
1681136336185 -0.09729722887277603 287500
1681136336615 -0.5696132779121399 288000
1681136337367 -0.2699275016784668 288500
1681136337811 -0.31320562958717346 289000
1681136338597 -0.3162747025489807 289500
1681136338948 -0.42641204595565796 290000
1681136339505 -0.3848797380924225 290500
1681136339876 -0.13977281749248505 291000
1681136340367 -0.2506575882434845 291500
1681136340759 -0.3214559853076935 292000
1681136341454 -0.5225577354431152 292500
1681136341949 -0.6694931387901306 293000
1681136342662 -0.2357545644044876 293500
1681136343074 -0.28127041459083557 294000
1681136343845 -0.2849290072917938 294500
1681136344333 -0.2545463442802429 295000
1681136345146 -0.37242674827575684 295500
1681136345569 -0.32673755288124084 296000
1681136346276 -0.23330096900463104 296500
1681136346642 -0.34026315808296204 297000
1681136347306 -0.5062695741653442 297500
1681136347695 -0.48370876908302307 298000
1681136348330 -0.2625669836997986 298500
1681136348767 -0.5089802145957947 299000
1681136349558 -0.1858249008655548 299500
1681136349939 -0.32382744550704956 300000
