1681136112016 -0.004682183265686035 500
1681136112221 0.004948019981384277 1000
1681136112393 0.022769451141357422 1500
1681136112578 -0.034728407859802246 2000
1681136112756 -0.00020253658294677734 2500
1681136112935 0.00030606985092163086 3000
1681136113108 -0.00037741661071777344 3500
1681136113282 -0.00012803077697753906 4000
1681136113458 -0.00016498565673828125 4500
1681136113641 -8.630752563476562e-05 5000
1681136113843 0.011746406555175781 5500
1681136114032 0.00027382373809814453 6000
1681136114227 3.4332275390625e-05 6500
1681136114449 1.5497207641601562e-05 7000
1681136114660 -4.0411949157714844e-05 7500
1681136114853 1.9073486328125e-06 8000
1681136115138 -0.09499144554138184 8500
1681136115646 0.19958651065826416 9000
1681136115880 -0.00032591819763183594 9500
1681136116078 -0.0026192665100097656 10000
1681136116346 -0.29718708992004395 10500
1681136116566 0.0033102035522460938 11000
1681136116781 0.0029509663581848145 11500
1681136117026 -0.001494288444519043 12000
1681136117288 -0.003816366195678711 12500
1681136117491 -0.04289591312408447 13000
1681136117725 -0.023485302925109863 13500
1681136117970 -0.013569951057434082 14000
1681136118201 0.005333304405212402 14500
1681136118431 -0.21909618377685547 15000
1681136118635 -0.0009648799896240234 15500
1681136118993 0.016477108001708984 16000
1681136119230 -0.05356431007385254 16500
1681136119465 -0.0455782413482666 17000
1681136119703 -0.02982032299041748 17500
1681136119900 -0.44657886028289795 18000
1681136120161 0.10820579528808594 18500
1681136120400 -0.1721208095550537 19000
1681136120655 -5.623370170593262 19500
1681136120887 -0.25117385387420654 20000
1681136121123 -0.8196327686309814 20500
1681136121376 -0.08047401905059814 21000
1681136121586 -1.1017985343933105 21500
1681136121776 0.9842590745538473 22000
1681136122007 -1.0089802742004395 22500
1681136122254 -0.4010756015777588 23000
1681136122473 -2.2240118980407715 23500
1681136122728 0.00796806812286377 24000
1681136122933 0.3047865629196167 24500
1681136123132 0.22699731588363647 25000
1681136123325 0.3476915955543518 25500
1681136123516 0.5783561170101166 26000
1681136123700 -3.662240982055664 26500
1681136123891 0.06645220518112183 27000
1681136124072 0.8273561745882034 27500
1681136124264 0.8934268727898598 28000
1681136124457 -0.12683022022247314 28500
1681136124637 0.3767133355140686 29000
1681136124828 0.6009441316127777 29500
1681136125035 0.6110900640487671 30000
1681136125226 0.7589807361364365 30500
1681136125412 0.05845457315444946 31000
1681136125608 0.9366942122578621 31500
1681136125821 0.28311461210250854 32000
1681136126011 -93.7005386352539 32500
1681136126195 -0.6501415967941284 33000
1681136126402 -0.07957446575164795 33500
1681136126583 -1.7104566097259521 34000
1681136126767 -0.5367335081100464 34500
1681136126962 0.9032361060380936 35000
1681136127164 0.7898402661085129 35500
1681136127376 0.8842875957489014 36000
1681136127572 0.6543366611003876 36500
1681136127763 0.10978108644485474 37000
1681136127936 -0.035381197929382324 37500
1681136128120 0.156866192817688 38000
1681136128304 0.7558409571647644 38500
1681136128503 0.312780499458313 39000
1681136128688 0.5108737647533417 39500
1681136128889 0.15040576457977295 40000
1681136129076 0.8497422337532043 40500
1681136129255 0.9662242494523525 41000
1681136129439 -10.468966484069824 41500
1681136129620 -1.961496114730835 42000
1681136129834 0.9598913304507732 42500
1681136130025 0.7620990574359894 43000
1681136130206 -1.597881555557251 43500
1681136130389 0.6969487369060516 44000
1681136130574 0.9039367958903313 44500
1681136130758 -0.4546806812286377 45000
1681136130935 -5.295383930206299 45500
1681136131108 0.674109697341919 46000
1681136131280 0.4335901737213135 46500
1681136131452 0.8857701197266579 47000
1681136131623 0.23549717664718628 47500
1681136131795 0.16901397705078125 48000
1681136131969 0.4791727066040039 48500
1681136132140 -1.678556203842163 49000
1681136132318 0.38670164346694946 49500
1681136132489 0.7156208455562592 50000
1681136132656 0.8762803822755814 50500
1681136132821 0.6860142052173615 51000
1681136132988 0.7435933649539948 51500
1681136133156 -3.2543230056762695 52000
1681136133322 -5.498994827270508 52500
1681136133491 -0.4419422149658203 53000
1681136133664 0.3434339761734009 53500
1681136133941 0.06376296281814575 54000
1681136134174 0.26230108737945557 54500
1681136134712 0.5541952550411224 55000
1681136135140 -0.12012171745300293 55500
1681136135710 -0.01697695255279541 56000
1681136136136 -0.08684694766998291 56500
1681136136898 -0.18426930904388428 57000
1681136137460 -1.1174952983856201 57500
1681136138033 -0.9914793968200684 58000
1681136138476 -0.4615823030471802 58500
1681136139261 0.5887044370174408 59000
1681136139821 0.07211488485336304 59500
1681136140366 0.48686689138412476 60000
1681136140779 0.07658088207244873 60500
1681136141347 -0.22612500190734863 61000
1681136141731 0.58832848072052 61500
1681136142169 0.6240234673023224 62000
1681136142540 -0.3864172697067261 62500
1681136143155 0.9667240418493748 63000
1681136143597 0.9045705497264862 63500
1681136144050 -0.172554612159729 64000
1681136144742 0.8514913767576218 64500
1681136145328 0.923459567129612 65000
1681136145615 0.32620155811309814 65500
1681136145845 0.6658721268177032 66000
1681136146030 -0.6023136377334595 66500
1681136146221 0.6190866827964783 67000
1681136146401 0.3915363550186157 67500
1681136146577 0.6478886306285858 68000
1681136146752 -1.0909464359283447 68500
1681136146924 0.7709734439849854 69000
1681136147099 -1.6606004238128662 69500
1681136147273 0.7247626483440399 70000
1681136147449 -2.64107346534729 70500
1681136147624 0.2764849066734314 71000
1681136147807 0.7545366436243057 71500
1681136147981 0.9219048321247101 72000
1681136148154 0.40917015075683594 72500
1681136148324 0.9875549552962184 73000
1681136148495 0.7907587140798569 73500
1681136148662 0.981466107070446 74000
1681136148839 0.903699479997158 74500
1681136149023 0.9252989515662193 75000
1681136149200 0.8124452233314514 75500
1681136149381 0.7921368330717087 76000
1681136149660 0.8315869867801666 76500
1681136149939 0.6630637645721436 77000
1681136150755 0.3415724039077759 77500
1681136151508 -0.877396821975708 78000
1681136151989 0.04717355966567993 78500
1681136152405 0.8203848153352737 79000
1681136153023 -0.043668389320373535 79500
1681136153669 0.4235808849334717 80000
1681136154288 -0.03730964660644531 80500
1681136154881 0.5080658197402954 81000
1681136155586 0.19188052415847778 81500
1681136156245 0.5966069996356964 82000
1681136156955 -0.04051041603088379 82500
1681136157541 0.24954742193222046 83000
1681136158008 0.262004554271698 83500
1681136158422 -0.024004101753234863 84000
1681136158971 -0.1139383316040039 84500
1681136159408 0.4990699887275696 85000
1681136159942 -0.22624576091766357 85500
1681136160346 0.14955604076385498 86000
1681136160936 0.44608038663864136 86500
1681136161432 0.2550676465034485 87000
1681136162140 0.40585553646087646 87500
1681136162824 -0.6397076845169067 88000
1681136163434 -0.3938242197036743 88500
1681136163971 0.5725250542163849 89000
1681136164456 -0.012079000473022461 89500
1681136164796 0.42632412910461426 90000
1681136165604 0.70694500207901 90500
1681136165975 0.023195505142211914 91000
1681136166333 -0.28850722312927246 91500
1681136166599 0.5248899459838867 92000
1681136166847 0.1838010549545288 92500
1681136167270 0.6667042374610901 93000
1681136168339 -0.1068030595779419 93500
1681136168607 0.4580462574958801 94000
1681136169021 0.5581835806369781 94500
1681136169629 0.8322218209505081 95000
1681136169966 0.5576746463775635 95500
1681136170436 0.22945618629455566 96000
1681136170970 0.9095894396305084 96500
1681136171236 0.5426551997661591 97000
1681136171767 0.5176033973693848 97500
1681136172110 0.539030522108078 98000
1681136172417 0.3873599171638489 98500
1681136173299 -0.09590864181518555 99000
1681136173759 0.503838449716568 99500
1681136174166 0.6050483286380768 100000
1681136175080 -0.8895272016525269 100500
1681136175488 -0.5424453020095825 101000
1681136176358 0.6069333851337433 101500
1681136176590 0.44705450534820557 102000
1681136177053 -2.2823846340179443 102500
1681136177352 0.6201618313789368 103000
1681136177698 -0.33695685863494873 103500
1681136177919 0.01374828815460205 104000
1681136178138 -0.6693609952926636 104500
1681136178560 -0.14877891540527344 105000
1681136179255 -30.12929916381836 105500
1681136179470 0.25087082386016846 106000
1681136179687 0.3087286949157715 106500
1681136180004 -0.4519129991531372 107000
1681136180257 0.0 107500
1681136180481 -24.330358505249023 108000
1681136180695 0.7422815263271332 108500
1681136180883 0.7251076102256775 109000
1681136181074 0.3766106963157654 109500
1681136181259 -0.2814977169036865 110000
1681136181456 0.09803611040115356 110500
1681136181634 0.014484524726867676 111000
1681136181814 0.4034792184829712 111500
1681136182000 0.7868728041648865 112000
1681136182181 0.8050516992807388 112500
1681136182364 0.9705002829432487 113000
1681136182543 0.003855764865875244 113500
1681136182721 0.8043846040964127 114000
1681136182903 0.8791530951857567 114500
1681136183082 -0.267208456993103 115000
1681136183274 -0.21051502227783203 115500
1681136183457 0.35310453176498413 116000
1681136183635 0.6245015263557434 116500
1681136183811 0.592993974685669 117000
1681136183991 0.15667730569839478 117500
1681136184166 0.5755129754543304 118000
1681136184342 0.2572702169418335 118500
1681136184516 -1.645143985748291 119000
1681136184689 -1.1193089485168457 119500
1681136184869 0.005291104316711426 120000
1681136185049 0.42421674728393555 120500
1681136185223 0.6290843188762665 121000
1681136185393 0.42066246271133423 121500
1681136185565 0.8104055970907211 122000
1681136185739 0.43603336811065674 122500
1681136185916 0.9851144412532449 123000
1681136186117 0.8297766149044037 123500
1681136186324 0.9204241335391998 124000
1681136186488 0.8292673528194427 124500
1681136186648 -4.828298091888428 125000
1681136186810 0.9550770223140717 125500
1681136186967 -4.8073601722717285 126000
1681136187127 -8.543801307678223 126500
1681136187291 -1.1657824516296387 127000
1681136187457 -1.526085376739502 127500
1681136187663 0.9168138355016708 128000
1681136187824 0.977216400206089 128500
1681136187986 -0.9608561992645264 129000
1681136188152 0.9812791235744953 129500
1681136188315 0.9988923764321953 130000
1681136188480 0.9239426627755165 130500
1681136188646 0.7923785895109177 131000
1681136188809 0.9729986619204283 131500
1681136188983 0.8926208019256592 132000
1681136189147 -0.3020066022872925 132500
1681136189311 0.9886703062802553 133000
1681136189477 0.988738901913166 133500
1681136189647 0.7859308123588562 134000
1681136189827 0.9891972076147795 134500
1681136190027 0.8901531025767326 135000
1681136190208 0.8823152557015419 135500
1681136190386 0.9412706382572651 136000
1681136190576 0.5519625246524811 136500
1681136190758 -4.514501571655273 137000
1681136190960 0.8264429867267609 137500
1681136191155 0.017199575901031494 138000
1681136191395 0.3204987049102783 138500
1681136191615 0.815614864230156 139000
1681136191821 0.33029472827911377 139500
1681136192076 0.19562506675720215 140000
1681136192363 0.5371265113353729 140500
1681136192626 0.7680414766073227 141000
1681136193069 -2.49874210357666 141500
1681136193681 -0.39310789108276367 142000
1681136193984 -0.29720234870910645 142500
1681136194710 0.3017042875289917 143000
1681136195432 -0.5289162397384644 143500
1681136195832 0.7281155288219452 144000
1681136196200 0.610092431306839 144500
1681136196597 0.8586882650852203 145000
1681136197138 0.5198573470115662 145500
1681136197981 0.2766730785369873 146000
1681136198500 -0.9949613809585571 146500
1681136199268 -0.8965405225753784 147000
1681136199785 -1.526069164276123 147500
1681136200511 0.16749072074890137 148000
1681136200877 0.28677934408187866 148500
1681136201308 0.48698699474334717 149000
1681136201682 -0.31518757343292236 149500
1681136202137 -0.8685221672058105 150000
1681136202519 0.25693947076797485 150500
1681136202996 -0.5961512327194214 151000
1681136203410 -0.25395727157592773 151500
1681136203883 -0.023227691650390625 152000
1681136204420 -0.015614151954650879 152500
1681136205238 -0.16640615463256836 153000
1681136205678 -0.19113731384277344 153500
1681136206166 -0.2588878870010376 154000
1681136206747 0.19820916652679443 154500
1681136207719 0.7401141822338104 155000
1681136208199 0.6611579358577728 155500
1681136208831 0.17433089017868042 156000
1681136209221 -0.21539807319641113 156500
1681136209796 -0.34224164485931396 157000
1681136210299 0.27261388301849365 157500
1681136210796 -1.3561487197875977 158000
1681136211133 0.5862376093864441 158500
1681136211516 -1.1322321891784668 159000
1681136212079 0.6097567677497864 159500
1681136212872 0.21362167596817017 160000
1681136213385 0.18456465005874634 160500
1681136214209 -3.288130283355713 161000
1681136214606 0.20008701086044312 161500
1681136215095 -0.49932098388671875 162000
1681136215578 0.02768123149871826 162500
1681136216193 0.47120511531829834 163000
1681136216622 -0.08212590217590332 163500
1681136217225 0.7029597461223602 164000
1681136217661 0.6346386671066284 164500
1681136218356 -1.389169454574585 165000
1681136218797 0.7749630212783813 165500
1681136219413 0.9424386583268642 166000
1681136219811 -0.004948258399963379 166500
1681136220316 0.842082217335701 167000
1681136220801 -0.2132568359375 167500
1681136221652 -4.659627914428711 168000
1681136222225 0.10268163681030273 168500
1681136223168 0.9455684833228588 169000
1681136223734 0.7735035866498947 169500
1681136224482 0.460099995136261 170000
1681136224977 0.39916837215423584 170500
1681136225614 0.8587965667247772 171000
1681136226068 0.6095018982887268 171500
1681136226649 -0.6610254049301147 172000
1681136227208 -0.6847920417785645 172500
1681136227871 0.11941498517990112 173000
1681136228522 -0.17895197868347168 173500
1681136229509 0.8408979922533035 174000
1681136229999 0.2051292061805725 174500
1681136230736 0.35718435049057007 175000
1681136231027 -0.06330764293670654 175500
1681136231573 0.7123461961746216 176000
1681136231976 0.9143375605344772 176500
1681136233033 0.9529149569571018 177000
1681136233509 -3.7526488304138184 177500
1681136233918 -0.6812388896942139 178000
1681136234847 0.8219161331653595 178500
1681136235233 0.48590391874313354 179000
1681136235582 0.38225871324539185 179500
1681136236207 -0.31536269187927246 180000
1681136236584 -1.038672924041748 180500
1681136237415 0.597904235124588 181000
1681136237860 0.32688236236572266 181500
1681136238117 0.7537674158811569 182000
1681136238402 0.6516429483890533 182500
1681136238704 0.7247921526432037 183000
1681136239535 0.17200785875320435 183500
1681136239976 0.7253948152065277 184000
1681136240345 0.9706862159073353 184500
1681136240716 0.9346308559179306 185000
1681136241471 0.8439921438694 185500
1681136242060 0.9443295933306217 186000
1681136242840 0.923488438129425 186500
1681136243508 0.8435415029525757 187000
1681136244454 -0.09628283977508545 187500
1681136245110 0.04094201326370239 188000
1681136245979 0.9703339673578739 188500
1681136246559 0.8465102463960648 189000
1681136247241 0.7380358576774597 189500
1681136247729 0.957319363951683 190000
1681136248292 -0.8911631107330322 190500
1681136248719 0.7764534056186676 191000
1681136249017 0.6549264788627625 191500
1681136249585 0.8040703386068344 192000
1681136250402 0.7973021864891052 192500
1681136250949 0.49736523628234863 193000
1681136251829 0.7693810015916824 193500
1681136252260 0.5189188718795776 194000
1681136252823 -1.0787537097930908 194500
1681136253445 0.894947774708271 195000
1681136254517 0.6991606652736664 195500
1681136254990 0.24516695737838745 196000
1681136255685 0.03595095872879028 196500
1681136256227 0.18768513202667236 197000
1681136257093 0.8711552321910858 197500
1681136257528 -0.5878936052322388 198000
1681136258203 0.9676870182156563 198500
1681136258732 0.8630411773920059 199000
1681136259639 0.01884835958480835 199500
1681136259920 -0.6864186525344849 200000
1681136260863 -0.036696553230285645 200500
1681136261504 0.9490281008183956 201000
1681136262220 0.9876730404794216 201500
1681136262741 0.7809012532234192 202000
1681136263343 0.8412840068340302 202500
1681136263762 -1.6359353065490723 203000
1681136264153 0.8799742609262466 203500
1681136264928 0.2453162670135498 204000
1681136265366 0.8888792768120766 204500
1681136266201 0.9152470752596855 205000
1681136266529 0.5124184787273407 205500
1681136267498 0.2951515316963196 206000
1681136267884 -5.000832557678223 206500
1681136268280 0.9428113363683224 207000
1681136268898 0.015317857265472412 207500
1681136269306 0.7371149361133575 208000
1681136270006 -0.13407671451568604 208500
1681136270252 0.5782566666603088 209000
1681136270604 0.9060785472393036 209500
1681136271457 0.8716808706521988 210000
1681136271879 0.9094283431768417 210500
1681136272655 -7.486343383789062e-05 211000
1681136273040 -0.006277918815612793 211500
1681136273323 0.9980151790659875 212000
1681136273684 0.9919156581163406 212500
1681136274016 0.9697637055069208 213000
1681136274237 0.9719297643750906 213500
1681136274560 -0.0011140108108520508 214000
1681136274811 0.054572105407714844 214500
1681136275122 0.9432788379490376 215000
1681136275431 0.9332441464066505 215500
1681136275682 0.8563656955957413 216000
1681136276113 0.9822106231004 216500
1681136276474 -0.6565746068954468 217000
1681136276723 0.918041355907917 217500
1681136277025 -2.1399409770965576 218000
1681136277270 0.7405266165733337 218500
1681136277507 0.35682791471481323 219000
1681136277773 0.9391018897294998 219500
1681136278018 0.8462326526641846 220000
1681136278230 -6.642287254333496 220500
1681136278479 -0.9833856821060181 221000
1681136278708 -0.9699913263320923 221500
1681136278911 0.19913709163665771 222000
1681136279176 0.8031203150749207 222500
1681136279455 0.9876564079895616 223000
1681136279718 0.9941258137114346 223500
1681136280067 -1.7993485927581787 224000
1681136280339 -0.33202946186065674 224500
1681136280612 -13.578944206237793 225000
1681136280889 0.9318405240774155 225500
1681136281150 -1.5337393283843994 226000
1681136281388 0.11142200231552124 226500
1681136281627 0.9889436466619372 227000
1681136281891 0.6727750301361084 227500
1681136282095 0.8777205646038055 228000
1681136282296 0.9930212926119566 228500
1681136282541 0.8035748898983002 229000
1681136282796 0.8613609969615936 229500
1681136283012 0.9714470747858286 230000
1681136283223 0.6789380013942719 230500
1681136283400 0.8786462098360062 231000
1681136283582 -0.4829508066177368 231500
1681136283761 -1.1603610515594482 232000
1681136283939 0.9582180827856064 232500
1681136284125 0.9656210504472256 233000
1681136284314 0.6739514768123627 233500
1681136284486 0.9094515219330788 234000
1681136284665 0.9081647992134094 234500
1681136284843 0.8089258819818497 235000
1681136285021 0.9211561679840088 235500
1681136285235 0.9524731636047363 236000
1681136285412 0.8013174533843994 236500
1681136285594 0.34191519021987915 237000
1681136285772 0.8390928655862808 237500
1681136285956 0.915821760892868 238000
1681136286129 0.9905665647238493 238500
1681136286303 0.45432543754577637 239000
1681136286487 0.777628630399704 239500
1681136286696 0.9719257652759552 240000
1681136286889 0.7603720426559448 240500
1681136287072 0.9060652256011963 241000
1681136287249 0.8544319868087769 241500
1681136287436 0.7478771507740021 242000
1681136287623 0.946714486926794 242500
1681136287812 0.9815063532441854 243000
1681136288058 0.7051212191581726 243500
1681136288250 0.5618072748184204 244000
1681136288439 -15.084110260009766 244500
1681136288672 0.6925916969776154 245000
1681136289456 0.22593796253204346 245500
1681136289889 0.7027130126953125 246000
1681136290669 -38.73350524902344 246500
1681136290935 0.7805824130773544 247000
1681136291403 0.42464524507522583 247500
1681136291924 -0.01739788055419922 248000
1681136292840 0.8366092890501022 248500
1681136293183 -0.23879659175872803 249000
1681136293604 0.010009527206420898 249500
1681136294021 0.1781749129295349 250000
1681136294647 -0.06649363040924072 250500
1681136295103 -1.3025505542755127 251000
1681136295912 0.1784723997116089 251500
1681136296351 0.10680156946182251 252000
1681136297044 0.47546321153640747 252500
1681136297453 0.4409106373786926 253000
1681136298063 0.31370705366134644 253500
1681136298365 0.216242253780365 254000
1681136298760 0.9152624979615211 254500
1681136299136 0.9243361279368401 255000
1681136299638 0.46508073806762695 255500
1681136300078 -0.07633590698242188 256000
1681136300648 0.26491624116897583 256500
1681136300979 0.04124724864959717 257000
1681136301533 0.24288910627365112 257500
1681136301995 -0.054997801780700684 258000
1681136302810 0.9216108843684196 258500
1681136303199 -0.3758511543273926 259000
1681136303761 0.289432168006897 259500
1681136304251 0.4132828712463379 260000
1681136305198 0.38181906938552856 260500
1681136305590 0.48149240016937256 261000
1681136306225 0.4924367666244507 261500
1681136306718 0.5261518657207489 262000
1681136307674 0.3290832042694092 262500
1681136308053 0.3419113755226135 263000
1681136308689 0.6554810404777527 263500
1681136309122 0.7438105344772339 264000
1681136309835 0.9152798354625702 264500
1681136310276 -0.8577293157577515 265000
1681136310927 -0.1495116949081421 265500
1681136311356 0.3781757354736328 266000
1681136311889 0.7797727584838867 266500
1681136312282 0.7863087803125381 267000
1681136312859 0.8801327124238014 267500
1681136313283 0.35038262605667114 268000
1681136314089 0.7760398387908936 268500
1681136314501 0.3815406560897827 269000
1681136315151 0.8205241411924362 269500
1681136315608 0.7199344635009766 270000
1681136316435 0.621887594461441 270500
1681136316818 0.5520568192005157 271000
1681136317477 0.8338600397109985 271500
1681136317918 0.7115434408187866 272000
1681136318716 0.7311497926712036 272500
1681136319256 -1.6815674304962158 273000
1681136320390 0.6751829087734222 273500
1681136320821 0.16417115926742554 274000
1681136321466 0.9389611519873142 274500
1681136321881 0.6896379292011261 275000
1681136322549 0.9914280623197556 275500
1681136323007 -6.812248229980469 276000
1681136323902 0.8019324094057083 276500
1681136324297 0.7760586142539978 277000
1681136324981 -2.537431240081787 277500
1681136325429 0.119609534740448 278000
1681136326274 0.2580498456954956 278500
1681136326657 0.5443986058235168 279000
1681136327261 0.6249599456787109 279500
1681136327656 0.9137057587504387 280000
1681136328395 -0.35796475410461426 280500
1681136328732 0.7746153175830841 281000
1681136329271 0.3137749433517456 281500
1681136329742 0.45065778493881226 282000
1681136330601 0.8898030370473862 282500
1681136331073 0.9823716524988413 283000
1681136331841 0.9543972611427307 283500
1681136332305 -0.12505245208740234 284000
1681136333132 0.2891046404838562 284500
1681136333547 0.7766953110694885 285000
1681136334350 -1.5582387447357178 285500
1681136334720 0.8811444565653801 286000
1681136335286 0.31068485975265503 286500
1681136335700 0.9959667678922415 287000
1681136336185 0.9281410202383995 287500
1681136336615 0.3477354645729065 288000
1681136337368 0.30039000511169434 288500
1681136337811 0.8369953632354736 289000
1681136338598 0.40962713956832886 289500
1681136338948 0.7901561707258224 290000
1681136339505 0.42717915773391724 290500
1681136339877 0.5438838601112366 291000
1681136340367 0.12201511859893799 291500
1681136340760 0.7167132198810577 292000
1681136341454 0.98640878777951 292500
1681136341949 0.9423795267939568 293000
1681136342662 0.997379676438868 293500
1681136343075 0.060039222240448 294000
1681136343846 0.17955929040908813 294500
1681136344334 -0.5064147710800171 295000
1681136345146 -0.10155999660491943 295500
1681136345570 -0.014304518699645996 296000
1681136346276 0.4198499917984009 296500
1681136346642 0.9819739460945129 297000
1681136347306 0.8665726333856583 297500
1681136347696 0.9944167039357126 298000
1681136348331 0.8065648525953293 298500
1681136348767 0.7021269798278809 299000
1681136349558 0.930682972073555 299500
1681136349939 -0.22033536434173584 300000
