1681136112017 0.0007 500
1681136112221 0.0007 1000
1681136112393 0.0007 1500
1681136112578 0.0007 2000
1681136112756 0.0007 2500
1681136112936 0.0007 3000
1681136113108 0.0007 3500
1681136113283 0.0007 4000
1681136113458 0.0007 4500
1681136113642 0.0007 5000
1681136113843 0.0007 5500
1681136114032 0.0007 6000
1681136114228 0.0007 6500
1681136114449 0.0007 7000
1681136114660 0.0007 7500
1681136114853 0.0007 8000
1681136115138 0.0007 8500
1681136115647 0.0007 9000
1681136115880 0.0007 9500
1681136116078 0.0007 10000
1681136116346 0.0007 10500
1681136116566 0.0007 11000
1681136116782 0.0007 11500
1681136117026 0.0007 12000
1681136117288 0.0007 12500
1681136117491 0.0007 13000
1681136117726 0.0007 13500
1681136117970 0.0007 14000
1681136118201 0.0007 14500
1681136118431 0.0007 15000
1681136118635 0.0007 15500
1681136118994 0.0007 16000
1681136119230 0.0007 16500
1681136119465 0.0007 17000
1681136119703 0.0007 17500
1681136119900 0.0007 18000
1681136120162 0.0007 18500
1681136120400 0.0007 19000
1681136120655 0.0007 19500
1681136120888 0.0007 20000
1681136121123 0.0007 20500
1681136121376 0.0007 21000
1681136121587 0.0007 21500
1681136121776 0.0007 22000
1681136122007 0.0007 22500
1681136122255 0.0007 23000
1681136122473 0.0007 23500
1681136122728 0.0007 24000
1681136122933 0.0007 24500
1681136123133 0.0007 25000
1681136123325 0.0007 25500
1681136123517 0.0007 26000
1681136123700 0.0007 26500
1681136123891 0.0007 27000
1681136124072 0.0007 27500
1681136124264 0.0007 28000
1681136124457 0.0007 28500
1681136124638 0.0007 29000
1681136124828 0.0007 29500
1681136125035 0.0007 30000
1681136125227 0.0007 30500
1681136125412 0.0007 31000
1681136125609 0.0007 31500
1681136125821 0.0007 32000
1681136126011 0.0007 32500
1681136126195 0.0007 33000
1681136126402 0.0007 33500
1681136126584 0.0007 34000
1681136126768 0.0007 34500
1681136126962 0.0007 35000
1681136127164 0.0007 35500
1681136127376 0.0007 36000
1681136127572 0.0007 36500
1681136127763 0.0007 37000
1681136127936 0.0007 37500
1681136128121 0.0007 38000
1681136128304 0.0007 38500
1681136128503 0.0007 39000
1681136128688 0.0007 39500
1681136128890 0.0007 40000
1681136129076 0.0007 40500
1681136129255 0.0007 41000
1681136129440 0.0007 41500
1681136129621 0.0007 42000
1681136129835 0.0007 42500
1681136130025 0.0007 43000
1681136130206 0.0007 43500
1681136130389 0.0007 44000
1681136130574 0.0007 44500
1681136130758 0.0007 45000
1681136130935 0.0007 45500
1681136131108 0.0007 46000
1681136131280 0.0007 46500
1681136131453 0.0007 47000
1681136131623 0.0007 47500
1681136131795 0.0007 48000
1681136131969 0.0007 48500
1681136132141 0.0007 49000
1681136132318 0.0007 49500
1681136132489 0.0007 50000
1681136132656 0.0007 50500
1681136132821 0.0007 51000
1681136132989 0.0007 51500
1681136133156 0.0007 52000
1681136133322 0.0007 52500
1681136133492 0.0007 53000
1681136133665 0.0007 53500
1681136133941 0.0007 54000
1681136134174 0.0007 54500
1681136134712 0.0007 55000
1681136135140 0.0007 55500
1681136135710 0.0007 56000
1681136136136 0.0007 56500
1681136136898 0.0007 57000
1681136137460 0.0007 57500
1681136138033 0.0007 58000
1681136138477 0.0007 58500
1681136139262 0.0007 59000
1681136139821 0.0007 59500
1681136140366 0.0007 60000
1681136140779 0.0007 60500
1681136141347 0.0007 61000
1681136141731 0.0007 61500
1681136142170 0.0007 62000
1681136142541 0.0007 62500
1681136143156 0.0007 63000
1681136143598 0.0007 63500
1681136144051 0.0007 64000
1681136144742 0.0007 64500
1681136145329 0.0007 65000
1681136145616 0.0007 65500
1681136145845 0.0007 66000
1681136146030 0.0007 66500
1681136146221 0.0007 67000
1681136146401 0.0007 67500
1681136146578 0.0007 68000
1681136146753 0.0007 68500
1681136146924 0.0007 69000
1681136147099 0.0007 69500
1681136147274 0.0007 70000
1681136147449 0.0007 70500
1681136147624 0.0007 71000
1681136147807 0.0007 71500
1681136147981 0.0007 72000
1681136148154 0.0007 72500
1681136148324 0.0007 73000
1681136148495 0.0007 73500
1681136148662 0.0007 74000
1681136148839 0.0007 74500
1681136149023 0.0007 75000
1681136149201 0.0007 75500
1681136149381 0.0007 76000
1681136149660 0.0007 76500
1681136149939 0.0007 77000
1681136150755 0.0007 77500
1681136151508 0.0007 78000
1681136151989 0.0007 78500
1681136152406 0.0007 79000
1681136153024 0.0007 79500
1681136153669 0.0007 80000
1681136154288 0.0007 80500
1681136154882 0.0007 81000
1681136155587 0.0007 81500
1681136156246 0.0007 82000
1681136156956 0.0007 82500
1681136157541 0.0007 83000
1681136158008 0.0007 83500
1681136158422 0.0007 84000
1681136158971 0.0007 84500
1681136159409 0.0007 85000
1681136159943 0.0007 85500
1681136160346 0.0007 86000
1681136160937 0.0007 86500
1681136161432 0.0007 87000
1681136162141 0.0007 87500
1681136162824 0.0007 88000
1681136163435 0.0007 88500
1681136163972 0.0007 89000
1681136164456 0.0007 89500
1681136164796 0.0007 90000
1681136165604 0.0007 90500
1681136165976 0.0007 91000
1681136166333 0.0007 91500
1681136166600 0.0007 92000
1681136166847 0.0007 92500
1681136167270 0.0007 93000
1681136168340 0.0007 93500
1681136168607 0.0007 94000
1681136169021 0.0007 94500
1681136169630 0.0007 95000
1681136169966 0.0007 95500
1681136170436 0.0007 96000
1681136170971 0.0007 96500
1681136171236 0.0007 97000
1681136171767 0.0007 97500
1681136172111 0.0007 98000
1681136172418 0.0007 98500
1681136173300 0.0007 99000
1681136173759 0.0007 99500
1681136174167 0.0007 100000
1681136175080 0.0007 100500
1681136175488 0.0007 101000
1681136176358 0.0007 101500
1681136176591 0.0007 102000
1681136177054 0.0007 102500
1681136177352 0.0007 103000
1681136177698 0.0007 103500
1681136177920 0.0007 104000
1681136178138 0.0007 104500
1681136178560 0.0007 105000
1681136179256 0.0007 105500
1681136179470 0.0007 106000
1681136179688 0.0007 106500
1681136180004 0.0007 107000
1681136180258 0.0007 107500
1681136180482 0.0007 108000
1681136180695 0.0007 108500
1681136180883 0.0007 109000
1681136181075 0.0007 109500
1681136181259 0.0007 110000
1681136181457 0.0007 110500
1681136181634 0.0007 111000
1681136181814 0.0007 111500
1681136182000 0.0007 112000
1681136182181 0.0007 112500
1681136182364 0.0007 113000
1681136182544 0.0007 113500
1681136182721 0.0007 114000
1681136182903 0.0007 114500
1681136183082 0.0007 115000
1681136183274 0.0007 115500
1681136183458 0.0007 116000
1681136183635 0.0007 116500
1681136183812 0.0007 117000
1681136183991 0.0007 117500
1681136184166 0.0007 118000
1681136184343 0.0007 118500
1681136184517 0.0007 119000
1681136184690 0.0007 119500
1681136184869 0.0007 120000
1681136185050 0.0007 120500
1681136185223 0.0007 121000
1681136185393 0.0007 121500
1681136185566 0.0007 122000
1681136185739 0.0007 122500
1681136185917 0.0007 123000
1681136186118 0.0007 123500
1681136186324 0.0007 124000
1681136186488 0.0007 124500
1681136186648 0.0007 125000
1681136186810 0.0007 125500
1681136186968 0.0007 126000
1681136187127 0.0007 126500
1681136187292 0.0007 127000
1681136187457 0.0007 127500
1681136187663 0.0007 128000
1681136187824 0.0007 128500
1681136187987 0.0007 129000
1681136188152 0.0007 129500
1681136188315 0.0007 130000
1681136188481 0.0007 130500
1681136188646 0.0007 131000
1681136188810 0.0007 131500
1681136188984 0.0007 132000
1681136189147 0.0007 132500
1681136189312 0.0007 133000
1681136189478 0.0007 133500
1681136189648 0.0007 134000
1681136189827 0.0007 134500
1681136190027 0.0007 135000
1681136190208 0.0007 135500
1681136190386 0.0007 136000
1681136190576 0.0007 136500
1681136190759 0.0007 137000
1681136190960 0.0007 137500
1681136191156 0.0007 138000
1681136191396 0.0007 138500
1681136191616 0.0007 139000
1681136191822 0.0007 139500
1681136192077 0.0007 140000
1681136192364 0.0007 140500
1681136192626 0.0007 141000
1681136193070 0.0007 141500
1681136193681 0.0007 142000
1681136193984 0.0007 142500
1681136194710 0.0007 143000
1681136195432 0.0007 143500
1681136195833 0.0007 144000
1681136196200 0.0007 144500
1681136196597 0.0007 145000
1681136197138 0.0007 145500
1681136197981 0.0007 146000
1681136198500 0.0007 146500
1681136199268 0.0007 147000
1681136199786 0.0007 147500
1681136200511 0.0007 148000
1681136200877 0.0007 148500
1681136201308 0.0007 149000
1681136201682 0.0007 149500
1681136202137 0.0007 150000
1681136202520 0.0007 150500
1681136202997 0.0007 151000
1681136203411 0.0007 151500
1681136203883 0.0007 152000
1681136204420 0.0007 152500
1681136205238 0.0007 153000
1681136205678 0.0007 153500
1681136206167 0.0007 154000
1681136206747 0.0007 154500
1681136207719 0.0007 155000
1681136208199 0.0007 155500
1681136208831 0.0007 156000
1681136209221 0.0007 156500
1681136209796 0.0007 157000
1681136210300 0.0007 157500
1681136210796 0.0007 158000
1681136211133 0.0007 158500
1681136211516 0.0007 159000
1681136212079 0.0007 159500
1681136212873 0.0007 160000
1681136213385 0.0007 160500
1681136214209 0.0007 161000
1681136214606 0.0007 161500
1681136215095 0.0007 162000
1681136215579 0.0007 162500
1681136216193 0.0007 163000
1681136216622 0.0007 163500
1681136217225 0.0007 164000
1681136217661 0.0007 164500
1681136218356 0.0007 165000
1681136218798 0.0007 165500
1681136219413 0.0007 166000
1681136219811 0.0007 166500
1681136220316 0.0007 167000
1681136220801 0.0007 167500
1681136221653 0.0007 168000
1681136222225 0.0007 168500
1681136223168 0.0007 169000
1681136223734 0.0007 169500
1681136224483 0.0007 170000
1681136224977 0.0007 170500
1681136225614 0.0007 171000
1681136226069 0.0007 171500
1681136226649 0.0007 172000
1681136227209 0.0007 172500
1681136227871 0.0007 173000
1681136228522 0.0007 173500
1681136229510 0.0007 174000
1681136229999 0.0007 174500
1681136230736 0.0007 175000
1681136231027 0.0007 175500
1681136231574 0.0007 176000
1681136231976 0.0007 176500
1681136233034 0.0007 177000
1681136233510 0.0007 177500
1681136233918 0.0007 178000
1681136234848 0.0007 178500
1681136235233 0.0007 179000
1681136235582 0.0007 179500
1681136236208 0.0007 180000
1681136236584 0.0007 180500
1681136237415 0.0007 181000
1681136237860 0.0007 181500
1681136238117 0.0007 182000
1681136238402 0.0007 182500
1681136238705 0.0007 183000
1681136239535 0.0007 183500
1681136239977 0.0007 184000
1681136240345 0.0007 184500
1681136240717 0.0007 185000
1681136241471 0.0007 185500
1681136242060 0.0007 186000
1681136242840 0.0007 186500
1681136243509 0.0007 187000
1681136244455 0.0007 187500
1681136245110 0.0007 188000
1681136245979 0.0007 188500
1681136246559 0.0007 189000
1681136247242 0.0007 189500
1681136247729 0.0007 190000
1681136248293 0.0007 190500
1681136248719 0.0007 191000
1681136249017 0.0007 191500
1681136249585 0.0007 192000
1681136250402 0.0007 192500
1681136250950 0.0007 193000
1681136251830 0.0007 193500
1681136252261 0.0007 194000
1681136252823 0.0007 194500
1681136253446 0.0007 195000
1681136254517 0.0007 195500
1681136254990 0.0007 196000
1681136255685 0.0007 196500
1681136256228 0.0007 197000
1681136257094 0.0007 197500
1681136257528 0.0007 198000
1681136258203 0.0007 198500
1681136258732 0.0007 199000
1681136259639 0.0007 199500
1681136259920 0.0007 200000
1681136260863 0.0007 200500
1681136261504 0.0007 201000
1681136262221 0.0007 201500
1681136262742 0.0007 202000
1681136263343 0.0007 202500
1681136263763 0.0007 203000
1681136264154 0.0007 203500
1681136264928 0.0007 204000
1681136265366 0.0007 204500
1681136266201 0.0007 205000
1681136266529 0.0007 205500
1681136267498 0.0007 206000
1681136267884 0.0007 206500
1681136268280 0.0007 207000
1681136268898 0.0007 207500
1681136269306 0.0007 208000
1681136270006 0.0007 208500
1681136270252 0.0007 209000
1681136270604 0.0007 209500
1681136271457 0.0007 210000
1681136271879 0.0007 210500
1681136272655 0.0007 211000
1681136273041 0.0007 211500
1681136273324 0.0007 212000
1681136273684 0.0007 212500
1681136274016 0.0007 213000
1681136274238 0.0007 213500
1681136274560 0.0007 214000
1681136274812 0.0007 214500
1681136275123 0.0007 215000
1681136275431 0.0007 215500
1681136275683 0.0007 216000
1681136276113 0.0007 216500
1681136276474 0.0007 217000
1681136276723 0.0007 217500
1681136277025 0.0007 218000
1681136277270 0.0007 218500
1681136277507 0.0007 219000
1681136277773 0.0007 219500
1681136278018 0.0007 220000
1681136278230 0.0007 220500
1681136278479 0.0007 221000
1681136278709 0.0007 221500
1681136278912 0.0007 222000
1681136279177 0.0007 222500
1681136279456 0.0007 223000
1681136279719 0.0007 223500
1681136280067 0.0007 224000
1681136280340 0.0007 224500
1681136280612 0.0007 225000
1681136280889 0.0007 225500
1681136281151 0.0007 226000
1681136281388 0.0007 226500
1681136281628 0.0007 227000
1681136281891 0.0007 227500
1681136282095 0.0007 228000
1681136282296 0.0007 228500
1681136282542 0.0007 229000
1681136282797 0.0007 229500
1681136283013 0.0007 230000
1681136283223 0.0007 230500
1681136283401 0.0007 231000
1681136283582 0.0007 231500
1681136283761 0.0007 232000
1681136283939 0.0007 232500
1681136284125 0.0007 233000
1681136284315 0.0007 233500
1681136284486 0.0007 234000
1681136284665 0.0007 234500
1681136284843 0.0007 235000
1681136285021 0.0007 235500
1681136285235 0.0007 236000
1681136285412 0.0007 236500
1681136285595 0.0007 237000
1681136285773 0.0007 237500
1681136285957 0.0007 238000
1681136286130 0.0007 238500
1681136286304 0.0007 239000
1681136286487 0.0007 239500
1681136286697 0.0007 240000
1681136286889 0.0007 240500
1681136287072 0.0007 241000
1681136287249 0.0007 241500
1681136287436 0.0007 242000
1681136287624 0.0007 242500
1681136287812 0.0007 243000
1681136288058 0.0007 243500
1681136288250 0.0007 244000
1681136288439 0.0007 244500
1681136288672 0.0007 245000
1681136289456 0.0007 245500
1681136289890 0.0007 246000
1681136290669 0.0007 246500
1681136290935 0.0007 247000
1681136291404 0.0007 247500
1681136291925 0.0007 248000
1681136292841 0.0007 248500
1681136293183 0.0007 249000
1681136293604 0.0007 249500
1681136294021 0.0007 250000
1681136294648 0.0007 250500
1681136295103 0.0007 251000
1681136295912 0.0007 251500
1681136296351 0.0007 252000
1681136297044 0.0007 252500
1681136297453 0.0007 253000
1681136298063 0.0007 253500
1681136298365 0.0007 254000
1681136298760 0.0007 254500
1681136299136 0.0007 255000
1681136299638 0.0007 255500
1681136300078 0.0007 256000
1681136300648 0.0007 256500
1681136300979 0.0007 257000
1681136301533 0.0007 257500
1681136301995 0.0007 258000
1681136302810 0.0007 258500
1681136303199 0.0007 259000
1681136303761 0.0007 259500
1681136304251 0.0007 260000
1681136305198 0.0007 260500
1681136305590 0.0007 261000
1681136306225 0.0007 261500
1681136306718 0.0007 262000
1681136307674 0.0007 262500
1681136308053 0.0007 263000
1681136308690 0.0007 263500
1681136309123 0.0007 264000
1681136309835 0.0007 264500
1681136310276 0.0007 265000
1681136310927 0.0007 265500
1681136311356 0.0007 266000
1681136311890 0.0007 266500
1681136312283 0.0007 267000
1681136312859 0.0007 267500
1681136313284 0.0007 268000
1681136314090 0.0007 268500
1681136314501 0.0007 269000
1681136315151 0.0007 269500
1681136315609 0.0007 270000
1681136316435 0.0007 270500
1681136316819 0.0007 271000
1681136317477 0.0007 271500
1681136317919 0.0007 272000
1681136318716 0.0007 272500
1681136319256 0.0007 273000
1681136320391 0.0007 273500
1681136320821 0.0007 274000
1681136321468 0.0007 274500
1681136321881 0.0007 275000
1681136322549 0.0007 275500
1681136323007 0.0007 276000
1681136323903 0.0007 276500
1681136324297 0.0007 277000
1681136324981 0.0007 277500
1681136325429 0.0007 278000
1681136326275 0.0007 278500
1681136326657 0.0007 279000
1681136327261 0.0007 279500
1681136327656 0.0007 280000
1681136328396 0.0007 280500
1681136328732 0.0007 281000
1681136329271 0.0007 281500
1681136329743 0.0007 282000
1681136330602 0.0007 282500
1681136331074 0.0007 283000
1681136331841 0.0007 283500
1681136332305 0.0007 284000
1681136333132 0.0007 284500
1681136333547 0.0007 285000
1681136334350 0.0007 285500
1681136334720 0.0007 286000
1681136335286 0.0007 286500
1681136335700 0.0007 287000
1681136336186 0.0007 287500
1681136336615 0.0007 288000
1681136337368 0.0007 288500
1681136337812 0.0007 289000
1681136338598 0.0007 289500
1681136338949 0.0007 290000
1681136339505 0.0007 290500
1681136339877 0.0007 291000
1681136340367 0.0007 291500
1681136340760 0.0007 292000
1681136341455 0.0007 292500
1681136341950 0.0007 293000
1681136342663 0.0007 293500
1681136343075 0.0007 294000
1681136343846 0.0007 294500
1681136344334 0.0007 295000
1681136345147 0.0007 295500
1681136345570 0.0007 296000
1681136346276 0.0007 296500
1681136346643 0.0007 297000
1681136347307 0.0007 297500
1681136347696 0.0007 298000
1681136348331 0.0007 298500
1681136348767 0.0007 299000
1681136349559 0.0007 299500
1681136349940 0.0007 300000
