1681136112019 99.0 500
1681136112221 199.0 1000
1681136112393 299.0 1500
1681136112578 399.0 2000
1681136112757 499.0 2500
1681136112936 599.0 3000
1681136113109 699.0 3500
1681136113283 799.0 4000
1681136113458 899.0 4500
1681136113642 999.0 5000
1681136113843 1099.0 5500
1681136114032 1199.0 6000
1681136114228 1299.0 6500
1681136114449 1399.0 7000
1681136114661 1499.0 7500
1681136114853 1599.0 8000
1681136115139 1699.0 8500
1681136115647 1799.0 9000
1681136115881 1899.0 9500
1681136116078 1999.0 10000
1681136116347 2099.0 10500
1681136116567 2199.0 11000
1681136116782 2299.0 11500
1681136117027 2399.0 12000
1681136117288 2499.0 12500
1681136117492 2599.0 13000
1681136117726 2699.0 13500
1681136117970 2799.0 14000
1681136118202 2899.0 14500
1681136118431 2999.0 15000
1681136118635 3099.0 15500
1681136118994 3199.0 16000
1681136119231 3299.0 16500
1681136119466 3399.0 17000
1681136119704 3499.0 17500
1681136119900 3599.0 18000
1681136120162 3699.0 18500
1681136120401 3799.0 19000
1681136120655 3899.0 19500
1681136120888 3999.0 20000
1681136121123 4099.0 20500
1681136121377 4199.0 21000
1681136121587 4299.0 21500
1681136121777 4399.0 22000
1681136122007 4499.0 22500
1681136122255 4599.0 23000
1681136122474 4699.0 23500
1681136122728 4799.0 24000
1681136122933 4899.0 24500
1681136123133 4999.0 25000
1681136123325 5099.0 25500
1681136123517 5199.0 26000
1681136123701 5299.0 26500
1681136123892 5399.0 27000
1681136124072 5499.0 27500
1681136124265 5599.0 28000
1681136124457 5699.0 28500
1681136124638 5799.0 29000
1681136124829 5899.0 29500
1681136125035 5999.0 30000
1681136125227 6099.0 30500
1681136125412 6199.0 31000
1681136125609 6299.0 31500
1681136125822 6399.0 32000
1681136126012 6499.0 32500
1681136126195 6599.0 33000
1681136126402 6699.0 33500
1681136126584 6799.0 34000
1681136126768 6899.0 34500
1681136126962 6999.0 35000
1681136127165 7099.0 35500
1681136127377 7199.0 36000
1681136127572 7299.0 36500
1681136127764 7399.0 37000
1681136127937 7499.0 37500
1681136128121 7599.0 38000
1681136128305 7699.0 38500
1681136128503 7799.0 39000
1681136128689 7899.0 39500
1681136128890 7999.0 40000
1681136129077 8099.0 40500
1681136129256 8199.0 41000
1681136129440 8299.0 41500
1681136129621 8399.0 42000
1681136129835 8499.0 42500
1681136130025 8599.0 43000
1681136130206 8699.0 43500
1681136130389 8799.0 44000
1681136130574 8899.0 44500
1681136130758 8999.0 45000
1681136130936 9099.0 45500
1681136131109 9199.0 46000
1681136131281 9299.0 46500
1681136131453 9399.0 47000
1681136131624 9499.0 47500
1681136131795 9599.0 48000
1681136131969 9699.0 48500
1681136132141 9799.0 49000
1681136132318 9899.0 49500
1681136132490 9999.0 50000
1681136132657 10099.0 50500
1681136132821 10199.0 51000
1681136132989 10299.0 51500
1681136133156 10399.0 52000
1681136133322 10499.0 52500
1681136133492 10599.0 53000
1681136133665 10699.0 53500
1681136133941 10799.0 54000
1681136134174 10899.0 54500
1681136134713 10999.0 55000
1681136135140 11099.0 55500
1681136135710 11199.0 56000
1681136136136 11299.0 56500
1681136136898 11399.0 57000
1681136137461 11499.0 57500
1681136138034 11599.0 58000
1681136138477 11699.0 58500
1681136139262 11799.0 59000
1681136139822 11899.0 59500
1681136140366 11999.0 60000
1681136140779 12099.0 60500
1681136141347 12199.0 61000
1681136141732 12299.0 61500
1681136142170 12399.0 62000
1681136142541 12499.0 62500
1681136143156 12599.0 63000
1681136143598 12699.0 63500
1681136144051 12799.0 64000
1681136144742 12899.0 64500
1681136145329 12999.0 65000
1681136145616 13099.0 65500
1681136145846 13199.0 66000
1681136146030 13299.0 66500
1681136146221 13399.0 67000
1681136146401 13499.0 67500
1681136146578 13599.0 68000
1681136146753 13699.0 68500
1681136146924 13799.0 69000
1681136147100 13899.0 69500
1681136147274 13999.0 70000
1681136147450 14099.0 70500
1681136147625 14199.0 71000
1681136147807 14299.0 71500
1681136147981 14399.0 72000
1681136148154 14499.0 72500
1681136148325 14599.0 73000
1681136148495 14699.0 73500
1681136148663 14799.0 74000
1681136148840 14899.0 74500
1681136149024 14999.0 75000
1681136149201 15099.0 75500
1681136149381 15199.0 76000
1681136149661 15299.0 76500
1681136149940 15399.0 77000
1681136150755 15499.0 77500
1681136151509 15599.0 78000
1681136151990 15699.0 78500
1681136152406 15799.0 79000
1681136153024 15899.0 79500
1681136153670 15999.0 80000
1681136154289 16099.0 80500
1681136154882 16199.0 81000
1681136155587 16299.0 81500
1681136156246 16399.0 82000
1681136156956 16499.0 82500
1681136157541 16599.0 83000
1681136158008 16699.0 83500
1681136158423 16799.0 84000
1681136158971 16899.0 84500
1681136159409 16999.0 85000
1681136159943 17099.0 85500
1681136160347 17199.0 86000
1681136160937 17299.0 86500
1681136161433 17399.0 87000
1681136162141 17499.0 87500
1681136162825 17599.0 88000
1681136163435 17699.0 88500
1681136163972 17799.0 89000
1681136164457 17899.0 89500
1681136164797 17999.0 90000
1681136165604 18099.0 90500
1681136165976 18199.0 91000
1681136166333 18299.0 91500
1681136166600 18399.0 92000
1681136166847 18499.0 92500
1681136167271 18599.0 93000
1681136168340 18699.0 93500
1681136168608 18799.0 94000
1681136169021 18899.0 94500
1681136169630 18999.0 95000
1681136169967 19099.0 95500
1681136170437 19199.0 96000
1681136170971 19299.0 96500
1681136171236 19399.0 97000
1681136171768 19499.0 97500
1681136172111 19599.0 98000
1681136172418 19699.0 98500
1681136173300 19799.0 99000
1681136173759 19899.0 99500
1681136174167 19999.0 100000
1681136175081 20099.0 100500
1681136175488 20199.0 101000
1681136176359 20299.0 101500
1681136176591 20399.0 102000
1681136177054 20499.0 102500
1681136177353 20599.0 103000
1681136177699 20699.0 103500
1681136177920 20799.0 104000
1681136178138 20899.0 104500
1681136178561 20999.0 105000
1681136179256 21099.0 105500
1681136179471 21199.0 106000
1681136179688 21299.0 106500
1681136180005 21399.0 107000
1681136180258 21499.0 107500
1681136180482 21599.0 108000
1681136180695 21699.0 108500
1681136180883 21799.0 109000
1681136181075 21899.0 109500
1681136181260 21999.0 110000
1681136181457 22099.0 110500
1681136181635 22199.0 111000
1681136181815 22299.0 111500
1681136182000 22399.0 112000
1681136182181 22499.0 112500
1681136182365 22599.0 113000
1681136182544 22699.0 113500
1681136182721 22799.0 114000
1681136182904 22899.0 114500
1681136183083 22999.0 115000
1681136183275 23099.0 115500
1681136183458 23199.0 116000
1681136183636 23299.0 116500
1681136183812 23399.0 117000
1681136183991 23499.0 117500
1681136184167 23599.0 118000
1681136184343 23699.0 118500
1681136184517 23799.0 119000
1681136184690 23899.0 119500
1681136184870 23999.0 120000
1681136185050 24099.0 120500
1681136185224 24199.0 121000
1681136185394 24299.0 121500
1681136185566 24399.0 122000
1681136185740 24499.0 122500
1681136185918 24599.0 123000
1681136186118 24699.0 123500
1681136186325 24799.0 124000
1681136186489 24899.0 124500
1681136186649 24999.0 125000
1681136186811 25099.0 125500
1681136186968 25199.0 126000
1681136187128 25299.0 126500
1681136187293 25399.0 127000
1681136187458 25499.0 127500
1681136187664 25599.0 128000
1681136187825 25699.0 128500
1681136187987 25799.0 129000
1681136188153 25899.0 129500
1681136188316 25999.0 130000
1681136188481 26099.0 130500
1681136188646 26199.0 131000
1681136188810 26299.0 131500
1681136188984 26399.0 132000
1681136189148 26499.0 132500
1681136189312 26599.0 133000
1681136189478 26699.0 133500
1681136189648 26799.0 134000
1681136189828 26899.0 134500
1681136190028 26999.0 135000
1681136190209 27099.0 135500
1681136190387 27199.0 136000
1681136190577 27299.0 136500
1681136190759 27399.0 137000
1681136190961 27499.0 137500
1681136191157 27599.0 138000
1681136191396 27699.0 138500
1681136191616 27799.0 139000
1681136191822 27899.0 139500
1681136192077 27999.0 140000
1681136192364 28099.0 140500
1681136192627 28199.0 141000
1681136193070 28299.0 141500
1681136193681 28399.0 142000
1681136193985 28499.0 142500
1681136194711 28599.0 143000
1681136195433 28699.0 143500
1681136195833 28799.0 144000
1681136196201 28899.0 144500
1681136196597 28999.0 145000
1681136197138 29099.0 145500
1681136197981 29199.0 146000
1681136198501 29299.0 146500
1681136199268 29399.0 147000
1681136199786 29499.0 147500
1681136200512 29599.0 148000
1681136200878 29699.0 148500
1681136201309 29799.0 149000
1681136201683 29899.0 149500
1681136202137 29999.0 150000
1681136202520 30099.0 150500
1681136202997 30199.0 151000
1681136203411 30299.0 151500
1681136203883 30399.0 152000
1681136204420 30499.0 152500
1681136205239 30599.0 153000
1681136205678 30699.0 153500
1681136206167 30799.0 154000
1681136206748 30899.0 154500
1681136207719 30999.0 155000
1681136208200 31099.0 155500
1681136208831 31199.0 156000
1681136209222 31299.0 156500
1681136209796 31399.0 157000
1681136210300 31499.0 157500
1681136210797 31599.0 158000
1681136211134 31699.0 158500
1681136211517 31799.0 159000
1681136212079 31899.0 159500
1681136212873 31999.0 160000
1681136213385 32099.0 160500
1681136214209 32199.0 161000
1681136214606 32299.0 161500
1681136215095 32399.0 162000
1681136215579 32499.0 162500
1681136216194 32599.0 163000
1681136216622 32699.0 163500
1681136217225 32799.0 164000
1681136217661 32899.0 164500
1681136218356 32999.0 165000
1681136218799 33099.0 165500
1681136219414 33199.0 166000
1681136219811 33299.0 166500
1681136220317 33399.0 167000
1681136220801 33499.0 167500
1681136221653 33599.0 168000
1681136222225 33699.0 168500
1681136223168 33799.0 169000
1681136223734 33899.0 169500
1681136224483 33999.0 170000
1681136224977 34099.0 170500
1681136225615 34199.0 171000
1681136226069 34299.0 171500
1681136226650 34399.0 172000
1681136227209 34499.0 172500
1681136227872 34599.0 173000
1681136228522 34699.0 173500
1681136229510 34799.0 174000
1681136230000 34899.0 174500
1681136230737 34999.0 175000
1681136231027 35099.0 175500
1681136231574 35199.0 176000
1681136231976 35299.0 176500
1681136233034 35399.0 177000
1681136233510 35499.0 177500
1681136233918 35599.0 178000
1681136234848 35699.0 178500
1681136235234 35799.0 179000
1681136235583 35899.0 179500
1681136236208 35999.0 180000
1681136236585 36099.0 180500
1681136237416 36199.0 181000
1681136237860 36299.0 181500
1681136238117 36399.0 182000
1681136238403 36499.0 182500
1681136238705 36599.0 183000
1681136239535 36699.0 183500
1681136239977 36799.0 184000
1681136240346 36899.0 184500
1681136240717 36999.0 185000
1681136241472 37099.0 185500
1681136242061 37199.0 186000
1681136242841 37299.0 186500
1681136243509 37399.0 187000
1681136244455 37499.0 187500
1681136245111 37599.0 188000
1681136245979 37699.0 188500
1681136246560 37799.0 189000
1681136247242 37899.0 189500
1681136247730 37999.0 190000
1681136248293 38099.0 190500
1681136248720 38199.0 191000
1681136249018 38299.0 191500
1681136249586 38399.0 192000
1681136250402 38499.0 192500
1681136250950 38599.0 193000
1681136251830 38699.0 193500
1681136252261 38799.0 194000
1681136252823 38899.0 194500
1681136253446 38999.0 195000
1681136254518 39099.0 195500
1681136254990 39199.0 196000
1681136255686 39299.0 196500
1681136256228 39399.0 197000
1681136257094 39499.0 197500
1681136257529 39599.0 198000
1681136258204 39699.0 198500
1681136258733 39799.0 199000
1681136259639 39899.0 199500
1681136259921 39999.0 200000
1681136260863 40099.0 200500
1681136261505 40199.0 201000
1681136262221 40299.0 201500
1681136262742 40399.0 202000
1681136263344 40499.0 202500
1681136263763 40599.0 203000
1681136264154 40699.0 203500
1681136264929 40799.0 204000
1681136265366 40899.0 204500
1681136266202 40999.0 205000
1681136266529 41099.0 205500
1681136267499 41199.0 206000
1681136267884 41299.0 206500
1681136268280 41399.0 207000
1681136268899 41499.0 207500
1681136269307 41599.0 208000
1681136270006 41699.0 208500
1681136270253 41799.0 209000
1681136270604 41899.0 209500
1681136271457 41999.0 210000
1681136271879 42099.0 210500
1681136272656 42199.0 211000
1681136273041 42299.0 211500
1681136273324 42399.0 212000
1681136273685 42499.0 212500
1681136274017 42599.0 213000
1681136274238 42699.0 213500
1681136274561 42799.0 214000
1681136274812 42899.0 214500
1681136275123 42999.0 215000
1681136275432 43099.0 215500
1681136275683 43199.0 216000
1681136276113 43299.0 216500
1681136276475 43399.0 217000
1681136276723 43499.0 217500
1681136277026 43599.0 218000
1681136277270 43699.0 218500
1681136277507 43799.0 219000
1681136277774 43899.0 219500
1681136278019 43999.0 220000
1681136278231 44099.0 220500
1681136278479 44199.0 221000
1681136278709 44299.0 221500
1681136278912 44399.0 222000
1681136279177 44499.0 222500
1681136279456 44599.0 223000
1681136279719 44699.0 223500
1681136280068 44799.0 224000
1681136280340 44899.0 224500
1681136280613 44999.0 225000
1681136280889 45099.0 225500
1681136281151 45199.0 226000
1681136281389 45299.0 226500
1681136281628 45399.0 227000
1681136281892 45499.0 227500
1681136282095 45599.0 228000
1681136282296 45699.0 228500
1681136282542 45799.0 229000
1681136282797 45899.0 229500
1681136283013 45999.0 230000
1681136283224 46099.0 230500
1681136283401 46199.0 231000
1681136283582 46299.0 231500
1681136283761 46399.0 232000
1681136283939 46499.0 232500
1681136284126 46599.0 233000
1681136284315 46699.0 233500
1681136284487 46799.0 234000
1681136284665 46899.0 234500
1681136284843 46999.0 235000
1681136285021 47099.0 235500
1681136285235 47199.0 236000
1681136285413 47299.0 236500
1681136285595 47399.0 237000
1681136285773 47499.0 237500
1681136285957 47599.0 238000
1681136286130 47699.0 238500
1681136286304 47799.0 239000
1681136286487 47899.0 239500
1681136286697 47999.0 240000
1681136286889 48099.0 240500
1681136287072 48199.0 241000
1681136287250 48299.0 241500
1681136287437 48399.0 242000
1681136287624 48499.0 242500
1681136287813 48599.0 243000
1681136288059 48699.0 243500
1681136288251 48799.0 244000
1681136288440 48899.0 244500
1681136288673 48999.0 245000
1681136289457 49099.0 245500
1681136289890 49199.0 246000
1681136290669 49299.0 246500
1681136290935 49399.0 247000
1681136291404 49499.0 247500
1681136291925 49599.0 248000
1681136292841 49699.0 248500
1681136293183 49799.0 249000
1681136293605 49899.0 249500
1681136294022 49999.0 250000
1681136294648 50099.0 250500
1681136295103 50199.0 251000
1681136295913 50299.0 251500
1681136296351 50399.0 252000
1681136297045 50499.0 252500
1681136297453 50599.0 253000
1681136298064 50699.0 253500
1681136298365 50799.0 254000
1681136298761 50899.0 254500
1681136299137 50999.0 255000
1681136299638 51099.0 255500
1681136300079 51199.0 256000
1681136300649 51299.0 256500
1681136300980 51399.0 257000
1681136301533 51499.0 257500
1681136301996 51599.0 258000
1681136302810 51699.0 258500
1681136303199 51799.0 259000
1681136303761 51899.0 259500
1681136304251 51999.0 260000
1681136305199 52099.0 260500
1681136305591 52199.0 261000
1681136306226 52299.0 261500
1681136306719 52399.0 262000
1681136307675 52499.0 262500
1681136308054 52599.0 263000
1681136308690 52699.0 263500
1681136309123 52799.0 264000
1681136309835 52899.0 264500
1681136310277 52999.0 265000
1681136310927 53099.0 265500
1681136311357 53199.0 266000
1681136311890 53299.0 266500
1681136312283 53399.0 267000
1681136312860 53499.0 267500
1681136313284 53599.0 268000
1681136314090 53699.0 268500
1681136314502 53799.0 269000
1681136315151 53899.0 269500
1681136315609 53999.0 270000
1681136316436 54099.0 270500
1681136316819 54199.0 271000
1681136317477 54299.0 271500
1681136317919 54399.0 272000
1681136318717 54499.0 272500
1681136319257 54599.0 273000
1681136320391 54699.0 273500
1681136320822 54799.0 274000
1681136321468 54899.0 274500
1681136321881 54999.0 275000
1681136322550 55099.0 275500
1681136323007 55199.0 276000
1681136323903 55299.0 276500
1681136324298 55399.0 277000
1681136324982 55499.0 277500
1681136325429 55599.0 278000
1681136326275 55699.0 278500
1681136326658 55799.0 279000
1681136327261 55899.0 279500
1681136327657 55999.0 280000
1681136328396 56099.0 280500
1681136328733 56199.0 281000
1681136329272 56299.0 281500
1681136329743 56399.0 282000
1681136330602 56499.0 282500
1681136331074 56599.0 283000
1681136331841 56699.0 283500
1681136332305 56799.0 284000
1681136333133 56899.0 284500
1681136333547 56999.0 285000
1681136334351 57099.0 285500
1681136334720 57199.0 286000
1681136335287 57299.0 286500
1681136335701 57399.0 287000
1681136336186 57499.0 287500
1681136336616 57599.0 288000
1681136337368 57699.0 288500
1681136337812 57799.0 289000
1681136338598 57899.0 289500
1681136338949 57999.0 290000
1681136339506 58099.0 290500
1681136339878 58199.0 291000
1681136340368 58299.0 291500
1681136340760 58399.0 292000
1681136341455 58499.0 292500
1681136341950 58599.0 293000
1681136342663 58699.0 293500
1681136343075 58799.0 294000
1681136343846 58899.0 294500
1681136344335 58999.0 295000
1681136345147 59099.0 295500
1681136345570 59199.0 296000
1681136346277 59299.0 296500
1681136346643 59399.0 297000
1681136347307 59499.0 297500
1681136347696 59599.0 298000
1681136348331 59699.0 298500
1681136348768 59799.0 299000
1681136349559 59899.0 299500
1681136349940 59999.0 300000
