1681136112020 1.3350063562393188 500
1681136112222 -10.946391105651855 1000
1681136112394 -1.154600739479065 1500
1681136112579 -56.9649658203125 2000
1681136112757 -2.9047739505767822 2500
1681136112936 -1.8453960418701172 3000
1681136113109 2.093149185180664 3500
1681136113284 -6.157690525054932 4000
1681136113459 3.222858428955078 4500
1681136113642 -4.653256893157959 5000
1681136113844 0.6364893317222595 5500
1681136114033 -6.400920867919922 6000
1681136114228 -10.117265701293945 6500
1681136114450 0.8650031089782715 7000
1681136114661 -2.6290183067321777 7500
1681136114854 -4.9139323234558105 8000
1681136115139 1.569795846939087 8500
1681136115647 -0.0076575628481805325 9000
1681136115881 -7.409665107727051 9500
1681136116079 0.5268365144729614 10000
1681136116347 0.8561879992485046 10500
1681136116567 -4.320295810699463 11000
1681136116782 3.440441608428955 11500
1681136117027 -5.915635585784912 12000
1681136117289 -0.8729656934738159 12500
1681136117492 1.1070667505264282 13000
1681136117727 -2.204885721206665 13500
1681136117971 -2.5426745414733887 14000
1681136118202 5.484269142150879 14500
1681136118432 1.4232345819473267 15000
1681136118636 4.4027628898620605 15500
1681136118994 0.05654497817158699 16000
1681136119231 2.0344748497009277 16500
1681136119466 -2.795604944229126 17000
1681136119704 1.108963131904602 17500
1681136119901 3.6214699745178223 18000
1681136120162 -2.9820263385772705 18500
1681136120401 -3.6868789196014404 19000
1681136120656 -4.317016124725342 19500
1681136120888 -0.862596333026886 20000
1681136121124 0.024713005870580673 20500
1681136121377 -2.3194124698638916 21000
1681136121587 3.5434062480926514 21500
1681136121777 1.760694146156311 22000
1681136122008 -5.659428596496582 22500
1681136122255 -0.20779618620872498 23000
1681136122474 2.8755974769592285 23500
1681136122729 0.0007005499210208654 24000
1681136122934 -0.06294222921133041 24500
1681136123133 0.0100091015920043 25000
1681136123326 3.590594530105591 25500
1681136123517 1.3428709506988525 26000
1681136123701 -0.407519668340683 26500
1681136123892 1.8506734371185303 27000
1681136124073 -0.4286755621433258 27500
1681136124265 2.8254730701446533 28000
1681136124458 4.7691240310668945 28500
1681136124638 5.190377235412598 29000
1681136124829 -2.578608989715576 29500
1681136125036 -0.4265761971473694 30000
1681136125227 -0.08337360620498657 30500
1681136125413 2.864017963409424 31000
1681136125609 -1.73763906955719 31500
1681136125822 -3.7472317218780518 32000
1681136126012 0.20534677803516388 32500
1681136126196 0.9751409292221069 33000
1681136126403 5.492173194885254 33500
1681136126584 -5.301426887512207 34000
1681136126768 0.0989721268415451 34500
1681136126963 0.474764347076416 35000
1681136127165 -1.182868242263794 35500
1681136127377 -0.1630803793668747 36000
1681136127573 -2.4072744846343994 36500
1681136127764 -2.0522804260253906 37000
1681136127937 4.391634941101074 37500
1681136128121 5.881007194519043 38000
1681136128305 -2.0701820850372314 38500
1681136128504 2.135976791381836 39000
1681136128689 -0.6472100019454956 39500
1681136128890 0.9143916368484497 40000
1681136129077 -1.0758570432662964 40500
1681136129256 -1.2783280611038208 41000
1681136129440 -16.0489559173584 41500
1681136129621 -5.690669059753418 42000
1681136129835 -0.4042597711086273 42500
1681136130026 -15.91905689239502 43000
1681136130207 20.932247161865234 43500
1681136130390 -0.2115480899810791 44000
1681136130575 0.6675768494606018 44500
1681136130759 -0.4215626120567322 45000
1681136130936 -3.729914903640747 45500
1681136131109 -0.09767244756221771 46000
1681136131281 -5.395556449890137 46500
1681136131453 2.0083422660827637 47000
1681136131624 -1.8921406269073486 47500
1681136131796 0.7072494029998779 48000
1681136131970 2.4517314434051514 48500
1681136132141 10.279478073120117 49000
1681136132319 -3.411198854446411 49500
1681136132490 -0.6979886889457703 50000
1681136132657 0.0076037682592868805 50500
1681136132822 -0.10079941898584366 51000
1681136132989 -1.1979100704193115 51500
1681136133157 0.15051500499248505 52000
1681136133323 -0.3535771369934082 52500
1681136133492 -5.319561958312988 53000
1681136133665 5.879188537597656 53500
1681136133942 -0.12975969910621643 54000
1681136134175 0.4651769995689392 54500
1681136134713 1.1706750392913818 55000
1681136135141 0.7818789482116699 55500
1681136135711 -1.4102699756622314 56000
1681136136137 -2.6904919147491455 56500
1681136136899 -0.41188541054725647 57000
1681136137461 -1.4872733354568481 57500
1681136138034 0.6106117367744446 58000
1681136138477 -1.5454732179641724 58500
1681136139262 0.43931999802589417 59000
1681136139822 3.8309216499328613 59500
1681136140367 0.14754346013069153 60000
1681136140780 -0.30831068754196167 60500
1681136141348 4.579422950744629 61000
1681136141732 -1.5769824981689453 61500
1681136142170 -1.0098416805267334 62000
1681136142541 1.9841272830963135 62500
1681136143156 -0.049413956701755524 63000
1681136143598 0.5237958431243896 63500
1681136144051 -1.8458888530731201 64000
1681136144743 -0.764534592628479 64500
1681136145329 -0.1551654040813446 65000
1681136145617 0.3068901002407074 65500
1681136145846 -0.6890636086463928 66000
1681136146031 1.751671552658081 66500
1681136146222 0.2753761410713196 67000
1681136146402 -19.453060150146484 67500
1681136146578 -1.1969677209854126 68000
1681136146754 3.6429686546325684 68500
1681136146925 -0.7789543867111206 69000
1681136147100 -4.983111381530762 69500
1681136147274 -1.2685879468917847 70000
1681136147450 4.653030872344971 70500
1681136147625 1.6216766834259033 71000
1681136147808 0.5653651356697083 71500
1681136147982 -0.015422232449054718 72000
1681136148155 1.5844100713729858 72500
1681136148325 -0.28017130494117737 73000
1681136148496 0.8033075332641602 73500
1681136148663 -0.2376137226819992 74000
1681136148840 -1.6982901096343994 74500
1681136149024 1.7076160907745361 75000
1681136149202 -0.043342363089323044 75500
1681136149382 0.06814222037792206 76000
1681136149661 0.25943896174430847 76500
1681136149940 -0.6344729065895081 77000
1681136150756 0.5692655444145203 77500
1681136151509 -2.680635452270508 78000
1681136151990 0.43416786193847656 78500
1681136152406 0.5665652751922607 79000
1681136153024 1.9468435049057007 79500
1681136153670 -0.6355928182601929 80000
1681136154289 -0.016580965369939804 80500
1681136154882 -0.014208203181624413 81000
1681136155587 -1.4910516738891602 81500
1681136156246 0.23942002654075623 82000
1681136156957 -1.3687846660614014 82500
1681136157542 -0.9072742462158203 83000
1681136158009 -0.3934236466884613 83500
1681136158423 -1.7028236389160156 84000
1681136158972 -2.2685391902923584 84500
1681136159409 -0.015408679842948914 85000
1681136159943 1.7417285442352295 85500
1681136160347 -0.6680876016616821 86000
1681136160937 -0.6981810927391052 86500
1681136161433 -2.106552839279175 87000
1681136162141 0.47000399231910706 87500
1681136162825 2.280484199523926 88000
1681136163436 -0.7628678679466248 88500
1681136163972 -0.08144888281822205 89000
1681136164457 0.5077338814735413 89500
1681136164797 -1.576603651046753 90000
1681136165605 0.4182254374027252 90500
1681136165976 9.766535758972168 91000
1681136166334 -1.546422026876826e-05 91500
1681136166600 0.3724064230918884 92000
1681136166848 -2.7151036262512207 92500
1681136167271 0.24815687537193298 93000
1681136168340 0.12395460903644562 93500
1681136168608 1.2724844217300415 94000
1681136169022 1.4506498575210571 94500
1681136169630 0.8786008954048157 95000
1681136169967 -2.184866428375244 95500
1681136170437 0.5375839471817017 96000
1681136170971 0.14160576462745667 96500
1681136171237 -0.2687538266181946 97000
1681136171768 -0.060127776116132736 97500
1681136172111 0.00017884156841319054 98000
1681136172418 -0.8313018083572388 98500
1681136173301 -3.5338339805603027 99000
1681136173760 0.6658774018287659 99500
1681136174167 -0.03001466952264309 100000
1681136175081 -0.592234194278717 100500
1681136175489 -0.14826662838459015 101000
1681136176359 0.6588938236236572 101500
1681136176591 1.4264228343963623 102000
1681136177054 -0.4448131024837494 102500
1681136177353 0.288160502910614 103000
1681136177699 0.0008031109464354813 103500
1681136177920 0.0007286443724296987 104000
1681136178139 -0.6660996675491333 104500
1681136178561 0.0008589635835960507 105000
1681136179257 -0.0 105500
1681136179471 -0.5664979219436646 106000
1681136179688 -1.8110771179199219 106500
1681136180005 0.00434073293581605 107000
1681136180259 0.9080513715744019 107500
1681136180482 -0.011392246931791306 108000
1681136180696 -0.5358978509902954 108500
1681136180884 2.2657461166381836 109000
1681136181076 3.2931087017059326 109500
1681136181260 -0.5873474478721619 110000
1681136181458 0.7270758748054504 110500
1681136181635 5.153872489929199 111000
1681136181815 -3.633481979370117 111500
1681136182001 0.38733071088790894 112000
1681136182182 0.18002824485301971 112500
1681136182365 0.13746100664138794 113000
1681136182545 2.9262380599975586 113500
1681136182722 0.6240610480308533 114000
1681136182904 -0.2922399640083313 114500
1681136183083 5.190703392028809 115000
1681136183275 -0.44175997376441956 115500
1681136183458 -0.0 116000
1681136183636 2.738731861114502 116500
1681136183812 1.9036699533462524 117000
1681136183992 -16.781715393066406 117500
1681136184167 -0.0 118000
1681136184344 -3.179460048675537 118500
1681136184517 1.3556811809539795 119000
1681136184691 3.047337770462036 119500
1681136184870 -4.42757511138916 120000
1681136185051 -0.05623287707567215 120500
1681136185224 0.9900781512260437 121000
1681136185394 -3.729188919067383 121500
1681136185566 1.3591557741165161 122000
1681136185740 -0.9729974865913391 122500
1681136185918 -1.0207653045654297 123000
1681136186119 -34.74030685424805 123500
1681136186325 0.7024298310279846 124000
1681136186489 -2.4741101264953613 124500
1681136186649 -0.0002220923051936552 125000
1681136186811 0.3621824383735657 125500
1681136186968 -63.40012741088867 126000
1681136187128 -0.00010000880865845829 126500
1681136187294 -2.9196743965148926 127000
1681136187458 -3.1853229999542236 127500
1681136187664 0.025277871638536453 128000
1681136187825 -9.773741476237774e-05 128500
1681136187987 -0.37931597232818604 129000
1681136188153 -0.0008508249884471297 129500
1681136188316 0.11775051057338715 130000
1681136188481 0.037981271743774414 130500
1681136188647 -2.3355531692504883 131000
1681136188811 -0.008437279611825943 131500
1681136188984 -1.0311689376831055 132000
1681136189148 -3.9797966480255127 132500
1681136189312 0.5765282511711121 133000
1681136189478 0.018231041729450226 133500
1681136189648 1.2383235692977905 134000
1681136189828 -0.4544623792171478 134500
1681136190028 0.536009669303894 135000
1681136190209 -0.9737329483032227 135500
1681136190387 9.861939906841144e-05 136000
1681136190577 -0.8279102444648743 136500
1681136190760 -2.621521472930908 137000
1681136190961 0.22031497955322266 137500
1681136191157 0.782671332359314 138000
1681136191396 2.4166979789733887 138500
1681136191616 -2.344900131225586 139000
1681136191823 -1.5600420236587524 139500
1681136192077 -2.401705026626587 140000
1681136192364 0.03089471161365509 140500
1681136192627 0.5457306504249573 141000
1681136193070 -0.8661430478096008 141500
1681136193682 0.21188846230506897 142000
1681136193985 -2.5582480430603027 142500
1681136194711 -0.5394611358642578 143000
1681136195433 -0.1851002424955368 143500
1681136195833 0.1165781021118164 144000
1681136196201 0.741145133972168 144500
1681136196598 -0.11894415318965912 145000
1681136197139 0.0055224536918103695 145500
1681136197982 0.6204266548156738 146000
1681136198501 -0.8473841547966003 146500
1681136199269 -1.4088354110717773 147000
1681136199786 -0.01041555404663086 147500
1681136200512 0.4113085865974426 148000
1681136200878 -0.07061802595853806 148500
1681136201309 0.3623732030391693 149000
1681136201683 0.014461377635598183 149500
1681136202138 -0.7401754260063171 150000
1681136202521 -0.2935400605201721 150500
1681136202997 1.076340675354004 151000
1681136203412 -0.23447151482105255 151500
1681136203884 0.5579516291618347 152000
1681136204421 0.005749389994889498 152500
1681136205239 -1.3846354484558105 153000
1681136205679 -0.0074506462551653385 153500
1681136206168 0.408184289932251 154000
1681136206748 -0.3683238923549652 154500
1681136207720 -0.22946691513061523 155000
1681136208200 0.10908915102481842 155500
1681136208832 -0.3011740744113922 156000
1681136209222 -1.0368772745132446 156500
1681136209797 -0.18183645606040955 157000
1681136210300 0.47950488328933716 157500
1681136210797 -0.15557505190372467 158000
1681136211134 -0.6876854300498962 158500
1681136211517 -0.3457835018634796 159000
1681136212080 -0.014476900920271873 159500
1681136212873 1.061317801475525 160000
1681136213386 0.2222789227962494 160500
1681136214210 -0.46357616782188416 161000
1681136214607 -1.04076087474823 161500
1681136215096 -4.259389877319336 162000
1681136215579 0.24614910781383514 162500
1681136216194 -0.7230304479598999 163000
1681136216623 -0.23472186923027039 163500
1681136217226 -0.9109954833984375 164000
1681136217662 0.18541598320007324 164500
1681136218357 -0.6992719173431396 165000
1681136218799 -0.9970110654830933 165500
1681136219415 0.07153113931417465 166000
1681136219812 -0.13570283353328705 166500
1681136220317 0.5145996809005737 167000
1681136220802 1.4922593832015991 167500
1681136221654 -1.0042598247528076 168000
1681136222226 -0.3970121741294861 168500
1681136223169 0.08962766081094742 169000
1681136223735 -0.040719933807849884 169500
1681136224483 -0.09460698813199997 170000
1681136224978 -0.7424336671829224 170500
1681136225615 0.08544834703207016 171000
1681136226070 0.2539064884185791 171500
1681136226650 -0.1274971067905426 172000
1681136227210 -0.37565645575523376 172500
1681136227872 0.10154787451028824 173000
1681136228523 0.30482354760169983 173500
1681136229510 -0.27920570969581604 174000
1681136230000 -1.4083924293518066 174500
1681136230737 0.07901600748300552 175000
1681136231028 0.416804701089859 175500
1681136231575 0.046191032975912094 176000
1681136231977 -0.21515817940235138 176500
1681136233034 -0.660844624042511 177000
1681136233511 13.632893562316895 177500
1681136233919 -0.04630325362086296 178000
1681136234848 0.2774084508419037 178500
1681136235234 1.0316194295883179 179000
1681136235583 0.7958520650863647 179500
1681136236208 0.2154732197523117 180000
1681136236585 -0.11910589784383774 180500
1681136237416 0.5546256303787231 181000
1681136237861 -1.2041429281234741 181500
1681136238118 0.03854743391275406 182000
1681136238403 -0.36361855268478394 182500
1681136238705 -0.03698878362774849 183000
1681136239536 -0.013574984855949879 183500
1681136239977 0.12274084240198135 184000
1681136240346 -0.3369136452674866 184500
1681136240717 0.20793211460113525 185000
1681136241472 -1.2301867008209229 185500
1681136242061 0.035289254039525986 186000
1681136242841 -0.650283932685852 186500
1681136243510 0.5644937753677368 187000
1681136244455 0.953697681427002 187500
1681136245111 3.0778510570526123 188000
1681136245980 -0.3768995404243469 188500
1681136246560 0.28902894258499146 189000
1681136247243 0.2320851981639862 189500
1681136247730 0.027043526992201805 190000
1681136248293 -0.33569058775901794 190500
1681136248720 0.07092321664094925 191000
1681136249018 0.5276894569396973 191500
1681136249586 0.2667004466056824 192000
1681136250403 1.234215497970581 192500
1681136250950 -0.07246987521648407 193000
1681136251830 -0.0034876943100243807 193500
1681136252262 -1.399346113204956 194000
1681136252824 0.790413498878479 194500
1681136253446 0.012876701541244984 195000
1681136254518 0.6600793600082397 195500
1681136254991 0.024453654885292053 196000
1681136255686 -0.43355193734169006 196500
1681136256228 -0.01739049330353737 197000
1681136257095 -0.08995379507541656 197500
1681136257529 0.03985462337732315 198000
1681136258204 -0.2813064157962799 198500
1681136258733 -0.4369524121284485 199000
1681136259640 0.49048152565956116 199500
1681136259921 -0.21900184452533722 200000
1681136260864 0.12766358256340027 200500
1681136261505 -0.21977050602436066 201000
1681136262222 -0.32518094778060913 201500
1681136262742 0.13167275488376617 202000
1681136263344 -0.6869819760322571 202500
1681136263763 -0.9715883135795593 203000
1681136264155 0.12882806360721588 203500
1681136264929 -0.1903877556324005 204000
1681136265367 -2.5551645755767822 204500
1681136266202 0.3851650357246399 205000
1681136266530 0.10365898907184601 205500
1681136267499 -1.2730721235275269 206000
1681136267885 0.0019063774961978197 206500
1681136268281 -0.4835365414619446 207000
1681136268899 -0.3015556037425995 207500
1681136269307 -1.3668678998947144 208000
1681136270007 5.058557510375977 208500
1681136270253 -0.9053236246109009 209000
1681136270605 -0.1283055543899536 209500
1681136271458 0.19145232439041138 210000
1681136271880 -0.16421961784362793 210500
1681136272656 -0.010617946274578571 211000
1681136273042 -0.974157989025116 211500
1681136273324 -0.2601645290851593 212000
1681136273685 0.44473394751548767 212500
1681136274017 0.00447853421792388 213000
1681136274239 0.009761842899024487 213500
1681136274561 -0.003905961290001869 214000
1681136274812 0.0007623453275300562 214500
1681136275123 0.0011684244964271784 215000
1681136275432 0.15202467143535614 215500
1681136275684 0.3117949068546295 216000
1681136276114 -0.029109328985214233 216500
1681136276475 0.38887548446655273 217000
1681136276724 0.11611845344305038 217500
1681136277026 1.5507688522338867 218000
1681136277271 -0.9199777841567993 218500
1681136277508 0.7269170880317688 219000
1681136277774 -0.09788728505373001 219500
1681136278019 -0.04216047376394272 220000
1681136278231 0.0041571082547307014 220500
1681136278480 0.2274404764175415 221000
1681136278710 0.5374628901481628 221500
1681136278913 -0.013168146833777428 222000
1681136279177 0.1097269281744957 222500
1681136279456 0.1984862983226776 223000
1681136279719 0.1633148491382599 223500
1681136280068 0.0008502405253238976 224000
1681136280340 6.634402325289557e-06 224500
1681136280613 -0.0 225000
1681136280890 0.2624583840370178 225500
1681136281151 2.0246918201446533 226000
1681136281389 -2.9768594686174765e-05 226500
1681136281628 -0.11156667768955231 227000
1681136281892 0.6202036142349243 227500
1681136282096 -0.4005570411682129 228000
1681136282297 0.11306241899728775 228500
1681136282542 -0.08099059015512466 229000
1681136282797 1.6934601068496704 229500
1681136283013 0.021729379892349243 230000
1681136283224 -1.6229413747787476 230500
1681136283401 4.903796672821045 231000
1681136283583 0.013130669482052326 231500
1681136283762 -0.2910386919975281 232000
1681136283940 -0.010370802134275436 232500
1681136284126 -0.025981515645980835 233000
1681136284316 -19.871286392211914 233500
1681136284487 1.0371525287628174 234000
1681136284666 -0.9558500051498413 234500
1681136284844 3.385225772857666 235000
1681136285022 0.8915618658065796 235500
1681136285236 -0.6220171451568604 236000
1681136285413 1.0712032318115234 236500
1681136285595 -1.2288682460784912 237000
1681136285773 0.038691528141498566 237500
1681136285957 -0.023272478953003883 238000
1681136286130 -0.1217297688126564 238500
1681136286304 -0.06146595999598503 239000
1681136286488 -1.7478253841400146 239500
1681136286698 -0.3580510914325714 240000
1681136286890 -0.0 240500
1681136287073 -11.852754592895508 241000
1681136287250 0.5340418219566345 241500
1681136287437 -1.7361730337142944 242000
1681136287624 0.020800381898880005 242500
1681136287813 0.060842521488666534 243000
1681136288061 1.3490002155303955 243500
1681136288251 -0.005354172550141811 244000
1681136288440 5.7729543186724186e-05 244500
1681136288673 -0.5970887541770935 245000
1681136289458 -0.6151186227798462 245500
1681136289891 -0.017405157908797264 246000
1681136290670 -0.0005206738132983446 246500
1681136290936 0.45827755331993103 247000
1681136291404 -1.442786455154419 247500
1681136291926 -0.6420238614082336 248000
1681136292841 1.533677339553833 248500
1681136293184 -0.14085035026073456 249000
1681136293605 0.06538300216197968 249500
1681136294022 -0.4329478144645691 250000
1681136294649 1.1465972661972046 250500
1681136295104 0.35321366786956787 251000
1681136295913 -0.03578063100576401 251500
1681136296352 0.24486282467842102 252000
1681136297045 0.8672782182693481 252500
1681136297454 -0.1584087759256363 253000
1681136298064 -0.10675104707479477 253500
1681136298366 -0.5465050339698792 254000
1681136298761 0.008364535868167877 254500
1681136299137 0.5618577599525452 255000
1681136299639 0.644297182559967 255500
1681136300079 -0.358751118183136 256000
1681136300649 -0.09139728546142578 256500
1681136300980 -2.4393513202667236 257000
1681136301534 -0.04759252816438675 257500
1681136301996 -0.04894919693470001 258000
1681136302811 0.3062610626220703 258500
1681136303200 0.047246985137462616 259000
1681136303762 -0.34011369943618774 259500
1681136304252 -1.1634244918823242 260000
1681136305199 -0.29018545150756836 260500
1681136305591 0.0009611047571524978 261000
1681136306226 -0.7859973907470703 261500
1681136306719 0.05819938704371452 262000
1681136307675 0.014945022761821747 262500
1681136308054 0.8373713493347168 263000
1681136308691 -0.09493865072727203 263500
1681136309123 -1.3253247737884521 264000
1681136309836 0.07404031604528427 264500
1681136310277 0.5575796365737915 265000
1681136310928 -0.031661443412303925 265500
1681136311357 -0.5032316446304321 266000
1681136311890 0.44219833612442017 266500
1681136312283 0.008318020030856133 267000
1681136312860 0.04193015396595001 267500
1681136313284 -0.17544600367546082 268000
1681136314091 0.7092946171760559 268500
1681136314502 -0.17157261073589325 269000
1681136315152 0.0003391622449271381 269500
1681136315610 0.29395392537117004 270000
1681136316436 -1.0746352672576904 270500
1681136316820 0.47941261529922485 271000
1681136317478 -0.14833344519138336 271500
1681136317919 0.18957635760307312 272000
1681136318717 0.09195505082607269 272500
1681136319257 -0.24344293773174286 273000
1681136320391 0.3790627121925354 273500
1681136320822 -0.15033510327339172 274000
1681136321468 0.01541371364146471 274500
1681136321882 -0.2625947892665863 275000
1681136322550 0.2767292857170105 275500
1681136323008 0.06909827888011932 276000
1681136323903 0.10920049995183945 276500
1681136324298 -0.09128148853778839 277000
1681136324982 -0.7832082509994507 277500
1681136325430 -0.5872337222099304 278000
1681136326276 -0.5530757308006287 278500
1681136326658 0.2906719744205475 279000
1681136327262 -0.00052756501827389 279500
1681136327657 0.27030202746391296 280000
1681136328396 -1.1729557514190674 280500
1681136328733 0.3200783431529999 281000
1681136329272 0.11137129366397858 281500
1681136329743 -0.05218391492962837 282000
1681136330602 0.2522188425064087 282500
1681136331074 -0.010997015982866287 283000
1681136331842 0.017678426578640938 283500
1681136332306 -1.91221022605896 284000
1681136333133 0.6287736892700195 284500
1681136333548 0.827917218208313 285000
1681136334351 -0.010948559269309044 285500
1681136334721 -1.3411061763763428 286000
1681136335287 1.4422019720077515 286500
1681136335701 -0.05257053300738335 287000
1681136336186 -0.012340418063104153 287500
1681136336616 -0.26945239305496216 288000
1681136337369 -0.03267679736018181 288500
1681136337812 -0.7344989776611328 289000
1681136338599 -0.37399882078170776 289500
1681136338949 -0.2506663203239441 290000
1681136339506 -0.2954963147640228 290500
1681136339878 -0.05533601716160774 291000
1681136340368 -0.0066703250631690025 291500
1681136340761 -0.6116046905517578 292000
1681136341456 -0.5924358367919922 292500
1681136341950 -0.049140408635139465 293000
1681136342663 0.01064357627183199 293500
1681136343076 -0.12750831246376038 294000
1681136343847 1.042907476425171 294500
1681136344335 -0.18258003890514374 295000
1681136345147 0.3834817111492157 295500
1681136345571 0.17444340884685516 296000
1681136346277 -0.26940658688545227 296500
1681136346643 -0.0675274133682251 297000
1681136347307 -0.40518617630004883 297500
1681136347697 -0.10317878425121307 298000
1681136348332 0.0011954351793974638 298500
1681136348768 0.5260920524597168 299000
1681136349560 0.03400463983416557 299500
1681136349940 -0.009290608577430248 300000
