1681136112021 7.788150787353516 500
1681136112222 341.3313903808594 1000
1681136112394 1.885965347290039 1500
1681136112579 4012.167236328125 2000
1681136112757 11.182096481323242 2500
1681136112937 42.07538986206055 3000
1681136113109 16.4744873046875 3500
1681136113284 9.945881843566895 4000
1681136113459 10.143839836120605 4500
1681136113643 10.48110580444336 5000
1681136113844 1.2240397930145264 5500
1681136114033 112.01826477050781 6000
1681136114229 307.26788330078125 6500
1681136114450 11.174397468566895 7000
1681136114661 28.2066707611084 7500
1681136114854 67.83935546875 8000
1681136115139 1.9780771732330322 8500
1681136115648 0.0038183231372386217 9000
1681136115881 26.942668914794922 9500
1681136116079 30.4818058013916 10000
1681136116347 668.1873779296875 10500
1681136116567 19.16086196899414 11000
1681136116783 29.66522216796875 11500
1681136117027 70.80603790283203 12000
1681136117289 1.7014586925506592 12500
1681136117492 4.977880477905273 13000
1681136117727 23.96771240234375 13500
1681136117971 15.56322956085205 14000
1681136118203 90.39640045166016 14500
1681136118432 6.890856742858887 15000
1681136118636 60.0496826171875 15500
1681136118995 22.007415771484375 16000
1681136119231 6.206238269805908 16500
1681136119467 19.25493621826172 17000
1681136119704 10.485488891601562 17500
1681136119901 30.828907012939453 18000
1681136120163 13.181251525878906 18500
1681136120401 45.8273811340332 19000
1681136120656 74.81208801269531 19500
1681136120889 2.197833776473999 20000
1681136121124 0.23919768631458282 20500
1681136121377 29.5387020111084 21000
1681136121588 120.48127746582031 21500
1681136121778 8.570119857788086 22000
1681136122008 79.9345474243164 22500
1681136122256 11.174493789672852 23000
1681136122474 70.80867004394531 23500
1681136122729 0.0001448054681532085 24000
1681136122934 100.53764343261719 24500
1681136123134 1.1119600534439087 25000
1681136123326 38.76659393310547 25500
1681136123518 4.69464111328125 26000
1681136123701 15111.9814453125 26500
1681136123892 115.2298355102539 27000
1681136124073 0.7072525024414062 27500
1681136124265 7.403059482574463 28000
1681136124458 70.73981475830078 28500
1681136124639 81.6219482421875 29000
1681136124829 27.765960693359375 29500
1681136125036 1.1046922206878662 30000
1681136125228 69.81588745117188 30500
1681136125413 48.193756103515625 31000
1681136125610 10.755433082580566 31500
1681136125822 72.75630950927734 32000
1681136126012 134.84085083007812 32500
1681136126196 8.06916618347168 33000
1681136126403 48.80189895629883 33500
1681136126585 63.4998779296875 34000
1681136126769 79.3896255493164 34500
1681136126963 2.2038586139678955 35000
1681136127165 2.779247283935547 35500
1681136127378 0.8369010090827942 36000
1681136127573 37.90321731567383 36500
1681136127764 138.94229125976562 37000
1681136127937 77.2156982421875 37500
1681136128122 107.73536682128906 38000
1681136128305 6.124938011169434 38500
1681136128504 12.16755485534668 39000
1681136128689 19.561603546142578 39500
1681136128891 3.659719944000244 40000
1681136129077 1.0187879800796509 40500
1681136129257 6.557928562164307 41000
1681136129441 1914.6904296875 41500
1681136129622 38.45341873168945 42000
1681136129836 1.057831048965454 42500
1681136130026 2365.0615234375 43000
1681136130207 763.3070068359375 43500
1681136130390 0.5037442445755005 44000
1681136130575 2.6218273639678955 44500
1681136130759 47.41584396362305 45000
1681136130936 69.0553970336914 45500
1681136131109 173.7525634765625 46000
1681136131281 82.55802154541016 46500
1681136131454 17.85481071472168 47000
1681136131624 10.737719535827637 47500
1681136131796 34.95551300048828 48000
1681136131970 20.709341049194336 48500
1681136132142 151.13336181640625 49000
1681136132319 11.2593412399292 49500
1681136132490 3.46162486076355 50000
1681136132658 0.40269771218299866 50500
1681136132822 2.2525086402893066 51000
1681136132990 2.937094211578369 51500
1681136133157 60.241920471191406 52000
1681136133323 1.111090898513794 52500
1681136133493 82.26431274414062 53000
1681136133666 85.86544036865234 53500
1681136133942 1.87773859500885 54000
1681136134175 2.5286128520965576 54500
1681136134713 4.457089900970459 55000
1681136135141 1.2400603294372559 55500
1681136135711 1.2426878213882446 56000
1681136136137 6.809567451477051 56500
1681136136899 1.120725154876709 57000
1681136137461 2.303468704223633 57500
1681136138035 4.119001865386963 58000
1681136138478 14.78071117401123 58500
1681136139263 1.0107778310775757 59000
1681136139823 37.194583892822266 59500
1681136140367 16.263891220092773 60000
1681136140780 1.6475715637207031 60500
1681136141348 34.505157470703125 61000
1681136141732 2.2567667961120605 61500
1681136142171 3.179933547973633 62000
1681136142542 11.551085472106934 62500
1681136143157 0.20094719529151917 63000
1681136143599 2.399040699005127 63500
1681136144052 9.771976470947266 64000
1681136144743 0.7052146196365356 64500
1681136145330 0.32785069942474365 65000
1681136145617 1.1242079734802246 65500
1681136145846 16.73438835144043 66000
1681136146031 109.42779541015625 66500
1681136146222 0.9222113490104675 67000
1681136146402 5105.8544921875 67500
1681136146579 3.000476598739624 68000
1681136146754 13.991297721862793 68500
1681136146925 2.1907742023468018 69000
1681136147100 32.096824645996094 69500
1681136147275 4.018374443054199 70000
1681136147450 64.77708435058594 70500
1681136147625 8.054651260375977 71000
1681136147808 0.6813772320747375 71500
1681136147982 323.5589904785156 72000
1681136148155 15.215255737304688 72500
1681136148325 0.724573016166687 73000
1681136148496 7.3654022216796875 73500
1681136148663 0.6378616094589233 74000
1681136148840 1.9349008798599243 74500
1681136149024 21.777137756347656 75000
1681136149202 0.4511285722255707 75500
1681136149382 10.50218391418457 76000
1681136149661 1.8454269170761108 76500
1681136149940 0.9970041513442993 77000
1681136150756 2.4182324409484863 77500
1681136151509 8.107024192810059 78000
1681136151990 1.5873608589172363 78500
1681136152407 4.402143955230713 79000
1681136153025 3.559901714324951 79500
1681136153670 1.7108192443847656 80000
1681136154289 0.3915974497795105 80500
1681136154883 1.1019929647445679 81000
1681136155588 4.581155300140381 81500
1681136156247 0.33557790517807007 82000
1681136156957 12.716886520385742 82500
1681136157542 2.329655885696411 83000
1681136158009 0.760593593120575 83500
1681136158423 12.237361907958984 84000
1681136158972 11.022074699401855 84500
1681136159410 0.6357085108757019 85000
1681136159944 6.898226261138916 85500
1681136160347 1.6871858835220337 86000
1681136160938 0.6566570997238159 86500
1681136161433 4.015514850616455 87000
1681136162142 3.636392116546631 87500
1681136162825 14.630395889282227 88000
1681136163436 0.7836031317710876 88500
1681136163973 3.070418119430542 89000
1681136164457 0.5954238176345825 89500
1681136164797 5.707472324371338 90000
1681136165605 1.2127783298492432 90500
1681136165977 88.12245178222656 91000
1681136166334 21.769874572753906 91500
1681136166601 4.732139587402344 92000
1681136166848 60.13507080078125 92500
1681136167272 0.7796701192855835 93000
1681136168341 3.1436173915863037 93500
1681136168608 22.830354690551758 94000
1681136169022 6.49207067489624 94500
1681136169631 2.8038177490234375 95000
1681136169967 11.30788803100586 95500
1681136170437 2.2667975425720215 96000
1681136170972 2.1890830993652344 96500
1681136171237 10.835317611694336 97000
1681136171768 3.373734712600708 97500
1681136172112 32.49161911010742 98000
1681136172419 2.5460779666900635 98500
1681136173301 19.188770294189453 99000
1681136173760 4.337635040283203 99500
1681136174168 0.6569596529006958 100000
1681136175081 4.353069305419922 100500
1681136175489 0.9692950248718262 101000
1681136176359 88.94825744628906 101500
1681136176592 6.7016191482543945 102000
1681136177055 3.8463573455810547 102500
1681136177354 2.296963691711426 103000
1681136177699 10.197139739990234 103500
1681136177921 0.0017357952892780304 104000
1681136178139 27.976490020751953 104500
1681136178561 0.004260393790900707 105000
1681136179257 26.1140193939209 105500
1681136179472 90.72702026367188 106000
1681136179689 16.08335304260254 106500
1681136180006 0.1820010095834732 107000
1681136180259 9048.1318359375 107500
1681136180483 228.70394897460938 108000
1681136180696 1.6255724430084229 108500
1681136180884 274.77642822265625 109000
1681136181076 20.91874122619629 109500
1681136181261 5.898476600646973 110000
1681136181458 4.523091793060303 110500
1681136181636 108.74642181396484 111000
1681136181815 107.5210952758789 111500
1681136182001 8.82988166809082 112000
1681136182182 10.533391952514648 112500
1681136182365 0.7816566228866577 113000
1681136182545 25.31273078918457 113500
1681136182722 3.7449371814727783 114000
1681136182904 4.413754463195801 114500
1681136183084 142.5474395751953 115000
1681136183276 141.1805877685547 115500
1681136183459 74.73790740966797 116000
1681136183636 61.00749588012695 116500
1681136183813 41.953102111816406 117000
1681136183992 2861.400390625 117500
1681136184168 12.304868698120117 118000
1681136184344 105.5969009399414 118500
1681136184518 27.082717895507812 119000
1681136184691 75.77874755859375 119500
1681136184870 30.07553482055664 120000
1681136185051 10.361300468444824 120500
1681136185225 4.96265172958374 121000
1681136185394 32.39025115966797 121500
1681136185567 12.669095993041992 122000
1681136185740 5.146572113037109 122500
1681136185918 3.5513992309570312 123000
1681136186119 5094.67431640625 123500
1681136186326 1.9767109155654907 124000
1681136186489 12.4285249710083 124500
1681136186649 0.7140423059463501 125000
1681136186811 3.5457916259765625 125500
1681136186969 5904.18115234375 126000
1681136187129 5.979447364807129 126500
1681136187294 16.108810424804688 127000
1681136187459 18.308490753173828 127500
1681136187665 0.024669179692864418 128000
1681136187826 0.1703546643257141 128500
1681136187988 0.6071447134017944 129000
1681136188154 85.49632263183594 129500
1681136188316 0.12354600429534912 130000
1681136188482 2.0399909019470215 130500
1681136188647 7.9664459228515625 131000
1681136188811 0.11335859447717667 131500
1681136188985 6.365284442901611 132000
1681136189148 25.649484634399414 132500
1681136189313 1.4510166645050049 133000
1681136189479 0.08112869411706924 133500
1681136189649 2.0303680896759033 134000
1681136189828 0.2597386837005615 134500
1681136190028 0.9085095524787903 135000
1681136190210 2.9846348762512207 135500
1681136190388 0.38752394914627075 136000
1681136190577 10.431512832641602 136500
1681136190760 46.988529205322266 137000
1681136190961 0.462714284658432 137500
1681136191158 5.334536552429199 138000
1681136191397 68.53886413574219 138500
1681136191617 961.9007568359375 139000
1681136191823 13.401666641235352 139500
1681136192078 46.13433837890625 140000
1681136192365 0.24496904015541077 140500
1681136192627 2.5225913524627686 141000
1681136193071 3.2247989177703857 141500
1681136193682 0.925869345664978 142000
1681136193986 1.423987627029419 142500
1681136194711 1.1495630741119385 143000
1681136195433 1.1006287336349487 143500
1681136195834 2.23983097076416 144000
1681136196202 3.337939739227295 144500
1681136196598 0.07447727024555206 145000
1681136197139 0.19959668815135956 145500
1681136197982 4.818941116333008 146000
1681136198501 16.60182762145996 146500
1681136199269 8.725667953491211 147000
1681136199787 0.544590413570404 147500
1681136200512 0.7936461567878723 148000
1681136200878 0.5623018145561218 148500
1681136201309 6.870094299316406 149000
1681136201683 0.4140647351741791 149500
1681136202138 9.554365158081055 150000
1681136202521 0.6743056178092957 150500
1681136202998 4.260847091674805 151000
1681136203412 0.9245918393135071 151500
1681136203884 1.7971820831298828 152000
1681136204421 1.023245930671692 152500
1681136205239 1.2722177505493164 153000
1681136205679 0.2716434597969055 153500
1681136206168 4.595484256744385 154000
1681136206749 2.7113547325134277 154500
1681136207720 0.3875942528247833 155000
1681136208200 0.5624092221260071 155500
1681136208832 0.29259786009788513 156000
1681136209222 17.249874114990234 156500
1681136209797 1.4650170803070068 157000
1681136210301 0.8875945806503296 157500
1681136210797 2.0191426277160645 158000
1681136211134 1.1780909299850464 158500
1681136211517 1.9395132064819336 159000
1681136212080 0.395528644323349 159500
1681136212874 7.882648468017578 160000
1681136213386 1.922625184059143 160500
1681136214210 12.75761890411377 161000
1681136214607 0.8629932403564453 161500
1681136215096 12.38477897644043 162000
1681136215580 1.728996992111206 162500
1681136216194 3.512554168701172 163000
1681136216623 1.0351369380950928 163500
1681136217226 1.36399245262146 164000
1681136217662 2.562047243118286 164500
1681136218357 2.802546739578247 165000
1681136218800 1.6170088052749634 165500
1681136219415 0.20877401530742645 166000
1681136219812 0.4817383289337158 166500
1681136220318 6.986684322357178 167000
1681136220802 3.8693604469299316 167500
1681136221654 5.716430187225342 168000
1681136222226 3.7546844482421875 168500
1681136223169 0.1870940625667572 169000
1681136223735 0.14414428174495697 169500
1681136224484 0.34761282801628113 170000
1681136224978 1.3047716617584229 170500
1681136225616 2.3439176082611084 171000
1681136226070 1.808301568031311 171500
1681136226650 2.0073955059051514 172000
1681136227210 2.4673376083374023 172500
1681136227873 3.733002185821533 173000
1681136228523 4.82285213470459 173500
1681136229511 4.17138147354126 174000
1681136230000 12.818758964538574 174500
1681136230738 0.7817315459251404 175000
1681136231028 5.7005934715271 175500
1681136231576 35.655033111572266 176000
1681136231977 0.31474894285202026 176500
1681136233035 1.654825210571289 177000
1681136233511 743.8279418945312 177500
1681136233919 1.1558873653411865 178000
1681136234849 0.8758028149604797 178500
1681136235234 5.3015899658203125 179000
1681136235583 66.82855224609375 179500
1681136236209 1.0687452554702759 180000
1681136236585 1.4250954389572144 180500
1681136237417 2.162740468978882 181000
1681136237861 89.4162826538086 181500
1681136238118 0.7767320871353149 182000
1681136238404 3.039214611053467 182500
1681136238706 0.7916244268417358 183000
1681136239536 0.9572221040725708 183500
1681136239978 2.535292387008667 184000
1681136240347 1.9930393695831299 184500
1681136240718 0.5972715020179749 185000
1681136241472 5.749387264251709 185500
1681136242061 0.5113229751586914 186000
1681136242841 0.5179821848869324 186500
1681136243510 1.8108768463134766 187000
1681136244456 6.455029487609863 187500
1681136245112 9.688621520996094 188000
1681136245980 0.41167622804641724 188500
1681136246560 1.241618275642395 189000
1681136247243 2.773549795150757 189500
1681136247730 0.06948007643222809 190000
1681136248294 2.667468547821045 190500
1681136248720 4.079291820526123 191000
1681136249019 2.702235460281372 191500
1681136249586 4.2736592292785645 192000
1681136250403 0.954017162322998 192500
1681136250951 0.933358371257782 193000
1681136251831 0.41387778520584106 193500
1681136252262 8.324682235717773 194000
1681136252824 4.423706531524658 194500
1681136253447 0.33333349227905273 195000
1681136254518 14.986956596374512 195500
1681136254991 0.5476845502853394 196000
1681136255686 2.2331390380859375 196500
1681136256229 1.1059690713882446 197000
1681136257095 1.0633586645126343 197500
1681136257529 2.9287896156311035 198000
1681136258205 0.2870197892189026 198500
1681136258733 0.3162521421909332 199000
1681136259640 18.900203704833984 199500
1681136259922 3.374993085861206 200000
1681136260864 1.44729483127594 200500
1681136261505 0.3026084303855896 201000
1681136262222 0.7539997100830078 201500
1681136262743 0.6214715242385864 202000
1681136263344 1.317854881286621 202500
1681136263764 4.572996139526367 203000
1681136264155 0.1537303626537323 203500
1681136264929 5.40031623840332 204000
1681136265367 2.2055296897888184 204500
1681136266202 10.503873825073242 205000
1681136266530 2.117232084274292 205500
1681136267499 3.9159369468688965 206000
1681136267885 60.3741569519043 206500
1681136268281 1.716870665550232 207000
1681136268899 0.22678084671497345 207500
1681136269307 2.4738547801971436 208000
1681136270007 27.678848266601562 208500
1681136270253 52.92649459838867 209000
1681136270605 0.6398906707763672 209500
1681136271458 0.3873489499092102 210000
1681136271880 1.5004404783248901 210500
1681136272656 0.09718571603298187 211000
1681136273042 1.7939964532852173 211500
1681136273325 0.2518613040447235 212000
1681136273685 0.7503086924552917 212500
1681136274017 1.3473565578460693 213000
1681136274239 0.09431903064250946 213500
1681136274562 0.07084231078624725 214000
1681136274813 2.705127000808716 214500
1681136275124 1.0523457527160645 215000
1681136275432 0.15468335151672363 215500
1681136275684 0.28137996792793274 216000
1681136276114 0.6947439908981323 216500
1681136276476 4.107064247131348 217000
1681136276724 0.24185767769813538 217500
1681136277027 5920.50634765625 218000
1681136277271 1.183301568031311 218500
1681136277508 0.5024538040161133 219000
1681136277774 0.13296325504779816 219500
1681136278019 0.37035828828811646 220000
1681136278231 193.81988525390625 220500
1681136278480 237.74472045898438 221000
1681136278710 8.526226997375488 221500
1681136278913 0.07872078567743301 222000
1681136279178 1.5154622793197632 222500
1681136279457 1.7450978755950928 223000
1681136279720 0.30697932839393616 223500
1681136280068 4.139259338378906 224000
1681136280341 23.703304290771484 224500
1681136280613 4.408616065979004 225000
1681136280890 0.2966483533382416 225500
1681136281152 313.6512451171875 226000
1681136281389 0.02113567292690277 226500
1681136281629 0.550855815410614 227000
1681136281892 4.0921406745910645 227500
1681136282096 2.947932481765747 228000
1681136282297 0.02757294476032257 228500
1681136282543 6.516477108001709 229000
1681136282798 7.023247718811035 229500
1681136283014 0.7481135129928589 230000
1681136283224 5411.931640625 230500
1681136283402 64.99479675292969 231000
1681136283583 1.6566522121429443 231500
1681136283762 11.504443168640137 232000
1681136283940 0.414999783039093 232500
1681136284127 0.14785794913768768 233000
1681136284316 4816.11962890625 233500
1681136284488 5.050718784332275 234000
1681136284666 4.15756893157959 234500
1681136284844 11.656486511230469 235000
1681136285022 9.890995979309082 235500
1681136285236 1.8025203943252563 236000
1681136285413 7.4442853927612305 236500
1681136285596 7.9377617835998535 237000
1681136285774 0.3046608567237854 237500
1681136285958 0.11822198331356049 238000
1681136286131 1.054291009902954 238500
1681136286305 2.7032179832458496 239000
1681136286488 27.20345115661621 239500
1681136286698 9.053528785705566 240000
1681136286890 3.550271987915039 240500
1681136287073 834.9270629882812 241000
1681136287251 0.6411983966827393 241500
1681136287437 15.370617866516113 242000
1681136287625 0.353890985250473 242500
1681136287813 0.05301854759454727 243000
1681136288061 61.46553421020508 243500
1681136288251 14.272984504699707 244000
1681136288441 219.78872680664062 244500
1681136288673 0.9144710302352905 245000
1681136289458 2.109489679336548 245500
1681136289891 0.9465047717094421 246000
1681136290670 22.835779190063477 246500
1681136290936 4.438224792480469 247000
1681136291405 10.864944458007812 247500
1681136291926 16.776412963867188 248000
1681136292842 18.06976318359375 248500
1681136293184 0.5185213088989258 249000
1681136293605 1.9238303899765015 249500
1681136294022 1.6113218069076538 250000
1681136294649 9.11707592010498 250500
1681136295104 1.1825172901153564 251000
1681136295913 1.6500142812728882 251500
1681136296352 21.170305252075195 252000
1681136297046 12.77375602722168 252500
1681136297454 0.6136454343795776 253000
1681136298064 1.0278170108795166 253500
1681136298366 0.7474900484085083 254000
1681136298761 0.23653212189674377 254500
1681136299138 2.0921082496643066 255000
1681136299639 0.4963335394859314 255500
1681136300079 1.2008302211761475 256000
1681136300649 0.9103830456733704 256500
1681136300981 3.9755027294158936 257000
1681136301534 0.372469425201416 257500
1681136301996 0.6164318323135376 258000
1681136302811 0.678799033164978 258500
1681136303200 1.0569359064102173 259000
1681136303762 7.324527740478516 259500
1681136304252 4.769889831542969 260000
1681136305199 1.2866272926330566 260500
1681136305591 0.45109692215919495 261000
1681136306226 10.476168632507324 261500
1681136306719 0.3962530493736267 262000
1681136307675 16.54180908203125 262500
1681136308054 4.155882358551025 263000
1681136308691 1.5180894136428833 263500
1681136309124 8.49866771697998 264000
1681136309836 0.5000487565994263 264500
1681136310277 1.2731438875198364 265000
1681136310928 54.700035095214844 265500
1681136311357 0.7105387449264526 266000
1681136311891 13.846277236938477 266500
1681136312284 0.26353317499160767 267000
1681136312860 3.6912741661071777 267500
1681136313285 1.391911268234253 268000
1681136314091 8.342905044555664 268500
1681136314502 0.3252798914909363 269000
1681136315152 23.566680908203125 269500
1681136315610 1.3027305603027344 270000
1681136316436 1.0171700716018677 270500
1681136316820 2.9909420013427734 271000
1681136317478 0.8372570872306824 271500
1681136317920 0.09964306652545929 272000
1681136318717 1.535091757774353 272500
1681136319257 0.9077630043029785 273000
1681136320392 2.680659055709839 273500
1681136320822 0.4723830223083496 274000
1681136321469 0.5455028414726257 274500
1681136321882 5.504971981048584 275000
1681136322550 0.6085286140441895 275500
1681136323008 6.077986717224121 276000
1681136323904 1.1847028732299805 276500
1681136324299 1.0386993885040283 277000
1681136324982 4.358342170715332 277500
1681136325430 0.6419435739517212 278000
1681136326276 2.2189674377441406 278500
1681136326658 0.9597597122192383 279000
1681136327262 19.13943862915039 279500
1681136327657 0.9561756253242493 280000
1681136328397 6.783312797546387 280500
1681136328734 0.8787039518356323 281000
1681136329272 4.476990222930908 281500
1681136329744 0.5129966139793396 282000
1681136330603 1.1351462602615356 282500
1681136331075 0.0590563639998436 283000
1681136331842 0.8149245381355286 283500
1681136332306 5.345722198486328 284000
1681136333133 5.498459815979004 284500
1681136333548 3.607144594192505 285000
1681136334351 1.3170357942581177 285500
1681136334721 1.5320755243301392 286000
1681136335288 25.141643524169922 286500
1681136335701 0.18815584480762482 287000
1681136336187 0.2122919261455536 287500
1681136336617 0.9370414018630981 288000
1681136337369 0.880608081817627 288500
1681136337813 1.9512914419174194 289000
1681136338599 0.6805263161659241 289500
1681136338950 3.121337652206421 290000
1681136339506 0.49831637740135193 290500
1681136339878 3.514183759689331 291000
1681136340369 4.519093990325928 291500
1681136340761 0.9949567914009094 292000
1681136341456 0.4303777813911438 292500
1681136341951 0.05298137664794922 293000
1681136342664 0.014476576820015907 293500
1681136343076 0.8839902877807617 294000
1681136343847 6.268354415893555 294500
1681136344335 1.8373420238494873 295000
1681136345148 3.0979416370391846 295500
1681136345571 1.7723184823989868 296000
1681136346278 0.5981796979904175 296500
1681136346644 0.08159347623586655 297000
1681136347308 0.6572800874710083 297500
1681136347697 0.03678538277745247 298000
1681136348332 0.44525378942489624 298500
1681136348768 3.748711109161377 299000
1681136349560 1.252871036529541 299500
1681136349941 2.7957139015197754 300000
