1681550291520 2253.0 500
1681550291701 2442.0 1000
1681550291875 2571.0 1500
1681550292064 2587.0 2000
1681550292266 2564.0 2500
1681550292491 2501.0 3000
1681550292685 2512.0 3500
1681550292884 2512.0 4000
1681550293105 2481.0 4500
1681550293326 2457.0 5000
1681550293577 2405.0 5500
1681550293860 2335.0 6000
1681550294434 2068.0 6500
1681550294791 2000.0 7000
1681550295040 2000.0 7500
1681550295304 1993.0 8000
1681550295665 1943.0 8500
1681550295874 1964.0 9000
1681550296194 1937.0 9500
1681550296411 1953.0 10000
