1681550291521 100.0 500
1681550291701 200.0 1000
1681550291875 300.0 1500
1681550292065 400.0 2000
1681550292267 500.0 2500
1681550292491 600.0 3000
1681550292685 700.0 3500
1681550292884 800.0 4000
1681550293105 900.0 4500
1681550293326 1000.0 5000
1681550293578 1100.0 5500
1681550293861 1200.0 6000
1681550294434 1300.0 6500
1681550294791 1400.0 7000
1681550295041 1500.0 7500
1681550295304 1600.0 8000
1681550295665 1700.0 8500
1681550295874 1800.0 9000
1681550296195 1900.0 9500
1681550296411 2000.0 10000
