1681550291522 500.0 500
1681550291702 1000.0 1000
1681550291876 1500.0 1500
1681550292066 2000.0 2000
1681550292268 2500.0 2500
1681550292492 3000.0 3000
1681550292686 3500.0 3500
1681550292885 4000.0 4000
1681550293106 4500.0 4500
1681550293327 5000.0 5000
1681550293579 5500.0 5500
1681550293861 6000.0 6000
1681550294435 6500.0 6500
1681550294792 7000.0 7000
1681550295042 7500.0 7500
1681550295305 8000.0 8000
1681550295666 8500.0 8500
1681550295875 9000.0 9000
1681550296196 9500.0 9500
1681550296412 10000.0 10000
