1681551220007 0.0061060842126607895 4096
1681551220648 0.007659762166440487 6144
1681551221294 0.006070127710700035 8192
1681551221946 0.010758445598185062 10240
1681551222603 0.00777168944478035 12288
1681551223255 0.007860449142754078 14336
1681551223922 0.01711425557732582 16384
1681551224629 0.013184988871216774 18432
1681551225312 0.01194228045642376 20480
1681551226011 0.00821750983595848 22528
1681551227275 0.01136651448905468 24576
1681551228406 0.004464427009224892 26624
1681551229330 0.011986710131168365 28672
1681551230662 0.004256328102201223 30720
1681551231792 0.007474246434867382 32768
1681551232954 0.00587750319391489 34816
1681551234158 0.012135764583945274 36864
1681551235681 0.005876284092664719 38912
1681551237657 0.006310625467449427 40960
1681551240213 0.006451323162764311 43008
1681551241901 0.007035599555820227 45056
1681551244136 0.008278535678982735 47104
1681551245613 0.006010061129927635 49152
1681551247586 0.010575072839856148 51200
1681551249914 0.007421007379889488 53248
1681551252352 0.007882102392613888 55296
1681551253512 0.008972100913524628 57344
1681551255527 0.006338435225188732 59392
1681551257520 0.006773557513952255 61440
1681551259407 0.008746573701500893 63488
1681551261308 0.008624272421002388 65536
1681551263073 0.005910157226026058 67584
1681551265192 0.010230381041765213 69632
1681551267111 0.010354738682508469 71680
1681551269009 0.008773978799581528 73728
1681551270977 0.009910892695188522 75776
1681551273287 0.0033885198645293713 77824
1681551276135 0.00429182406514883 79872
1681551278210 0.005891893059015274 81920
1681551280998 0.010272219777107239 83968
1681551283258 0.007814168930053711 86016
1681551285103 0.007035025395452976 88064
1681551286946 0.006603519897907972 90112
1681551289292 0.008127586916089058 92160
1681551291440 0.009699240326881409 94208
1681551293169 0.006367424502968788 96256
1681551295795 0.006381729152053595 98304
1681551298380 0.006331454962491989 100352
1681551300422 0.006279099732637405 102400
1681551302257 0.00834191869944334 104448
1681551303931 0.00536914449185133 106496
1681551305655 0.008266005665063858 108544
1681551307983 0.019287966191768646 110592
1681551309874 0.005552435293793678 112640
1681551312225 0.006855590734630823 114688
1681551314587 0.004762869328260422 116736
1681551316428 0.0030560677405446768 118784
1681551318710 0.003885091282427311 120832
1681551320433 0.005471476353704929 122880
1681551322783 0.003269277047365904 124928
1681551324697 0.004502876196056604 126976
1681551326578 0.006930104922503233 129024
1681551329063 0.0033448520116508007 131072
1681551331427 0.004694364964962006 133120
1681551333950 0.005030367523431778 135168
1681551336214 0.0055981166660785675 137216
1681551338529 0.009792027994990349 139264
1681551341004 0.0067996010184288025 141312
1681551343467 0.0045573050156235695 143360
1681551345812 0.004602313041687012 145408
1681551348086 0.00536272581666708 147456
1681551350620 0.0037625483237206936 149504
1681551352911 0.005024163983762264 151552
1681551355145 0.007118758745491505 153600
1681551356751 0.006246779579669237 155648
1681551359259 0.004119297489523888 157696
1681551361115 0.0036376025527715683 159744
1681551363141 0.0077642034739255905 161792
1681551364836 0.00560296606272459 163840
1681551366692 0.0029781674966216087 165888
1681551369039 0.0031738760881125927 167936
1681551371295 0.005788147449493408 169984
1681551373668 0.006349809467792511 172032
1681551376256 0.004720758646726608 174080
1681551860064 0.00355061748996377 176128
1681551862330 0.0031462416518479586 178176
1681551865164 0.006780453957617283 180224
1681551867640 0.005735252983868122 182272
1681551869733 0.008383668959140778 184320
1681551872794 0.0067064194008708 186368
1681551874916 0.0050673349760472775 188416
1681551876743 0.00740855885669589 190464
1681551878774 0.005919517017900944 192512
1681551881272 0.006239374168217182 194560
1681551883820 0.006409419700503349 196608
1681551886079 0.0052513619884848595 198656
1681551888651 0.00805816799402237 200704
1681551890425 0.00626751221716404 202752
1681551893209 0.00777982734143734 204800
1681551895081 0.004501014016568661 206848
1681551897126 0.01410539448261261 208896
1681551898806 0.0059651597402989864 210944
1681551901983 0.008107040077447891 212992
1681551903909 0.0065400255843997 215040
1681551905837 0.003490571863949299 217088
1681551908111 0.01851751282811165 219136
1681551910051 0.00643725972622633 221184
1681551912027 0.007636398542672396 223232
1681551914301 0.005959315225481987 225280
1681551916230 0.006329910829663277 227328
1681551917989 0.004280879162251949 229376
1681551919891 0.004006707575172186 231424
1681551922178 0.010011409409344196 233472
1681551924103 0.006395447533577681 235520
1681551927053 0.00603882409632206 237568
1681551928876 0.008048826828598976 239616
1681551930272 0.004089945461601019 241664
1681551932621 0.006911536678671837 243712
1681551934652 0.005985068157315254 245760
1681551936272 0.008389520458877087 247808
1681551938334 0.0038488544523715973 249856
1681551940205 0.0037181798834353685 251904
1681551941871 0.006491095293313265 253952
1681551943339 0.0038275374099612236 256000
1681551945887 0.005946656223386526 258048
1681551947729 0.008140921592712402 260096
1681551949686 0.004401157610118389 262144
1681551951829 0.008279452100396156 264192
1681551953879 0.004385332576930523 266240
1681551956636 0.008161705918610096 268288
1681551959244 0.009829079732298851 270336
1681551960963 0.007209043949842453 272384
1681551962751 0.00693703256547451 274432
1681551964653 0.003534178016707301 276480
1681551966839 0.006703704129904509 278528
1681551969124 0.009531870484352112 280576
1681551970880 0.0062209367752075195 282624
1681551972446 0.005318662151694298 284672
1681551974161 0.00819180067628622 286720
1681551975500 0.0060159433633089066 288768
1681551977697 0.00973434653133154 290816
1681551979827 0.003957156557589769 292864
1681551981439 0.005573390983045101 294912
1681551983542 0.005408512894064188 296960
1681551985225 0.004286049399524927 299008
1681551986993 0.005366768222302198 301056
1681551989252 0.007521296851336956 303104
1681551990727 0.003854205831885338 305152
1681551992739 0.00515261385589838 307200
