1681551220008 0.2 4096
1681551220649 0.2 6144
1681551221295 0.2 8192
1681551221947 0.2 10240
1681551222604 0.2 12288
1681551223255 0.2 14336
1681551223923 0.2 16384
1681551224630 0.2 18432
1681551225312 0.2 20480
1681551226012 0.2 22528
1681551227276 0.2 24576
1681551228407 0.2 26624
1681551229330 0.2 28672
1681551230663 0.2 30720
1681551231793 0.2 32768
1681551232955 0.2 34816
1681551234159 0.2 36864
1681551235682 0.2 38912
1681551237658 0.2 40960
1681551240214 0.2 43008
1681551241902 0.2 45056
1681551244137 0.2 47104
1681551245614 0.2 49152
1681551247587 0.2 51200
1681551249915 0.2 53248
1681551252353 0.2 55296
1681551253513 0.2 57344
1681551255527 0.2 59392
1681551257521 0.2 61440
1681551259408 0.2 63488
1681551261309 0.2 65536
1681551263074 0.2 67584
1681551265193 0.2 69632
1681551267112 0.2 71680
1681551269010 0.2 73728
1681551270978 0.2 75776
1681551273287 0.2 77824
1681551276136 0.2 79872
1681551278211 0.2 81920
1681551280999 0.2 83968
1681551283259 0.2 86016
1681551285104 0.2 88064
1681551286947 0.2 90112
1681551289292 0.2 92160
1681551291441 0.2 94208
1681551293170 0.2 96256
1681551295796 0.2 98304
1681551298381 0.2 100352
1681551300423 0.2 102400
1681551302258 0.2 104448
1681551303932 0.2 106496
1681551305656 0.2 108544
1681551307984 0.2 110592
1681551309875 0.2 112640
1681551312226 0.2 114688
1681551314588 0.2 116736
1681551316429 0.2 118784
1681551318711 0.2 120832
1681551320434 0.2 122880
1681551322783 0.2 124928
1681551324697 0.2 126976
1681551326579 0.2 129024
1681551329064 0.2 131072
1681551331428 0.2 133120
1681551333951 0.2 135168
1681551336215 0.2 137216
1681551338530 0.2 139264
1681551341005 0.2 141312
1681551343468 0.2 143360
1681551345813 0.2 145408
1681551348087 0.2 147456
1681551350621 0.2 149504
1681551352912 0.2 151552
1681551355146 0.2 153600
1681551356751 0.2 155648
1681551359260 0.2 157696
1681551361116 0.2 159744
1681551363142 0.2 161792
1681551364837 0.2 163840
1681551366693 0.2 165888
1681551369040 0.2 167936
1681551371296 0.2 169984
1681551373669 0.2 172032
1681551376257 0.2 174080
1681551860066 0.2 176128
1681551862331 0.2 178176
1681551865165 0.2 180224
1681551867641 0.2 182272
1681551869734 0.2 184320
1681551872795 0.2 186368
1681551874917 0.2 188416
1681551876744 0.2 190464
1681551878775 0.2 192512
1681551881273 0.2 194560
1681551883821 0.2 196608
1681551886080 0.2 198656
1681551888653 0.2 200704
1681551890426 0.2 202752
1681551893210 0.2 204800
1681551895081 0.2 206848
1681551897127 0.2 208896
1681551898807 0.2 210944
1681551901984 0.2 212992
1681551903910 0.2 215040
1681551905838 0.2 217088
1681551908112 0.2 219136
1681551910052 0.2 221184
1681551912028 0.2 223232
1681551914302 0.2 225280
1681551916231 0.2 227328
1681551917990 0.2 229376
1681551919892 0.2 231424
1681551922179 0.2 233472
1681551924103 0.2 235520
1681551927054 0.2 237568
1681551928877 0.2 239616
1681551930273 0.2 241664
1681551932622 0.2 243712
1681551934654 0.2 245760
1681551936273 0.2 247808
1681551938335 0.2 249856
1681551940206 0.2 251904
1681551941872 0.2 253952
1681551943340 0.2 256000
1681551945888 0.2 258048
1681551947729 0.2 260096
1681551949687 0.2 262144
1681551951830 0.2 264192
1681551953880 0.2 266240
1681551956636 0.2 268288
1681551959245 0.2 270336
1681551960964 0.2 272384
1681551962753 0.2 274432
1681551964654 0.2 276480
1681551966841 0.2 278528
1681551969125 0.2 280576
1681551970881 0.2 282624
1681551972446 0.2 284672
1681551974161 0.2 286720
1681551975501 0.2 288768
1681551977698 0.2 290816
1681551979828 0.2 292864
1681551981440 0.2 294912
1681551983543 0.2 296960
1681551985226 0.2 299008
1681551986993 0.2 301056
1681551989253 0.2 303104
1681551990728 0.2 305152
1681551992740 0.2 307200
