1681551220008 0.00380859375 4096
1681551220648 0.014111328125 6144
1681551221294 0.00517578125 8192
1681551221946 0.09423828125 10240
1681551222604 0.036767578125 12288
1681551223255 0.051025390625 14336
1681551223922 0.158984375 16384
1681551224629 0.187744140625 18432
1681551225312 0.097216796875 20480
1681551226012 0.04013671875 22528
1681551227275 0.035009765625 24576
1681551228406 0.02255859375 26624
1681551229330 0.0474609375 28672
1681551230662 0.007080078125 30720
1681551231793 0.02099609375 32768
1681551232955 0.057470703125 34816
1681551234158 0.0720703125 36864
1681551235681 0.03681640625 38912
1681551237658 0.047607421875 40960
1681551240214 0.0478515625 43008
1681551241902 0.04619140625 45056
1681551244136 0.160498046875 47104
1681551245613 0.07568359375 49152
1681551247586 0.051953125 51200
1681551249914 0.070458984375 53248
1681551252353 0.067236328125 55296
1681551253513 0.118798828125 57344
1681551255527 0.05263671875 59392
1681551257521 0.04052734375 61440
1681551259407 0.073974609375 63488
1681551261309 0.07880859375 65536
1681551263073 0.063623046875 67584
1681551265192 0.11484375 69632
1681551267111 0.0873046875 71680
1681551269010 0.128955078125 73728
1681551270978 0.13798828125 75776
1681551273287 0.02275390625 77824
1681551276135 0.019140625 79872
1681551278210 0.0615234375 81920
1681551280999 0.094384765625 83968
1681551283259 0.07412109375 86016
1681551285104 0.070849609375 88064
1681551286946 0.053564453125 90112
1681551289292 0.081103515625 92160
1681551291441 0.09189453125 94208
1681551293170 0.0400390625 96256
1681551295795 0.04287109375 98304
1681551298381 0.044970703125 100352
1681551300423 0.06044921875 102400
1681551302257 0.070458984375 104448
1681551303931 0.04072265625 106496
1681551305656 0.07822265625 108544
1681551307984 0.070458984375 110592
1681551309875 0.065576171875 112640
1681551312225 0.078759765625 114688
1681551314587 0.049365234375 116736
1681551316429 0.028466796875 118784
1681551318711 0.069677734375 120832
1681551320433 0.04736328125 122880
1681551322783 0.0474609375 124928
1681551324697 0.05146484375 126976
1681551326579 0.072216796875 129024
1681551329064 0.040185546875 131072
1681551331427 0.039111328125 133120
1681551333951 0.04716796875 135168
1681551336215 0.066357421875 137216
1681551338529 0.068505859375 139264
1681551341004 0.0587890625 141312
1681551343467 0.06650390625 143360
1681551345813 0.04892578125 145408
1681551348087 0.06162109375 147456
1681551350621 0.049072265625 149504
1681551352911 0.06328125 151552
1681551355145 0.072119140625 153600
1681551356751 0.056982421875 155648
1681551359260 0.02470703125 157696
1681551361116 0.0572265625 159744
1681551363142 0.053173828125 161792
1681551364837 0.06513671875 163840
1681551366692 0.0421875 165888
1681551369040 0.05048828125 167936
1681551371296 0.06650390625 169984
1681551373668 0.06796875 172032
1681551376257 0.04716796875 174080
1681551860065 0.04931640625 176128
1681551862330 0.02216796875 178176
1681551865165 0.059619140625 180224
1681551867641 0.060693359375 182272
1681551869733 0.08466796875 184320
1681551872795 0.05927734375 186368
1681551874917 0.056640625 188416
1681551876743 0.073974609375 190464
1681551878775 0.046630859375 192512
1681551881272 0.04267578125 194560
1681551883821 0.061865234375 196608
1681551886079 0.04765625 198656
1681551888652 0.047119140625 200704
1681551890426 0.047216796875 202752
1681551893210 0.075244140625 204800
1681551895081 0.0423828125 206848
1681551897126 0.08828125 208896
1681551898806 0.05751953125 210944
1681551901984 0.080224609375 212992
1681551903909 0.087255859375 215040
1681551905838 0.0349609375 217088
1681551908111 0.06484375 219136
1681551910052 0.05595703125 221184
1681551912028 0.065478515625 223232
1681551914302 0.0568359375 225280
1681551916230 0.07861328125 227328
1681551917990 0.046044921875 229376
1681551919892 0.034326171875 231424
1681551922179 0.08984375 233472
1681551924103 0.075341796875 235520
1681551927054 0.068701171875 237568
1681551928876 0.05546875 239616
1681551930273 0.0359375 241664
1681551932622 0.035009765625 243712
1681551934653 0.056494140625 245760
1681551936272 0.071533203125 247808
1681551938334 0.036328125 249856
1681551940206 0.038330078125 251904
1681551941871 0.091357421875 253952
1681551943339 0.055419921875 256000
1681551945887 0.0478515625 258048
1681551947729 0.0837890625 260096
1681551949687 0.05302734375 262144
1681551951830 0.06142578125 264192
1681551953880 0.02978515625 266240
1681551956636 0.081640625 268288
1681551959244 0.060302734375 270336
1681551960964 0.08681640625 272384
1681551962752 0.07001953125 274432
1681551964654 0.033984375 276480
1681551966840 0.053662109375 278528
1681551969124 0.086083984375 280576
1681551970881 0.075244140625 282624
1681551972446 0.058203125 284672
1681551974161 0.08134765625 286720
1681551975500 0.051318359375 288768
1681551977698 0.074853515625 290816
1681551979828 0.05927734375 292864
1681551981440 0.0568359375 294912
1681551983542 0.0490234375 296960
1681551985225 0.0791015625 299008
1681551986993 0.069140625 301056
1681551989252 0.0634765625 303104
1681551990727 0.052294921875 305152
1681551992740 0.04716796875 307200
