1681551220009 -1.3840817585587502 4096
1681551220649 -1.3758432768285274 6144
1681551221295 -1.3670664828270673 8192
1681551221947 -1.3690224446356296 10240
1681551222604 -1.3683345261961222 12288
1681551223256 -1.356412198767066 14336
1681551223923 -1.3314169213175773 16384
1681551224630 -1.298426004499197 18432
1681551225313 -1.2639671463519335 20480
1681551226012 -1.237251453101635 22528
1681551227276 -1.2022211506962777 24576
1681551228407 -1.180667021125555 26624
1681551229331 -1.1849698398262263 28672
1681551230663 -1.1406121645122766 30720
1681551231794 -1.1292405407875776 32768
1681551232956 -1.132552507892251 34816
1681551234159 -1.0605844669044018 36864
1681551235682 -1.0694414269179107 38912
1681551237659 -0.9964072156697512 40960
1681551240215 -1.11753548681736 43008
1681551241903 -1.13615526817739 45056
1681551244137 -1.1114758230745792 47104
1681551245614 -1.162404377758503 49152
1681551247587 -0.9391633929684758 51200
1681551249915 -1.0815537977963685 53248
1681551252354 -0.9946065727621317 55296
1681551253514 -1.0946234926581382 57344
1681551255528 -1.0782874066382646 59392
1681551257521 -1.0152448009699584 61440
1681551259408 -0.9717746501788497 63488
1681551261310 -0.9961589755490422 65536
1681551263074 -1.0191613333299756 67584
1681551265193 -1.0214627839624881 69632
1681551267112 -0.9952444342896343 71680
1681551269011 -0.9689755832776428 73728
1681551270978 -1.0531973971053958 75776
1681551273288 -1.0019466320052743 77824
1681551276136 -0.9521963346749545 79872
1681551278211 -0.976602483727038 81920
1681551280999 -1.0111590703949331 83968
1681551283259 -0.9908265924081207 86016
1681551285105 -1.029834554158151 88064
1681551286947 -0.9755092082545161 90112
1681551289293 -0.9257632318884135 92160
1681551291442 -0.9798956220969558 94208
1681551293171 -0.9163497598841787 96256
1681551295796 -0.8859140843152999 98304
1681551298381 -0.9657170293852687 100352
1681551300423 -0.9329010454937816 102400
1681551302258 -0.9730396654456854 104448
1681551303932 -0.9525365395471453 106496
1681551305657 -0.9342103922739625 108544
1681551307984 -0.9448207216337323 110592
1681551309876 -0.9176481988281011 112640
1681551312226 -0.9202110562473536 114688
1681551314588 -0.9213302617892623 116736
1681551316429 -0.9039930954575539 118784
1681551318712 -0.8863809660077095 120832
1681551320434 -0.9186761995777488 122880
1681551322784 -0.8599835280328989 124928
1681551324698 -0.9542089071124792 126976
1681551326580 -0.9157411551102996 129024
1681551329065 -0.8806601578369737 131072
1681551331428 -0.906639377400279 133120
1681551333952 -0.8510957360267639 135168
1681551336216 -0.9040038151666522 137216
1681551338530 -0.9074855698272586 139264
1681551341005 -0.9295570254325867 141312
1681551343468 -0.8756575511768461 143360
1681551345814 -0.8906038638204337 145408
1681551348087 -0.901512842439115 147456
1681551350622 -0.844459300301969 149504
1681551352912 -0.8833336155861616 151552
1681551355146 -0.8904376782476902 153600
1681551356752 -0.8924422865733505 155648
1681551359261 -0.8313440661877394 157696
1681551361116 -0.8654987094923854 159744
1681551363142 -0.9069945929571986 161792
1681551364838 -0.9022452926263214 163840
1681551366693 -0.8786340653896332 165888
1681551369041 -0.846299909055233 167936
1681551371297 -0.8606234002858401 169984
1681551373669 -0.8964787181466818 172032
1681551376258 -0.8444084003567696 174080
1681551860066 -0.8692180059850216 176128
1681551862331 -0.8813780477270484 178176
1681551865166 -0.8542232478037477 180224
1681551867642 -0.8695551017299294 182272
1681551869734 -0.859204208292067 184320
1681551872796 -0.9081952795386314 186368
1681551874918 -0.9376838343217969 188416
1681551876744 -0.923551313765347 190464
1681551878776 -0.9068555701524019 192512
1681551881273 -0.8203989926725626 194560
1681551883822 -0.8870840206742286 196608
1681551886080 -0.8448539970442652 198656
1681551888653 -0.8887964276596904 200704
1681551890427 -0.8187089793384075 202752
1681551893211 -0.8466269074007868 204800
1681551895082 -0.8684718642383814 206848
1681551897127 -0.8354666056111455 208896
1681551898807 -0.8580306747928261 210944
1681551901985 -0.8065888315439225 212992
1681551903910 -0.9353252736851573 215040
1681551905839 -0.891718640178442 217088
1681551908112 -0.9141288071870803 219136
1681551910053 -0.9241706190630794 221184
1681551912028 -0.9403108621016145 223232
1681551914302 -0.8655325829982757 225280
1681551916232 -0.8825825825333595 227328
1681551917990 -0.8113800063729286 229376
1681551919893 -0.9273040948435665 231424
1681551922180 -0.9190488498657942 233472
1681551924104 -0.9339327648282051 235520
1681551927055 -0.8619269739836455 237568
1681551928877 -0.8689981210976839 239616
1681551930274 -0.768998809531331 241664
1681551932622 -0.8069160906597972 243712
1681551934654 -0.8139330085366965 245760
1681551936273 -0.766509392671287 247808
1681551938335 -0.7834010822698474 249856
1681551940207 -0.8705225283280015 251904
1681551941872 -0.8712872950360179 253952
1681551943340 -0.7791803602129221 256000
1681551945888 -0.7965807661414146 258048
1681551947730 -0.838830960355699 260096
1681551949688 -0.8179715152829885 262144
1681551951830 -0.8404399195685983 264192
1681551953881 -0.8973306886851787 266240
1681551956637 -0.9199892794713378 268288
1681551959246 -0.9073982927948236 270336
1681551960965 -0.77251062002033 272384
1681551962753 -0.8745657492429018 274432
1681551964654 -0.8413841556757689 276480
1681551966841 -0.8226293902844191 278528
1681551969125 -0.8264747316017746 280576
1681551970882 -0.8437092449516058 282624
1681551972447 -0.8819179084151983 284672
1681551974162 -0.7738146021962166 286720
1681551975501 -0.8241550877690316 288768
1681551977699 -0.8411889398470521 290816
1681551979829 -0.8112394029274583 292864
1681551981440 -0.8770262623205781 294912
1681551983543 -0.8722491689026356 296960
1681551985226 -0.8377142235636711 299008
1681551986994 -0.8427834495902061 301056
1681551989253 -0.8235284965485334 303104
1681551990728 -0.8086889738216996 305152
1681551992740 -0.7827814379706979 307200
