1681551220009 0.001986384391784668 4096
1681551220650 0.001357436180114746 6144
1681551221296 -0.03448224067687988 8192
1681551221947 0.002829134464263916 10240
1681551222605 0.0006835460662841797 12288
1681551223256 -0.07223856449127197 14336
1681551223923 -0.0008509159088134766 16384
1681551224631 -4.017353057861328e-05 18432
1681551225313 -0.00031757354736328125 20480
1681551226013 -0.00022161006927490234 22528
1681551227276 8.165836334228516e-06 24576
1681551228408 0.0006745457649230957 26624
1681551229331 0.01959317922592163 28672
1681551230663 0.03843182325363159 30720
1681551231794 0.08676177263259888 32768
1681551232956 0.10870218276977539 34816
1681551234160 0.20737570524215698 36864
1681551235683 0.20149052143096924 38912
1681551237659 0.334566593170166 40960
1681551240215 0.27848881483078003 43008
1681551241903 0.4467191696166992 45056
1681551244137 -0.04956817626953125 47104
1681551245615 0.36448681354522705 49152
1681551247587 0.15669375658035278 51200
1681551249916 0.14640897512435913 53248
1681551252354 0.45142507553100586 55296
1681551253514 0.2773095369338989 57344
1681551255528 0.3489500880241394 59392
1681551257522 0.4822067618370056 61440
1681551259408 0.6462202072143555 63488
1681551261310 0.7677316516637802 65536
1681551263075 0.526604413986206 67584
1681551265193 0.6145002245903015 69632
1681551267113 0.32014739513397217 71680
1681551269011 0.8198841512203217 73728
1681551270979 0.002074599266052246 75776
1681551273288 0.40724629163742065 77824
1681551276136 0.6556632816791534 79872
1681551278212 0.7498122453689575 81920
1681551281000 0.8153541386127472 83968
1681551283260 0.5014307796955109 86016
1681551285105 0.8372807502746582 88064
1681551286947 0.38983428478240967 90112
1681551289293 0.8521797060966492 92160
1681551291442 0.9004540145397186 94208
1681551293171 0.7425921857357025 96256
1681551295797 0.5421054065227509 98304
1681551298382 0.9428753592073917 100352
1681551300424 0.7183445990085602 102400
1681551302258 0.9177053645253181 104448
1681551303932 0.8392317742109299 106496
1681551305657 0.7287268936634064 108544
1681551307985 0.7841990739107132 110592
1681551309876 0.8726893961429596 112640
1681551312227 0.8872422724962234 114688
1681551314589 0.9172225892543793 116736
1681551316430 0.5856007635593414 118784
1681551318712 0.640192061662674 120832
1681551320435 0.7711409628391266 122880
1681551322784 0.6632323861122131 124928
1681551324698 0.9338566288352013 126976
1681551326580 0.7922239452600479 129024
1681551329065 0.30223357677459717 131072
1681551331428 0.8453951776027679 133120
1681551333952 0.2964959144592285 135168
1681551336216 0.7861208319664001 137216
1681551338530 0.8811123669147491 139264
1681551341006 0.9136709421873093 141312
1681551343469 0.6689455807209015 143360
1681551345814 0.8184954524040222 145408
1681551348088 0.9069456160068512 147456
1681551350622 0.3961644768714905 149504
1681551352912 0.8774922713637352 151552
1681551355147 0.7142449617385864 153600
1681551356752 0.8839827850461006 155648
1681551359261 0.6266270279884338 157696
1681551361117 0.8670611828565598 159744
1681551363143 0.594508707523346 161792
1681551364838 0.9039894193410873 163840
1681551366693 0.8912356644868851 165888
1681551369041 0.8838327825069427 167936
1681551371297 0.8685525208711624 169984
1681551373670 0.948263842612505 172032
1681551376258 0.726884514093399 174080
1681551860067 0.5102747976779938 176128
1681551862332 0.8526279926300049 178176
1681551865166 0.9103798270225525 180224
1681551867642 0.932647705078125 182272
1681551869734 0.9292128756642342 184320
1681551872796 0.9246656373143196 186368
1681551874918 0.9302646219730377 188416
1681551876745 0.8743391036987305 190464
1681551878776 0.9116093218326569 192512
1681551881274 0.0643574595451355 194560
1681551883822 0.9412354901432991 196608
1681551886081 0.6135756075382233 198656
1681551888654 0.7600443959236145 200704
1681551890427 0.9063238203525543 202752
1681551893211 0.47220438718795776 204800
1681551895082 0.5950857698917389 206848
1681551897128 0.5844469964504242 208896
1681551898808 0.5646323561668396 210944
1681551901985 0.636369526386261 212992
1681551903911 0.9412623904645443 215040
1681551905839 0.5088703632354736 217088
1681551908113 0.4148973822593689 219136
1681551910054 0.8665619045495987 221184
1681551912029 0.7845769226551056 223232
1681551914303 0.8256879299879074 225280
1681551916232 0.9420489780604839 227328
1681551917991 0.8948694318532944 229376
1681551919893 0.6618433594703674 231424
1681551922180 0.7565953880548477 233472
1681551924104 0.8659342229366302 235520
1681551927055 0.6496218144893646 237568
1681551928878 0.5014148652553558 239616
1681551930274 0.4255155324935913 241664
1681551932623 0.53110471367836 243712
1681551934655 0.8701258897781372 245760
1681551936273 0.834365501999855 247808
1681551938336 0.27913224697113037 249856
1681551940207 0.5089058876037598 251904
1681551941873 0.7886297255754471 253952
1681551943340 0.7273531258106232 256000
1681551945889 0.7508292496204376 258048
1681551947730 0.8915332406759262 260096
1681551949688 0.5231785178184509 262144
1681551951831 0.8454751968383789 264192
1681551953881 0.5970200598239899 266240
1681551956637 0.7085530459880829 268288
1681551959246 0.6751167476177216 270336
1681551960965 0.6253480315208435 272384
1681551962754 0.706402987241745 274432
1681551964655 0.4562612771987915 276480
1681551966842 0.7364397943019867 278528
1681551969125 0.8887436836957932 280576
1681551970882 0.6352889835834503 282624
1681551972447 0.8549720048904419 284672
1681551974162 0.8334553241729736 286720
1681551975502 0.759337842464447 288768
1681551977699 0.6689334809780121 290816
1681551979829 0.5533920228481293 292864
1681551981441 0.7737301588058472 294912
1681551983544 0.8236021548509598 296960
1681551985227 0.4724067449569702 299008
1681551986994 0.6892319917678833 301056
1681551989254 0.6000730693340302 303104
1681551990729 0.5640614330768585 305152
1681551992741 0.7681990563869476 307200
