1681551220010 0.0003 4096
1681551220650 0.0003 6144
1681551221296 0.0003 8192
1681551221948 0.0003 10240
1681551222605 0.0003 12288
1681551223257 0.0003 14336
1681551223924 0.0003 16384
1681551224631 0.0003 18432
1681551225314 0.0003 20480
1681551226013 0.0003 22528
1681551227277 0.0003 24576
1681551228408 0.0003 26624
1681551229332 0.0003 28672
1681551230664 0.0003 30720
1681551231795 0.0003 32768
1681551232957 0.0003 34816
1681551234160 0.0003 36864
1681551235683 0.0003 38912
1681551237659 0.0003 40960
1681551240216 0.0003 43008
1681551241904 0.0003 45056
1681551244138 0.0003 47104
1681551245615 0.0003 49152
1681551247588 0.0003 51200
1681551249916 0.0003 53248
1681551252354 0.0003 55296
1681551253514 0.0003 57344
1681551255529 0.0003 59392
1681551257522 0.0003 61440
1681551259409 0.0003 63488
1681551261310 0.0003 65536
1681551263075 0.0003 67584
1681551265194 0.0003 69632
1681551267113 0.0003 71680
1681551269011 0.0003 73728
1681551270979 0.0003 75776
1681551273289 0.0003 77824
1681551276137 0.0003 79872
1681551278212 0.0003 81920
1681551281000 0.0003 83968
1681551283260 0.0003 86016
1681551285105 0.0003 88064
1681551286948 0.0003 90112
1681551289294 0.0003 92160
1681551291442 0.0003 94208
1681551293172 0.0003 96256
1681551295797 0.0003 98304
1681551298382 0.0003 100352
1681551300424 0.0003 102400
1681551302259 0.0003 104448
1681551303933 0.0003 106496
1681551305657 0.0003 108544
1681551307985 0.0003 110592
1681551309876 0.0003 112640
1681551312227 0.0003 114688
1681551314589 0.0003 116736
1681551316430 0.0003 118784
1681551318713 0.0003 120832
1681551320435 0.0003 122880
1681551322785 0.0003 124928
1681551324699 0.0003 126976
1681551326580 0.0003 129024
1681551329066 0.0003 131072
1681551331429 0.0003 133120
1681551333953 0.0003 135168
1681551336217 0.0003 137216
1681551338531 0.0003 139264
1681551341006 0.0003 141312
1681551343469 0.0003 143360
1681551345815 0.0003 145408
1681551348088 0.0003 147456
1681551350623 0.0003 149504
1681551352913 0.0003 151552
1681551355147 0.0003 153600
1681551356753 0.0003 155648
1681551359262 0.0003 157696
1681551361117 0.0003 159744
1681551363143 0.0003 161792
1681551364838 0.0003 163840
1681551366694 0.0003 165888
1681551369041 0.0003 167936
1681551371298 0.0003 169984
1681551373670 0.0003 172032
1681551376258 0.0003 174080
1681551860067 0.0003 176128
1681551862332 0.0003 178176
1681551865167 0.0003 180224
1681551867643 0.0003 182272
1681551869735 0.0003 184320
1681551872796 0.0003 186368
1681551874919 0.0003 188416
1681551876745 0.0003 190464
1681551878777 0.0003 192512
1681551881275 0.0003 194560
1681551883823 0.0003 196608
1681551886081 0.0003 198656
1681551888655 0.0003 200704
1681551890428 0.0003 202752
1681551893211 0.0003 204800
1681551895083 0.0003 206848
1681551897128 0.0003 208896
1681551898808 0.0003 210944
1681551901986 0.0003 212992
1681551903911 0.0003 215040
1681551905840 0.0003 217088
1681551908113 0.0003 219136
1681551910054 0.0003 221184
1681551912029 0.0003 223232
1681551914303 0.0003 225280
1681551916233 0.0003 227328
1681551917991 0.0003 229376
1681551919893 0.0003 231424
1681551922181 0.0003 233472
1681551924105 0.0003 235520
1681551927055 0.0003 237568
1681551928878 0.0003 239616
1681551930275 0.0003 241664
1681551932623 0.0003 243712
1681551934656 0.0003 245760
1681551936274 0.0003 247808
1681551938336 0.0003 249856
1681551940208 0.0003 251904
1681551941873 0.0003 253952
1681551943341 0.0003 256000
1681551945889 0.0003 258048
1681551947731 0.0003 260096
1681551949689 0.0003 262144
1681551951831 0.0003 264192
1681551953882 0.0003 266240
1681551956638 0.0003 268288
1681551959247 0.0003 270336
1681551960965 0.0003 272384
1681551962754 0.0003 274432
1681551964655 0.0003 276480
1681551966843 0.0003 278528
1681551969126 0.0003 280576
1681551970883 0.0003 282624
1681551972448 0.0003 284672
1681551974163 0.0003 286720
1681551975502 0.0003 288768
1681551977700 0.0003 290816
1681551979830 0.0003 292864
1681551981441 0.0003 294912
1681551983544 0.0003 296960
1681551985227 0.0003 299008
1681551986995 0.0003 301056
1681551989254 0.0003 303104
1681551990729 0.0003 305152
1681551992741 0.0003 307200
