1681551220010 404.35540771484375 4096
1681551220651 813.6448974609375 6144
1681551221297 392.9761962890625 8192
1681551221948 633.6683349609375 10240
1681551222606 181.00189208984375 12288
1681551223257 157.68637084960938 14336
1681551223924 354.0012512207031 16384
1681551224632 76.74498748779297 18432
1681551225314 85.7964859008789 20480
1681551226014 130.48007202148438 22528
1681551227277 71.03316497802734 24576
1681551228408 208.78720092773438 26624
1681551229332 60.29716491699219 28672
1681551230664 223.04417419433594 30720
1681551231795 34.592201232910156 32768
1681551232957 92.11909484863281 34816
1681551234160 108.10838317871094 36864
1681551235683 83.01858520507812 38912
1681551237660 63.86238098144531 40960
1681551240216 91.34812927246094 43008
1681551241904 20.842954635620117 45056
1681551244138 84.5013427734375 47104
1681551245616 10.104816436767578 49152
1681551247588 91.17301940917969 51200
1681551249916 47.703773498535156 53248
1681551252355 33.480533599853516 55296
1681551253515 13.01583480834961 57344
1681551255529 147.7783660888672 59392
1681551257523 89.76596069335938 61440
1681551259409 16.772092819213867 63488
1681551261311 29.225093841552734 65536
1681551263076 21.518930435180664 67584
1681551265194 42.711280822753906 69632
1681551267114 11.145330429077148 71680
1681551269012 8.950273513793945 73728
1681551270980 6.606482982635498 75776
1681551273289 54.928001403808594 77824
1681551276137 96.19393920898438 79872
1681551278213 4.624849796295166 81920
1681551281001 3.5881552696228027 83968
1681551283261 11.3524751663208 86016
1681551285106 3.9392130374908447 88064
1681551286948 11.721414566040039 90112
1681551289294 3.931349754333496 92160
1681551291443 2.767763137817383 94208
1681551293172 10.417956352233887 96256
1681551295797 12.985121726989746 98304
1681551298383 6.657931804656982 100352
1681551300425 72.24267578125 102400
1681551302259 5.633437633514404 104448
1681551303933 3.5167834758758545 106496
1681551305658 7.123014450073242 108544
1681551307986 38.44761657714844 110592
1681551309877 2.9950919151306152 112640
1681551312228 3.6668972969055176 114688
1681551314589 2.3913166522979736 116736
1681551316431 33.22643280029297 118784
1681551318713 8.766727447509766 120832
1681551320436 1.96077299118042 122880
1681551322785 3.9366538524627686 124928
1681551324699 2.9008233547210693 126976
1681551326581 4.954168319702148 129024
1681551329066 11.51656723022461 131072
1681551331429 4.777366638183594 133120
1681551333953 9.691205978393555 135168
1681551336217 3.309997081756592 137216
1681551338531 35.187957763671875 139264
1681551341007 3.2381296157836914 141312
1681551343469 10.760950088500977 143360
1681551345815 4.158927917480469 145408
1681551348089 1.8239989280700684 147456
1681551350623 3.8947057723999023 149504
1681551352913 2.3995161056518555 151552
1681551355147 3.402783155441284 153600
1681551356753 3.7550644874572754 155648
1681551359262 32.5568733215332 157696
1681551361118 1.6547837257385254 159744
1681551363144 5.769888877868652 161792
1681551364839 5.067002773284912 163840
1681551366694 9.380204200744629 165888
1681551369042 2.529064655303955 167936
1681551371298 3.656930923461914 169984
1681551373671 2.814377546310425 172032
1681551376259 89.52631378173828 174080
1681551860068 3.5345563888549805 176128
1681551862332 14.239221572875977 178176
1681551865167 8.495640754699707 180224
1681551867643 5.048001289367676 182272
1681551869735 2.5504941940307617 184320
1681551872797 1.9319900274276733 186368
1681551874919 2.3235363960266113 188416
1681551876746 2.5924324989318848 190464
1681551878777 6.076658248901367 192512
1681551881275 40.566410064697266 194560
1681551883823 1.208053469657898 196608
1681551886081 7.623824119567871 198656
1681551888655 2.5688679218292236 200704
1681551890428 4.319263935089111 202752
1681551893212 88.31908416748047 204800
1681551895083 50.775634765625 206848
1681551897129 4.421862602233887 208896
1681551898809 3.0532515048980713 210944
1681551901986 22.869335174560547 212992
1681551903912 1.377044916152954 215040
1681551905840 18.901811599731445 217088
1681551908114 5.357010841369629 219136
1681551910055 10.24874210357666 221184
1681551912030 24.073122024536133 223232
1681551914304 5.183262825012207 225280
1681551916233 2.081829786300659 227328
1681551917992 4.013596057891846 229376
1681551919894 6.683347702026367 231424
1681551922181 3.6082420349121094 233472
1681551924105 2.11100435256958 235520
1681551927056 89.56439971923828 237568
1681551928879 12.026605606079102 239616
1681551930275 125.85363006591797 241664
1681551932624 50.98737335205078 243712
1681551934656 1.5670255422592163 245760
1681551936274 3.843311071395874 247808
1681551938337 9.59837818145752 249856
1681551940208 7.752225399017334 251904
1681551941874 7.806190490722656 253952
1681551943341 4.460440635681152 256000
1681551945889 6.341886520385742 258048
1681551947731 3.209301233291626 260096
1681551949689 25.96304702758789 262144
1681551951832 4.427166938781738 264192
1681551953882 7.435935974121094 266240
1681551956638 31.363969802856445 268288
1681551959247 3.3560571670532227 270336
1681551960966 9.44836711883545 272384
1681551962755 1.3959953784942627 274432
1681551964656 78.83354949951172 276480
1681551966843 20.827173233032227 278528
1681551969126 19.86452865600586 280576
1681551970883 5.659821033477783 282624
1681551972448 13.493273735046387 284672
1681551974163 8.258001327514648 286720
1681551975503 3.514697313308716 288768
1681551977700 4.221493721008301 290816
1681551979830 34.470706939697266 292864
1681551981442 29.661134719848633 294912
1681551983545 3.240673303604126 296960
1681551985227 30.023630142211914 299008
1681551986995 9.900506973266602 301056
1681551989254 37.31391525268555 303104
1681551990729 1.9887725114822388 305152
1681551992742 23.568058013916016 307200
