1681551220011 10.0 4096
1681551220651 20.0 6144
1681551221297 30.0 8192
1681551221949 40.0 10240
1681551222606 50.0 12288
1681551223258 60.0 14336
1681551223925 70.0 16384
1681551224632 80.0 18432
1681551225315 90.0 20480
1681551226014 100.0 22528
1681551227278 110.0 24576
1681551228409 120.0 26624
1681551229333 130.0 28672
1681551230665 140.0 30720
1681551231795 150.0 32768
1681551232957 160.0 34816
1681551234161 170.0 36864
1681551235684 180.0 38912
1681551237660 190.0 40960
1681551240217 200.0 43008
1681551241905 210.0 45056
1681551244139 220.0 47104
1681551245616 230.0 49152
1681551247589 240.0 51200
1681551249917 250.0 53248
1681551252355 260.0 55296
1681551253515 270.0 57344
1681551255530 280.0 59392
1681551257523 290.0 61440
1681551259410 300.0 63488
1681551261311 310.0 65536
1681551263076 320.0 67584
1681551265195 330.0 69632
1681551267114 340.0 71680
1681551269012 350.0 73728
1681551270980 360.0 75776
1681551273290 370.0 77824
1681551276138 380.0 79872
1681551278213 390.0 81920
1681551281001 400.0 83968
1681551283261 410.0 86016
1681551285106 420.0 88064
1681551286949 430.0 90112
1681551289295 440.0 92160
1681551291443 450.0 94208
1681551293173 460.0 96256
1681551295798 470.0 98304
1681551298383 480.0 100352
1681551300425 490.0 102400
1681551302260 500.0 104448
1681551303934 510.0 106496
1681551305658 520.0 108544
1681551307986 530.0 110592
1681551309877 540.0 112640
1681551312228 550.0 114688
1681551314590 560.0 116736
1681551316431 570.0 118784
1681551318713 580.0 120832
1681551320436 590.0 122880
1681551322786 600.0 124928
1681551324699 610.0 126976
1681551326581 620.0 129024
1681551329067 630.0 131072
1681551331430 640.0 133120
1681551333953 650.0 135168
1681551336217 660.0 137216
1681551338532 670.0 139264
1681551341007 680.0 141312
1681551343470 690.0 143360
1681551345815 700.0 145408
1681551348089 710.0 147456
1681551350623 720.0 149504
1681551352914 730.0 151552
1681551355148 740.0 153600
1681551356754 750.0 155648
1681551359262 760.0 157696
1681551361118 770.0 159744
1681551363144 780.0 161792
1681551364839 790.0 163840
1681551366695 800.0 165888
1681551369042 810.0 167936
1681551371299 820.0 169984
1681551373672 830.0 172032
1681551376259 840.0 174080
1681551860068 850.0 176128
1681551862333 860.0 178176
1681551865168 870.0 180224
1681551867644 880.0 182272
1681551869736 890.0 184320
1681551872797 900.0 186368
1681551874920 910.0 188416
1681551876746 920.0 190464
1681551878777 930.0 192512
1681551881276 940.0 194560
1681551883823 950.0 196608
1681551886082 960.0 198656
1681551888656 970.0 200704
1681551890429 980.0 202752
1681551893212 990.0 204800
1681551895084 1000.0 206848
1681551897129 1010.0 208896
1681551898809 1020.0 210944
1681551901986 1030.0 212992
1681551903912 1040.0 215040
1681551905841 1050.0 217088
1681551908114 1060.0 219136
1681551910055 1070.0 221184
1681551912030 1080.0 223232
1681551914304 1090.0 225280
1681551916234 1100.0 227328
1681551917992 1110.0 229376
1681551919894 1120.0 231424
1681551922182 1130.0 233472
1681551924106 1140.0 235520
1681551927056 1150.0 237568
1681551928879 1160.0 239616
1681551930275 1170.0 241664
1681551932624 1180.0 243712
1681551934657 1190.0 245760
1681551936275 1200.0 247808
1681551938337 1210.0 249856
1681551940208 1220.0 251904
1681551941874 1230.0 253952
1681551943342 1240.0 256000
1681551945890 1250.0 258048
1681551947732 1260.0 260096
1681551949690 1270.0 262144
1681551951832 1280.0 264192
1681551953882 1290.0 266240
1681551956639 1300.0 268288
1681551959248 1310.0 270336
1681551960966 1320.0 272384
1681551962755 1330.0 274432
1681551964656 1340.0 276480
1681551966844 1350.0 278528
1681551969127 1360.0 280576
1681551970883 1370.0 282624
1681551972449 1380.0 284672
1681551974164 1390.0 286720
1681551975503 1400.0 288768
1681551977700 1410.0 290816
1681551979831 1420.0 292864
1681551981442 1430.0 294912
1681551983545 1440.0 296960
1681551985228 1450.0 299008
1681551986996 1460.0 301056
1681551989255 1470.0 303104
1681551990730 1480.0 305152
1681551992742 1490.0 307200
