1681551220011 -0.004729112163477112 4096
1681551220652 -0.006148529623169452 6144
1681551221297 -0.0030121524760033935 8192
1681551221949 -0.010352346803119871 10240
1681551222607 -0.007383659806509968 12288
1681551223258 -0.00806210995069705 14336
1681551223925 -0.011199314447003417 16384
1681551224632 -0.01661159167997539 18432
1681551225315 -0.009732159069972112 20480
1681551226015 -0.007439343236910645 22528
1681551227278 -0.005383200923824915 24576
1681551228409 -0.007639318615838419 26624
1681551229333 -0.007212591743882513 28672
1681551230665 -0.006053846290888032 30720
1681551231796 -0.004591642373998184 32768
1681551232958 -0.007852458596607903 34816
1681551234161 -0.0069980259439034855 36864
1681551235684 -0.006722933466153336 38912
1681551237661 -0.009240103223419283 40960
1681551240217 -0.00996737071836833 43008
1681551241905 -0.007950780985993333 45056
1681551244139 -0.011347166023915634 47104
1681551245616 -0.0040350336996198164 49152
1681551247589 -0.004206688259728253 51200
1681551249917 -0.007742366621823748 53248
1681551252356 -0.008889535017078742 55296
1681551253516 -0.010081188830372411 57344
1681551255530 -0.004766696483420674 59392
1681551257524 -0.006333248855662532 61440
1681551259410 -0.0074805963042308575 63488
1681551261312 -0.007084903356007999 65536
1681551263076 -0.007158084920956753 67584
1681551265195 -0.0072229416677146215 69632
1681551267114 -0.005349353284691461 71680
1681551269013 -0.008624997698643711 73728
1681551270981 -0.0015570649007713654 75776
1681551273290 -0.00297178004111629 77824
1681551276138 -0.0024860440575139365 79872
1681551278213 -0.006271679269411834 81920
1681551281002 -0.006626163879991509 83968
1681551283262 -0.004815817296912428 86016
1681551285107 -0.003089955273026135 88064
1681551286949 -0.0029195001210609917 90112
1681551289295 -0.005390539583459031 92160
1681551291444 -0.005076258438202785 94208
1681551293173 -0.005329884334059898 96256
1681551295798 -0.0024534126809157898 98304
1681551298384 -0.0035941797716077415 100352
1681551300426 -0.0041084399410465265 102400
1681551302260 -0.005151953599124681 104448
1681551303934 -0.0011756063686334528 106496
1681551305659 -0.00508122839673888 108544
1681551307987 -0.005792986854794435 110592
1681551309878 -0.0029798765608575195 112640
1681551312228 -0.004313284678210039 114688
1681551314590 -0.003202447821968235 116736
1681551316432 -0.002967657299086568 118784
1681551318714 -0.0005536477387067862 120832
1681551320436 -0.003863660005299607 122880
1681551322786 0.00031588028359692545 124928
1681551324700 -0.0013266942143673078 126976
1681551326582 -0.001421405855944613 129024
1681551329067 -0.0019242387512349523 131072
1681551331430 -0.00022229891619645058 133120
1681551333954 -0.003065704639448086 135168
1681551336218 -0.005555850967357401 137216
1681551338532 -0.003048370499163866 139264
1681551341007 -0.0026895274088019503 141312
1681551343470 -0.0021219488138740417 143360
1681551345816 -0.0003766328114579665 145408
1681551348090 -0.0029707511595916 147456
1681551350624 -0.0022607383245485833 149504
1681551352914 -0.0017335017342702485 151552
1681551355148 -0.0026862489816267044 153600
1681551356754 -0.0044831593841081485 155648
1681551359263 -0.001922344918421004 157696
1681551361119 -0.0010303666073014028 159744
1681551363145 -0.002860829820201616 161792
1681551364840 -0.0026796610080054963 163840
1681551366695 0.0004142644516832661 165888
1681551369043 -0.001510172385314945 167936
1681551371299 -0.0020079926733160393 169984
1681551373672 -0.004150806917459704 172032
1681551376260 -0.009712576528909268 174080
1681551860069 -0.0021752671505964826 176128
1681551862333 0.0007294670620467513 178176
1681551865168 -0.002429551663226448 180224
1681551867644 -0.004385510472638998 182272
1681551869736 -0.0037197314137301873 184320
1681551872798 -0.0019974784525402358 186368
1681551874921 -0.0017542235917062498 188416
1681551876746 -0.004146243519790005 190464
1681551878778 -0.002211719786282629 192512
1681551881276 -0.005241706327433348 194560
1681551883824 -0.002679453295422718 196608
1681551886082 -0.003947366899228655 198656
1681551888656 -0.004539093119819882 200704
1681551890429 -0.003433631657389924 202752
1681551893213 -0.003375457184301922 204800
1681551895084 -0.0018134354824724142 206848
1681551897130 -0.006734697293723002 208896
1681551898809 -0.002754019649728434 210944
1681551901987 -0.0025518033260595986 212992
1681551903913 -0.0009388861712068319 215040
1681551905841 -0.001723438288172474 217088
1681551908114 -0.006684653133561369 219136
1681551910056 -0.005601766718609724 221184
1681551912031 -0.00020304814242990687 223232
1681551914305 -0.0014199960489349906 225280
1681551916234 -0.003751548548461869 227328
1681551917993 -0.0025947326546884144 229376
1681551919895 -3.415981627767906e-05 231424
1681551922183 -0.0017657700132986064 233472
1681551924106 -0.0023703741011559033 235520
1681551927057 -0.0026444524755788734 237568
1681551928880 -0.0018167727583204396 239616
1681551930276 -0.0016817169896967243 241664
1681551932625 -0.0005999643595714588 243712
1681551934657 -0.0009450350924453232 245760
1681551936275 -0.0018918724541435949 247808
1681551938337 -0.0007389858625174384 249856
1681551940209 -0.0017346001448458992 251904
1681551941874 2.9374371661106124e-05 253952
1681551943342 -0.0008437838652753272 256000
1681551945890 -0.0037918631292995996 258048
1681551947732 -0.0013656366238137708 260096
1681551949690 -0.001069197099423036 262144
1681551951833 -0.0031277552960091272 264192
1681551953883 -0.0006543729345139581 266240
1681551956639 -0.0027500119285832625 268288
1681551959248 -0.0018937394281238085 270336
1681551960967 -0.0033281212869042064 272384
1681551962756 -0.00021675345124094747 274432
1681551964657 -0.0026756035858852556 276480
1681551966844 -0.002231917932658689 278528
1681551969127 -0.0009699312256998382 280576
1681551970884 -0.002786492985615041 282624
1681551972449 -0.0018452698808687274 284672
1681551974164 -0.0039023731689667327 286720
1681551975504 -0.00014582004223484546 288768
1681551977701 -0.0009801518550375476 290816
1681551979831 -0.002424535121099325 292864
1681551981442 -0.00032916530763031914 294912
1681551983545 -0.002778815683996072 296960
1681551985228 -0.0025412839717319003 299008
1681551986996 -0.001475375377049204 301056
1681551989255 -0.0015601795010297792 303104
1681551990730 -0.0010937168521195418 305152
1681551992743 -0.0033908142228028736 307200
