1681551220012 1104.8011320114135 4096
1681551220652 1456.2732067108154 6144
1681551221298 1141.3682399749755 8192
1681551221950 1426.8201389312744 10240
1681551222607 391.1248296260834 12288
1681551223258 693.1673226356506 14336
1681551223926 398.8559920787811 16384
1681551224633 210.97370042800904 18432
1681551225315 311.2579518795013 20480
1681551226015 313.62954092025757 22528
1681551227278 235.85124990940093 24576
1681551228410 521.4393323898315 26624
1681551229333 179.82262382507324 28672
1681551230666 298.8285631418228 30720
1681551231796 225.28380317687987 32768
1681551232958 222.96585943698884 34816
1681551234162 202.89828958511353 36864
1681551235685 187.68184168338774 38912
1681551237661 131.59276579618455 40960
1681551240217 258.5763808965683 43008
1681551241906 66.53736360669136 45056
1681551244140 127.6522853732109 47104
1681551245617 52.212755209207536 49152
1681551247590 121.52673798799515 51200
1681551249918 93.71590473651887 53248
1681551252356 80.31345173120499 55296
1681551253516 64.96176148056983 57344
1681551255530 166.19237229824066 59392
1681551257524 148.46441873311997 61440
1681551259411 65.42752349972724 63488
1681551261312 44.07214369177818 65536
1681551263077 99.05530872941017 67584
1681551265196 80.44068962931632 69632
1681551267115 119.88576965034008 71680
1681551269013 18.346322336792944 73728
1681551270981 50.94148586392403 75776
1681551273291 65.15905740261078 77824
1681551276139 66.24833637475967 79872
1681551278214 29.032548257708548 81920
1681551281002 14.020573380589486 83968
1681551283262 41.06933196634054 86016
1681551285107 8.999017805606126 88064
1681551286950 67.38638491630554 90112
1681551289296 10.314970424771309 92160
1681551291444 8.01960723027587 94208
1681551293173 47.142000840604304 96256
1681551295799 75.23543376475573 98304
1681551298384 9.801430670917034 100352
1681551300426 62.47769936919212 102400
1681551302261 7.673693154007196 104448
1681551303935 8.417572818696499 106496
1681551305659 56.494426754117015 108544
1681551307987 45.9125127106905 110592
1681551309878 6.860268551856279 112640
1681551312229 6.974302586913109 114688
1681551314591 6.51485542356968 116736
1681551316432 40.88835142701864 118784
1681551318715 31.528409983217717 120832
1681551320437 21.857724648714065 122880
1681551322786 52.764606767892836 124928
1681551324700 5.525456416606903 126976
1681551326582 29.094649878144264 129024
1681551329067 96.6842612490058 131072
1681551331431 26.61638530343771 133120
1681551333954 121.06547995060683 135168
1681551336218 27.251689460873603 137216
1681551338533 24.083038714528083 139264
1681551341008 8.001552256941796 141312
1681551343471 42.31984975785017 143360
1681551345816 40.56122314780951 145408
1681551348090 5.56651097536087 147456
1681551350624 79.48024873137474 149504
1681551352914 4.688577496260405 151552
1681551355149 19.844617949426173 153600
1681551356754 6.820428018271923 155648
1681551359263 51.32256451100111 157696
1681551361119 16.193413649499416 159744
1681551363145 63.529249255359176 161792
1681551364840 18.27816809564829 163840
1681551366695 27.143233765661716 165888
1681551369043 20.919360811263324 167936
1681551371300 15.835833589732648 169984
1681551373673 5.09100588709116 172032
1681551376260 74.46567885428667 174080
1681551860070 33.107016222178935 176128
1681551862334 12.560135555267333 178176
1681551865168 17.227143462002278 180224
1681551867645 15.405381110310554 182272
1681551869737 10.002462339401244 184320
1681551872798 9.375153034180403 186368
1681551874921 4.414004176110029 188416
1681551876747 7.114026940613985 190464
1681551878778 12.248125903308392 192512
1681551881277 142.26419745385647 194560
1681551883824 5.630015732347966 196608
1681551886083 52.861820159852506 198656
1681551888657 52.55390027984977 200704
1681551890430 11.49237589240074 202752
1681551893213 105.94452549666167 204800
1681551895084 49.03013401925564 206848
1681551897130 36.65641689747572 208896
1681551898810 36.85672153607011 210944
1681551901987 53.77836390435696 212992
1681551903913 3.7805856861174107 215040
1681551905841 81.40189653486013 217088
1681551908115 16.51315698772669 219136
1681551910056 24.23257975578308 221184
1681551912031 27.331212951987983 223232
1681551914305 34.01771919801831 225280
1681551916235 7.485537020862102 227328
1681551917993 34.00485154017806 229376
1681551919895 48.335042874515054 231424
1681551922183 21.825268926471473 233472
1681551924107 5.040943897888065 235520
1681551927057 84.17114695310593 237568
1681551928880 60.79608712643385 239616
1681551930276 128.47798178493977 241664
1681551932625 126.60134304463864 243712
1681551934658 10.859983116388321 245760
1681551936275 14.31646595299244 247808
1681551938338 113.24870911017061 249856
1681551940209 76.35095643103122 251904
1681551941875 9.985817026346922 253952
1681551943343 48.473735229671 256000
1681551945891 56.565456594526765 258048
1681551947732 12.55070652589202 260096
1681551949691 121.99258903115988 262144
1681551951833 28.006649051606654 264192
1681551953883 51.61536967083812 266240
1681551956639 50.697470013052225 268288
1681551959249 34.30743148550391 270336
1681551960967 50.591960386931895 272384
1681551962756 34.51322858631611 274432
1681551964657 96.60516077429057 276480
1681551966845 50.86349375993014 278528
1681551969128 21.272746876627206 280576
1681551970884 56.7948062710464 282624
1681551972449 23.346998317539693 284672
1681551974164 39.922915659844875 286720
1681551975504 33.001793823391196 288768
1681551977701 73.09634142667055 290816
1681551979832 54.838846154510975 292864
1681551981443 50.25478765964508 294912
1681551983546 55.53488897383213 296960
1681551985229 100.91214701384305 299008
1681551986996 40.78511118069291 301056
1681551989256 140.8318921610713 303104
1681551990731 33.03876022659242 305152
1681551992743 84.65997407138347 307200
