1681145966435 -1.1845706701278687 500
1681145966628 -1.244710922241211 1000
1681145966808 -1.3008012771606445 1500
1681145967040 -1.0422918796539307 2000
1681145967247 -1.1102502346038818 2500
1681145967460 -1.1901298761367798 3000
1681145967694 -0.9922114610671997 3500
1681145967908 -1.0398346185684204 4000
1681145968109 -0.7317346334457397 4500
1681145968351 -0.6348668336868286 5000
1681145968563 -1.1441073417663574 5500
1681145968808 -0.7587794065475464 6000
1681145969088 -0.6342247128486633 6500
1681145969372 -0.5507335662841797 7000
1681145969715 -1.350874662399292 7500
1681145970474 -0.7542534470558167 8000
1681145970779 -0.3959709107875824 8500
1681145970991 -0.9315641522407532 9000
1681145971626 -0.4781157374382019 9500
1681145972073 -0.34679388999938965 10000
1681145972315 -0.6986712217330933 10500
1681145972542 -0.8663164377212524 11000
1681145972793 -0.35841965675354004 11500
1681145972990 -0.8050505518913269 12000
1681145973217 -0.9357002973556519 12500
1681145973444 -0.6549897193908691 13000
1681145973689 -0.6089995503425598 13500
1681145973927 -0.5209102034568787 14000
1681145974159 -0.47981852293014526 14500
1681145974396 -0.6044687032699585 15000
1681145974662 -0.5197770595550537 15500
1681145974876 -0.20544445514678955 16000
1681145975091 -0.22792664170265198 16500
1681145975316 -0.611285388469696 17000
1681145975539 -0.14913472533226013 17500
1681145975767 -1.0471898317337036 18000
1681145976010 -0.4018495976924896 18500
1681145976258 -0.6702163815498352 19000
1681145976543 -0.6248054504394531 19500
1681145976744 -0.19053635001182556 20000
1681145976985 -1.0581672191619873 20500
1681145977292 -0.6945892572402954 21000
1681145977552 -0.20139701664447784 21500
1681145977780 -0.6203157305717468 22000
1681145977996 -0.16671326756477356 22500
1681145978191 -0.617053747177124 23000
1681145978426 -0.7058154940605164 23500
1681145978742 -0.9332104921340942 24000
1681145978982 -1.1233466863632202 24500
1681145979213 -0.0072625428438186646 25000
1681145979440 -0.001696451916359365 25500
1681145979741 -0.4949628710746765 26000
1681145980020 -0.5255451798439026 26500
1681145980217 -0.39667385816574097 27000
1681145980480 -0.4567849040031433 27500
1681145980694 -0.3363775610923767 28000
1681145980975 -0.4802412986755371 28500
1681145981204 -0.6698364019393921 29000
1681145981469 -0.6532983779907227 29500
1681145981700 -0.061930347234010696 30000
1681145981934 -0.8246391415596008 30500
1681145982192 -0.33966872096061707 31000
1681145982393 -0.5326122045516968 31500
1681145982617 -0.6110742092132568 32000
1681145982842 -1.2406134605407715 32500
1681145983156 -0.10258699953556061 33000
1681145983405 -0.5537083745002747 33500
1681145983681 -0.21160538494586945 34000
1681145983962 -0.24989238381385803 34500
1681145984255 -0.5722905397415161 35000
1681145984492 -0.526715874671936 35500
1681145984730 -0.590762734413147 36000
1681145984987 -0.6449708342552185 36500
1681145985382 -0.6602951288223267 37000
1681145985633 -0.6205775141716003 37500
1681145985998 -0.5010459423065186 38000
1681145986258 -0.742268443107605 38500
1681145986516 -0.6012011766433716 39000
1681145986772 -0.6172718405723572 39500
1681145987045 -0.6365361213684082 40000
1681145987249 -0.45221200585365295 40500
1681145987492 -0.16342255473136902 41000
1681145987739 -0.6515361070632935 41500
1681145987957 -0.5569960474967957 42000
1681145988221 -0.6497373580932617 42500
1681145988462 -0.004753629211336374 43000
1681145988708 -0.4645217955112457 43500
1681145989020 -0.44864362478256226 44000
1681145989311 -0.42284804582595825 44500
1681145989574 -0.4413081109523773 45000
1681145989836 -0.43619221448898315 45500
1681145990052 -0.5788553357124329 46000
1681145990319 -0.6120668649673462 46500
1681145990586 -0.8935966491699219 47000
1681145990952 -0.6072992086410522 47500
1681145991175 -0.5106164813041687 48000
1681145991421 -0.2426580935716629 48500
1681145991650 -0.5682016611099243 49000
1681145992118 -0.6047989726066589 49500
1681145992416 -0.4433370530605316 50000
1681145992686 -0.562785804271698 50500
1681145992950 -0.4113675057888031 51000
1681145993220 -0.2454645186662674 51500
1681145993443 -0.22856423258781433 52000
1681145993691 -0.2342483550310135 52500
1681145993958 -0.5453417301177979 53000
1681145994169 -0.4429340362548828 53500
1681145994382 -0.24743413925170898 54000
1681145994656 -0.6208701729774475 54500
1681145994902 -0.3288049101829529 55000
1681145995175 -0.24023501574993134 55500
1681145995404 -0.4233381748199463 56000
1681145995864 -0.5284976363182068 56500
1681145996102 -0.579992413520813 57000
1681145996383 -0.6617347002029419 57500
1681145996596 -0.5117686986923218 58000
1681145996839 -0.8735623359680176 58500
1681145997073 -0.9129379391670227 59000
1681145997474 -0.5384761095046997 59500
1681145997724 -0.14960186183452606 60000
1681145997954 -0.14505846798419952 60500
1681145998152 -0.4524638056755066 61000
1681145998407 -0.4164695143699646 61500
1681145998660 -0.7940251231193542 62000
1681145998957 -0.5394190549850464 62500
1681145999302 -0.033853061497211456 63000
1681145999529 -0.5724002718925476 63500
1681145999766 -0.3925819396972656 64000
1681146000037 -0.6676720380783081 64500
1681146000278 -0.6455210447311401 65000
1681146000641 -0.5622579455375671 65500
1681146000928 -0.6332831382751465 66000
1681146001149 -0.4747878611087799 66500
1681146001357 -0.46954450011253357 67000
1681146001677 -0.7333357930183411 67500
1681146002031 -0.4044884741306305 68000
1681146002225 -0.0055777328088879585 68500
1681146002534 -0.4841581881046295 69000
1681146002783 -0.5669025182723999 69500
1681146003058 -0.11919150501489639 70000
1681146003329 -0.4170379638671875 70500
1681146003773 -0.07971365749835968 71000
1681146004055 -0.048313356935977936 71500
1681146004313 -0.5806481242179871 72000
1681146004694 -0.45262423157691956 72500
1681146004930 -0.5672522783279419 73000
1681146005133 -0.43541377782821655 73500
1681146005398 -0.5312317609786987 74000
1681146005993 -0.0847792774438858 74500
1681146006390 -0.7105952501296997 75000
1681146006753 -0.3481963574886322 75500
1681146007099 -0.39995425939559937 76000
1681146007402 -0.4453910291194916 76500
1681146007650 -0.4101134240627289 77000
1681146007932 -0.22173292934894562 77500
1681146008190 -0.5427404046058655 78000
1681146008444 -0.7739864587783813 78500
1681146008685 -0.4905765652656555 79000
1681146008907 -0.06638017296791077 79500
1681146009126 -0.44430774450302124 80000
1681146009405 -0.17612025141716003 80500
1681146009640 -0.3375200629234314 81000
1681146009887 -0.5546573400497437 81500
1681146010174 -0.5091128349304199 82000
1681146010444 -0.01974448189139366 82500
1681146010643 -0.4871549606323242 83000
1681146010929 -0.48994797468185425 83500
1681146011182 -0.4622161388397217 84000
1681146011428 -0.6627191305160522 84500
1681146011739 -0.4110425114631653 85000
1681146011967 -0.5528759956359863 85500
1681146012315 -0.3329189419746399 86000
1681146012540 -0.496405690908432 86500
1681146012842 -0.6781445741653442 87000
1681146013131 -0.4762101173400879 87500
1681146013405 -0.004408764652907848 88000
1681146013622 -0.913866400718689 88500
1681146014126 -0.37448540329933167 89000
1681146014590 -0.2903047502040863 89500
1681146015073 -4.984718202649674e-07 90000
1681146015317 -0.5656678080558777 90500
1681146015632 -0.035650141537189484 91000
1681146015847 -0.4616259038448334 91500
1681146016131 -0.2865610420703888 92000
1681146016676 -0.007383366581052542 92500
1681146016895 -0.43027225136756897 93000
1681146017124 -0.45832109451293945 93500
1681146017655 -0.5389167666435242 94000
1681146018018 -0.2683289051055908 94500
1681146018294 -0.5849963426589966 95000
1681146018659 -0.7579590678215027 95500
1681146018992 -0.01972416415810585 96000
1681146019292 -2.354273783566896e-05 96500
1681146019512 -0.4269694685935974 97000
1681146019803 -0.0034009870141744614 97500
1681146020005 -0.39950066804885864 98000
1681146020221 -0.35908937454223633 98500
1681146020454 -0.3226251006126404 99000
1681146020683 -0.3910726010799408 99500
1681146020932 -0.08412013202905655 100000
1681146021245 -0.02842087112367153 100500
1681146021555 -0.37766534090042114 101000
1681146021832 -0.34111732244491577 101500
1681146022197 -0.252959281206131 102000
1681146022409 -1.308195169258397e-05 102500
1681146022702 -0.15797773003578186 103000
1681146023038 -0.0008243991178460419 103500
1681146023425 -1.054261565208435 104000
1681146024146 -0.7727466821670532 104500
1681146024615 -0.4584083557128906 105000
1681146025441 -0.17152324318885803 105500
1681146025670 -0.7691060900688171 106000
1681146026029 -0.31864893436431885 106500
1681146026588 -0.1282760202884674 107000
1681146027715 -0.45414477586746216 107500
1681146027954 -0.5975844264030457 108000
1681146028240 -0.2478064000606537 108500
1681146028874 -0.8507809638977051 109000
1681146029170 -0.5031172037124634 109500
1681146029693 -0.39884820580482483 110000
1681146029956 -0.2404707372188568 110500
1681146030292 -0.4714439809322357 111000
1681146030648 -0.33223220705986023 111500
1681146031045 -0.58427894115448 112000
1681146031921 -0.45036283135414124 112500
1681146032470 -0.40346503257751465 113000
1681146032663 -0.3085905611515045 113500
1681146033088 -0.4731186032295227 114000
1681146034302 -0.03681115061044693 114500
1681146034512 -0.5391151905059814 115000
1681146034989 -0.49679264426231384 115500
1681146035477 -0.01711156591773033 116000
1681146035794 -0.6257801055908203 116500
1681146036097 -0.4774978756904602 117000
1681146036739 -0.4054504930973053 117500
1681146037027 -0.08502441644668579 118000
1681146037314 -0.42496514320373535 118500
1681146037905 -0.862350583076477 119000
1681146038589 -0.48176321387290955 119500
1681146039104 -0.5571694374084473 120000
1681146039665 -0.3624514043331146 120500
1681146040227 -0.3658764660358429 121000
1681146040803 -0.4517210125923157 121500
1681146041187 -0.7041373252868652 122000
1681146041796 -0.5774374008178711 122500
1681146042617 -0.5580958127975464 123000
1681146043244 -0.46264076232910156 123500
1681146043964 -0.3870975971221924 124000
1681146044234 -0.014529642648994923 124500
1681146044499 -0.5324646234512329 125000
1681146045180 -0.7876959443092346 125500
1681146045623 -0.3465883731842041 126000
1681146046049 -0.1350095421075821 126500
1681146046443 -0.6325103044509888 127000
1681146047574 -0.8184336423873901 127500
1681146047947 -0.395437628030777 128000
1681146048349 -0.8822846412658691 128500
1681146049082 -0.5815017819404602 129000
1681146049749 -0.1713414192199707 129500
1681146050098 -0.6857675909996033 130000
1681146050725 -0.7592414617538452 130500
1681146051223 -0.3641386926174164 131000
1681146051480 -0.7702778577804565 131500
1681146052101 -0.5041561126708984 132000
1681146052784 -0.6658336520195007 132500
1681146053007 -0.3648518919944763 133000
1681146053303 -0.4698970913887024 133500
1681146053842 -0.6285895109176636 134000
1681146054578 -0.11105406284332275 134500
1681146054806 -0.6479440331459045 135000
1681146055391 -0.208560511469841 135500
1681146055863 -0.4186120927333832 136000
1681146056631 -0.12509264051914215 136500
1681146057106 -0.23119623959064484 137000
1681146057365 -0.0671185702085495 137500
1681146057568 -0.32817766070365906 138000
1681146057786 -0.1666131317615509 138500
1681146058012 -0.38444018363952637 139000
1681146058462 -0.21044811606407166 139500
1681146058649 -0.4630243182182312 140000
1681146059051 -0.6356263160705566 140500
1681146059758 -0.6428655385971069 141000
1681146060233 -0.5610954165458679 141500
1681146061195 -0.41303882002830505 142000
1681146061576 -0.8551721572875977 142500
1681146062239 -0.6134215593338013 143000
1681146062680 -0.23464426398277283 143500
1681146063418 -0.534750759601593 144000
1681146063819 -0.5879820585250854 144500
1681146064490 -0.3062807023525238 145000
1681146064699 -0.26518091559410095 145500
1681146065000 -1.019728660583496 146000
1681146065242 -0.011388460174202919 146500
1681146065515 -0.24706849455833435 147000
1681146065931 -0.34654155373573303 147500
1681146066373 -0.640184223651886 148000
1681146067393 -0.02702498435974121 148500
1681146067629 -0.586955726146698 149000
1681146068172 -0.4981033205986023 149500
1681146068647 -0.2713638246059418 150000
1681146069315 -0.28534871339797974 150500
1681146069891 -0.17955175042152405 151000
1681146070138 -0.3896481394767761 151500
1681146070625 -0.39458221197128296 152000
1681146071586 -0.2871930003166199 152500
1681146071909 -0.6286693811416626 153000
1681146072875 -0.5161683559417725 153500
1681146073255 -0.26548540592193604 154000
1681146073648 -0.47592106461524963 154500
1681146074322 -0.3220451772212982 155000
1681146074588 -0.4126059114933014 155500
1681146075272 -0.5667203664779663 156000
1681146076061 -0.1801779568195343 156500
1681146076547 -0.43234261870384216 157000
1681146077065 -0.004688272252678871 157500
1681146077414 -0.17711590230464935 158000
1681146077687 -0.7123705744743347 158500
1681146078243 -0.4333215653896332 159000
1681146079040 -0.6149327754974365 159500
1681146079661 -0.6256619691848755 160000
1681146080553 -0.2389531135559082 160500
1681146080858 -0.19493047893047333 161000
1681146081396 -0.669623076915741 161500
1681146081979 -0.3691009283065796 162000
1681146082314 -0.3136293888092041 162500
1681146083237 -0.685466468334198 163000
1681146083887 -0.5231207013130188 163500
1681146084369 -0.25763389468193054 164000
1681146084693 -0.473442941904068 164500
1681146085349 -0.4991294741630554 165000
1681146085843 -1.2638643966056406e-05 165500
1681146086265 -0.5562040209770203 166000
1681146087330 -0.3829820454120636 166500
1681146087733 -0.14370419085025787 167000
1681146088692 -0.2833322584629059 167500
1681146089054 -0.49575844407081604 168000
1681146089500 -0.3445197343826294 168500
1681146090437 -0.26170340180397034 169000
1681146090853 -0.3924647569656372 169500
1681146091580 -0.43173789978027344 170000
1681146091995 -0.24674172699451447 170500
1681146092813 -0.567685604095459 171000
1681146093311 -0.38032951951026917 171500
1681146094357 -0.26827794313430786 172000
1681146094611 -0.04135274142026901 172500
1681146094966 -0.5353994965553284 173000
1681146095848 -0.491842120885849 173500
1681146096188 -0.0002395200135651976 174000
1681146096560 -0.271656334400177 174500
1681146096897 -0.18265202641487122 175000
1681146097148 -0.3340279757976532 175500
1681146097865 -0.45567482709884644 176000
1681146098397 -0.2549433708190918 176500
1681146098858 -0.5068134069442749 177000
1681146099920 -0.16076348721981049 177500
1681146100327 -0.1194961816072464 178000
1681146101045 -0.4522276818752289 178500
1681146101323 -0.3014773428440094 179000
1681146102002 -0.2862424850463867 179500
1681146102686 -0.22774401307106018 180000
1681146103191 -0.5820885896682739 180500
1681146103671 -0.2191096842288971 181000
1681146104151 -0.3631889820098877 181500
1681146104611 -0.47404909133911133 182000
1681146105453 -0.3369521498680115 182500
1681146105904 -0.2946022152900696 183000
1681146106735 -0.24260994791984558 183500
1681146106991 -0.7617473006248474 184000
1681146107539 -0.26233991980552673 184500
1681146108108 -0.21487601101398468 185000
1681146108760 -0.26907679438591003 185500
1681146109337 -0.2487311065196991 186000
1681146109666 -0.18938204646110535 186500
1681146109930 -0.20111596584320068 187000
1681146110300 -0.22069291770458221 187500
1681146110863 -0.2805274724960327 188000
1681146111281 -0.3658246695995331 188500
1681146111773 -0.39709433913230896 189000
1681146112578 -0.5676907896995544 189500
1681146113346 -0.22642910480499268 190000
1681146113692 -0.14307592809200287 190500
1681146114304 -0.2526240944862366 191000
1681146114714 -0.6568889021873474 191500
1681146115320 -0.26966047286987305 192000
1681146115798 -0.004215705208480358 192500
1681146116165 -0.4633680284023285 193000
1681146116696 -0.506952166557312 193500
1681146117214 -0.5977245569229126 194000
1681146117688 -0.2367294579744339 194500
1681146118084 -0.6051779389381409 195000
1681146118690 -0.5940881967544556 195500
1681146119060 -0.2572356164455414 196000
1681146119353 -0.5066534876823425 196500
1681146119640 -0.3811991214752197 197000
1681146119939 -0.288244366645813 197500
1681146120273 -0.44511064887046814 198000
1681146120572 -0.5424845814704895 198500
1681146120821 -0.5819256901741028 199000
1681146121090 -0.30979880690574646 199500
1681146121451 -0.6446093320846558 200000
1681146121781 -0.46288689970970154 200500
1681146122084 -0.5310351252555847 201000
1681146122365 -0.2859818637371063 201500
1681146122688 -0.5458791851997375 202000
1681146123024 -0.04026206582784653 202500
1681146123307 -0.5600053668022156 203000
1681146123653 -0.28567031025886536 203500
1681146123948 -0.1632826030254364 204000
1681146124277 -0.16885678470134735 204500
1681146124699 -0.32754984498023987 205000
1681146125083 -0.4561414122581482 205500
1681146125622 -0.3218819797039032 206000
1681146126131 -0.07528917491436005 206500
1681146126476 -0.6926442980766296 207000
1681146126848 -0.39475640654563904 207500
1681146127364 -0.18419374525547028 208000
1681146127742 -0.2372884750366211 208500
1681146128019 -0.182854562997818 209000
1681146128338 -0.23907816410064697 209500
1681146128666 -0.41872280836105347 210000
1681146129118 -0.5787635445594788 210500
1681146129644 -0.3116194009780884 211000
1681146130049 -0.04712781310081482 211500
1681146130361 -0.7621304988861084 212000
1681146130767 -0.3724344074726105 212500
1681146131026 -0.6394259333610535 213000
1681146131360 -0.5838548541069031 213500
1681146131725 -1.0225660800933838 214000
1681146132050 -0.00554042961448431 214500
1681146132377 -0.278217077255249 215000
1681146132618 -0.9518297910690308 215500
1681146132953 -0.48291173577308655 216000
1681146133241 -0.538223147392273 216500
1681146133674 -0.5069298148155212 217000
1681146134188 -0.3953004479408264 217500
1681146134471 -0.24692890048027039 218000
1681146134777 -0.47178012132644653 218500
1681146135153 -0.6887613534927368 219000
1681146135431 -0.5345802903175354 219500
1681146135869 -0.5726233720779419 220000
1681146136312 -0.47398072481155396 220500
1681146136695 -0.5520241856575012 221000
1681146136965 -0.5194791555404663 221500
1681146137200 -0.41976261138916016 222000
1681146137479 -0.45094308257102966 222500
1681146137834 -0.004863300360739231 223000
1681146138128 -0.4305807054042816 223500
1681146138481 -0.2885504961013794 224000
1681146138791 -0.6840870380401611 224500
1681146139104 -0.5590070486068726 225000
1681146139429 -0.5113767385482788 225500
1681146139772 -0.020292645320296288 226000
1681146140031 -0.29519224166870117 226500
1681146140496 -0.028166359290480614 227000
1681146140830 -6.728711014147848e-06 227500
1681146141081 -0.8152567148208618 228000
1681146141435 -0.6121913194656372 228500
1681146141803 -0.6931620836257935 229000
1681146142210 -0.4136883318424225 229500
1681146142722 -0.5950359106063843 230000
1681146143107 -0.4028005003929138 230500
1681146143529 -0.35786911845207214 231000
1681146144210 -0.4656001031398773 231500
1681146144585 -0.2070101499557495 232000
1681146145308 -0.3888689875602722 232500
1681146146260 -0.312701940536499 233000
1681146146756 -0.2029402256011963 233500
1681146147104 -0.979815661907196 234000
1681146147435 -0.06944511830806732 234500
1681146147800 -0.1713847815990448 235000
1681146148139 -0.42680850625038147 235500
1681146148659 -0.4442325234413147 236000
1681146148927 -0.2881837487220764 236500
1681146149234 -0.008569758385419846 237000
1681146149519 -0.28208857774734497 237500
1681146149731 -0.41996973752975464 238000
1681146150004 -0.019458184018731117 238500
1681146150225 -0.31975606083869934 239000
1681146150440 -0.3398711085319519 239500
1681146150659 -0.47572487592697144 240000
1681146150891 -0.453730970621109 240500
1681146151089 -0.3915589153766632 241000
1681146151308 -0.1483941376209259 241500
1681146151503 -0.5689430236816406 242000
1681146151702 -0.40919214487075806 242500
1681146151906 -0.3668472170829773 243000
1681146152132 -0.2542823553085327 243500
1681146152376 -0.3841422200202942 244000
1681146152574 -0.42063790559768677 244500
1681146152857 -1.033916561254955e-07 245000
1681146153111 -0.34389129281044006 245500
1681146153332 -0.594146728515625 246000
1681146153615 -7.333364919759333e-05 246500
1681146153986 -0.04661354050040245 247000
1681146154308 -0.3335535526275635 247500
1681146154508 -0.3266690671443939 248000
1681146154752 -0.5179236531257629 248500
1681146155038 -0.6204522848129272 249000
1681146155390 -0.44716399908065796 249500
1681146155637 -0.3803216814994812 250000
1681146155873 -0.5958337783813477 250500
1681146156165 -5.708873231924372e-07 251000
1681146156534 -0.0001473121519666165 251500
1681146157039 -0.2816307544708252 252000
1681146157297 -0.6463013887405396 252500
1681146157533 -0.6735889315605164 253000
1681146157810 -0.5967317819595337 253500
1681146158151 -0.10734905302524567 254000
1681146158513 -0.3383558392524719 254500
1681146158915 -0.4937759041786194 255000
1681146159220 -0.3896878957748413 255500
1681146159454 -0.47534066438674927 256000
1681146159658 -0.2923220694065094 256500
1681146159891 -0.5512018799781799 257000
1681146160364 -0.31543710827827454 257500
1681146160703 -0.41721311211586 258000
1681146161048 -0.5199092626571655 258500
1681146161403 -0.237514466047287 259000
1681146161722 -0.1952301561832428 259500
1681146161993 -0.5691947340965271 260000
1681146162245 -0.5045888423919678 260500
1681146162521 -0.2732125222682953 261000
1681146162877 -0.44548726081848145 261500
1681146163246 -0.4561727046966553 262000
1681146163457 -0.13041166961193085 262500
1681146163954 -0.4301682114601135 263000
1681146164208 -0.693050742149353 263500
1681146164432 -0.4361414909362793 264000
1681146164745 -0.4103062152862549 264500
1681146165216 -0.6015588045120239 265000
1681146165567 -0.4035395681858063 265500
1681146165921 -0.6107235550880432 266000
1681146166160 -0.5663695335388184 266500
1681146166532 -0.4081204831600189 267000
1681146166737 -0.46225103735923767 267500
1681146167004 -0.6061773896217346 268000
1681146167417 -0.7435566186904907 268500
1681146167943 -0.6730701923370361 269000
1681146168487 -0.4032626152038574 269500
1681146168884 -0.5341351628303528 270000
1681146169229 -0.3382411003112793 270500
1681146169483 -0.8116008043289185 271000
1681146170074 -6.208942693319841e-09 271500
1681146170462 -0.2565346360206604 272000
1681146170993 -0.2619853913784027 272500
1681146171341 -0.288851261138916 273000
1681146172047 -0.4527568221092224 273500
1681146172331 -0.5637105107307434 274000
1681146172833 -0.26924628019332886 274500
1681146173177 -0.22783470153808594 275000
1681146173583 -0.565001368522644 275500
1681146173929 -0.35470861196517944 276000
1681146174236 -0.3636860251426697 276500
1681146174508 -0.5334702730178833 277000
1681146175232 -0.46938952803611755 277500
1681146175834 -0.2880703806877136 278000
1681146176370 -0.3721524775028229 278500
1681146176785 -0.49174684286117554 279000
1681146177056 -0.44731730222702026 279500
1681146177300 -0.3769969046115875 280000
1681146177667 -0.38454097509384155 280500
1681146178115 -0.3114667236804962 281000
1681146178910 -0.5388121604919434 281500
1681146179235 -0.2660013735294342 282000
1681146179684 -0.43947190046310425 282500
1681146180061 -0.5836091041564941 283000
1681146180648 -0.4636717438697815 283500
1681146180896 -0.5102858543395996 284000
1681146181242 -0.30447107553482056 284500
1681146181689 -0.26476481556892395 285000
1681146182205 -0.4831119179725647 285500
1681146182628 -0.9069835543632507 286000
1681146183154 -0.5062759518623352 286500
1681146183606 -0.5491682291030884 287000
1681146184174 -0.6172060370445251 287500
1681146184621 -0.31368961930274963 288000
1681146185233 -0.49419093132019043 288500
1681146185868 -0.37634196877479553 289000
1681146187036 -0.298117995262146 289500
1681146187388 -0.5900082588195801 290000
1681146187851 -0.22780892252922058 290500
1681146188436 -0.22700941562652588 291000
1681146189430 -0.7024201154708862 291500
1681146189809 -0.2573701739311218 292000
1681146190273 -0.21750286221504211 292500
1681146190773 -0.6235697865486145 293000
1681146191425 -0.2467900961637497 293500
1681146191901 -0.6197565793991089 294000
1681146192677 -0.2564302086830139 294500
1681146193021 -0.2564058005809784 295000
1681146193505 -0.44037994742393494 295500
1681146193984 -0.29388627409935 296000
1681146194585 -0.5474791526794434 296500
1681146195167 -0.5997198820114136 297000
1681146196076 -0.6529184579849243 297500
1681146196553 -0.45872536301612854 298000
1681146197254 -0.3280423879623413 298500
1681146197696 -0.41276901960372925 299000
1681146198310 -0.4099702835083008 299500
1681146198778 -0.5034555196762085 300000
