1681145966435 -0.03274202346801758 500
1681145966628 -0.25736165046691895 1000
1681145966809 0.1358850598335266 1500
1681145967041 -0.010896921157836914 2000
1681145967248 -0.0006308555603027344 2500
1681145967461 -0.006463050842285156 3000
1681145967695 -0.006746172904968262 3500
1681145967908 -0.0018911361694335938 4000
1681145968109 -0.0040819644927978516 4500
1681145968351 0.005369782447814941 5000
1681145968564 0.07316035032272339 5500
1681145968808 0.0015082359313964844 6000
1681145969088 -0.0007766485214233398 6500
1681145969373 0.07658267021179199 7000
1681145969716 0.07808184623718262 7500
1681145970474 -0.07436525821685791 8000
1681145970779 -0.0008999109268188477 8500
1681145970992 0.002686142921447754 9000
1681145971626 -0.017403483390808105 9500
1681145972073 -0.10396945476531982 10000
1681145972315 -0.008440017700195312 10500
1681145972543 0.0021813511848449707 11000
1681145972793 0.0011718273162841797 11500
1681145972991 -0.0009169578552246094 12000
1681145973218 -0.0019916296005249023 12500
1681145973444 -0.029181361198425293 13000
1681145973689 0.150806725025177 13500
1681145973927 -0.001394510269165039 14000
1681145974159 -0.013339757919311523 14500
1681145974396 0.006611645221710205 15000
1681145974662 0.02091217041015625 15500
1681145974877 0.020065724849700928 16000
1681145975091 -0.04438185691833496 16500
1681145975316 -0.1220015287399292 17000
1681145975540 0.5177909135818481 17500
1681145975767 -0.006028294563293457 18000
1681145976010 0.030624747276306152 18500
1681145976258 0.014149129390716553 19000
1681145976544 -0.791939377784729 19500
1681145976744 -0.17015671730041504 20000
1681145976985 -0.028818607330322266 20500
1681145977293 -0.06475424766540527 21000
1681145977552 0.12121206521987915 21500
1681145977780 -0.06752169132232666 22000
1681145977996 0.26669037342071533 22500
1681145978192 -0.006137967109680176 23000
1681145978426 0.017269790172576904 23500
1681145978742 -0.04963648319244385 24000
1681145978982 -0.01316988468170166 24500
1681145979213 0.008150339126586914 25000
1681145979440 -0.6285336017608643 25500
1681145979741 -1.5109179019927979 26000
1681145980020 -0.007024288177490234 26500
1681145980218 0.4751853346824646 27000
1681145980480 0.3617042303085327 27500
1681145980694 0.8277797102928162 28000
1681145980975 -1.2258052825927734 28500
1681145981205 -12.774974822998047 29000
1681145981469 0.2974538803100586 29500
1681145981700 0.9485246390104294 30000
1681145981935 0.004725158214569092 30500
1681145982192 -2.194976568222046 31000
1681145982394 0.003006458282470703 31500
1681145982617 -8.894214630126953 32000
1681145982843 -0.1696910858154297 32500
1681145983156 -6.0810627937316895 33000
1681145983405 0.7275453805923462 33500
1681145983682 0.016415834426879883 34000
1681145983962 -2.986393928527832 34500
1681145984255 0.012495160102844238 35000
1681145984492 -6.079213619232178 35500
1681145984730 0.6816364824771881 36000
1681145984988 0.6437408924102783 36500
1681145985383 0.25516170263290405 37000
1681145985634 -1.620556354522705 37500
1681145985998 -0.009499669075012207 38000
1681145986259 0.21896713972091675 38500
1681145986516 0.13731598854064941 39000
1681145986772 0.009272575378417969 39500
1681145987045 -0.019550800323486328 40000
1681145987250 0.7376130223274231 40500
1681145987493 0.10486841201782227 41000
1681145987740 -0.10018336772918701 41500
1681145987957 0.027915656566619873 42000
1681145988221 -0.18249738216400146 42500
1681145988462 -0.4041252136230469 43000
1681145988708 -0.23464512825012207 43500
1681145989021 0.04544234275817871 44000
1681145989312 -1.9056856632232666 44500
1681145989574 -0.07648301124572754 45000
1681145989836 0.8080626875162125 45500
1681145990052 -0.9991168975830078 46000
1681145990319 0.30890965461730957 46500
1681145990586 0.3239988684654236 47000
1681145990953 0.5503764748573303 47500
1681145991175 -0.07549810409545898 48000
1681145991421 -0.5879982709884644 48500
1681145991650 0.5591987073421478 49000
1681145992118 -0.014149308204650879 49500
1681145992417 0.1922008991241455 50000
1681145992687 0.35241222381591797 50500
1681145992950 0.2945525646209717 51000
1681145993220 -0.556175708770752 51500
1681145993443 -6.190710067749023 52000
1681145993692 0.4683877229690552 52500
1681145993958 -0.12720823287963867 53000
1681145994169 -0.027740836143493652 53500
1681145994382 0.29887574911117554 54000
1681145994657 0.03392702341079712 54500
1681145994903 0.13555163145065308 55000
1681145995176 0.0 55500
1681145995404 0.6831803023815155 56000
1681145995864 0.8727859556674957 56500
1681145996102 0.47124433517456055 57000
1681145996384 0.0005402565002441406 57500
1681145996597 -0.03640913963317871 58000
1681145996840 -5.376977920532227 58500
1681145997073 -0.07326018810272217 59000
1681145997475 0.40181732177734375 59500
1681145997725 -0.09788167476654053 60000
1681145997955 -0.2129383087158203 60500
1681145998153 0.3095991611480713 61000
1681145998407 0.004484236240386963 61500
1681145998660 -8.335180282592773 62000
1681145998957 -0.7958519458770752 62500
1681145999302 -0.04484868049621582 63000
1681145999530 -0.0008782148361206055 63500
1681145999766 0.005041062831878662 64000
1681146000037 0.421583890914917 64500
1681146000278 0.16366171836853027 65000
1681146000641 0.34765172004699707 65500
1681146000928 0.2514614462852478 66000
1681146001149 0.8537143468856812 66500
1681146001358 0.3911239504814148 67000
1681146001678 0.8454245179891586 67500
1681146002032 0.17362338304519653 68000
1681146002225 0.8431780785322189 68500
1681146002534 -0.03729987144470215 69000
1681146002783 0.28229719400405884 69500
1681146003058 0.8647041022777557 70000
1681146003330 0.9265036806464195 70500
1681146003773 -0.11283385753631592 71000
1681146004055 0.7744917869567871 71500
1681146004313 0.21002912521362305 72000
1681146004694 0.9857764728367329 72500
1681146004931 0.05014461278915405 73000
1681146005134 0.32789820432662964 73500
1681146005399 -1.4770052433013916 74000
1681146005993 -0.050710201263427734 74500
1681146006391 0.5586769282817841 75000
1681146006754 0.13670068979263306 75500
1681146007099 0.42008721828460693 76000
1681146007403 0.20504748821258545 76500
1681146007651 0.839884489774704 77000
1681146007932 -0.2759798765182495 77500
1681146008191 0.9284977316856384 78000
1681146008444 -0.20202744007110596 78500
1681146008686 -0.029425859451293945 79000
1681146008908 0.14665812253952026 79500
1681146009126 0.7516501247882843 80000
1681146009405 0.06132626533508301 80500
1681146009640 0.4166104197502136 81000
1681146009887 -0.07068192958831787 81500
1681146010174 0.7965232133865356 82000
1681146010444 0.15072393417358398 82500
1681146010643 0.8486496061086655 83000
1681146010929 -0.4387521743774414 83500
1681146011182 0.12499737739562988 84000
1681146011429 0.3744751811027527 84500
1681146011740 0.8713662922382355 85000
1681146011967 0.9671302102506161 85500
1681146012315 0.5272625684738159 86000
1681146012541 -4.574145317077637 86500
1681146012842 0.7327234447002411 87000
1681146013131 0.9083168357610703 87500
1681146013405 -0.0008945465087890625 88000
1681146013623 0.09469997882843018 88500
1681146014126 0.6288641691207886 89000
1681146014590 0.029172897338867188 89500
1681146015074 -0.13932454586029053 90000
1681146015317 -1.8306045532226562 90500
1681146015632 0.13475340604782104 91000
1681146015848 -2.0306849479675293 91500
1681146016131 -21.9473876953125 92000
1681146016676 -0.18153822422027588 92500
1681146016895 0.8038898557424545 93000
1681146017125 0.5832768380641937 93500
1681146017655 -15.692596435546875 94000
1681146018018 -0.032553672790527344 94500
1681146018295 -0.6312692165374756 95000
1681146018659 -0.5759568214416504 95500
1681146018992 0.40257418155670166 96000
1681146019292 -0.37278735637664795 96500
1681146019512 0.5034236013889313 97000
1681146019803 -0.5015006065368652 97500
1681146020006 -0.15691828727722168 98000
1681146020222 0.8773290514945984 98500
1681146020454 0.9885829733684659 99000
1681146020683 0.8452602326869965 99500
1681146020932 -1.2120177745819092 100000
1681146021245 0.5552523732185364 100500
1681146021556 0.6976291537284851 101000
1681146021832 0.8003370016813278 101500
1681146022197 0.31077897548675537 102000
1681146022409 0.771794781088829 102500
1681146022702 0.844161719083786 103000
1681146023039 0.31592798233032227 103500
1681146023426 -0.11360156536102295 104000
1681146024146 0.06377345323562622 104500
1681146024615 0.9732987340539694 105000
1681146025441 0.5395257771015167 105500
1681146025671 0.855607271194458 106000
1681146026029 0.6557835638523102 106500
1681146026588 0.013451933860778809 107000
1681146027716 0.9511117301881313 107500
1681146027955 -0.37592029571533203 108000
1681146028240 0.4094471335411072 108500
1681146028874 -0.6810617446899414 109000
1681146029170 0.9176322668790817 109500
1681146029694 -0.7749176025390625 110000
1681146029956 0.9756963234394789 110500
1681146030293 0.4842999577522278 111000
1681146030648 0.4411289691925049 111500
1681146031046 0.4224497079849243 112000
1681146031921 0.940045204013586 112500
1681146032470 0.6249879598617554 113000
1681146032663 -0.22298204898834229 113500
1681146033089 -1.9565343856811523 114000
1681146034303 -2.1525397300720215 114500
1681146034512 -0.9008325338363647 115000
1681146034989 0.9601349383592606 115500
1681146035477 0.39479684829711914 116000
1681146035795 0.27701789140701294 116500
1681146036097 -1.1188271045684814 117000
1681146036739 0.5755818486213684 117500
1681146037028 -0.2534836530685425 118000
1681146037315 -0.04128372669219971 118500
1681146037905 0.9716034922748804 119000
1681146038589 0.8621397465467453 119500
1681146039104 0.6032213866710663 120000
1681146039665 0.39861345291137695 120500
1681146040228 0.1423811912536621 121000
1681146040803 0.8669009059667587 121500
1681146041187 -0.32177162170410156 122000
1681146041797 0.4918839931488037 122500
1681146042617 0.18109971284866333 123000
1681146043244 0.8749404698610306 123500
1681146043964 -0.1824127435684204 124000
1681146044234 0.8644477277994156 124500
1681146044500 0.6063327193260193 125000
1681146045180 -0.8691099882125854 125500
1681146045623 0.9127008840441704 126000
1681146046049 0.001473844051361084 126500
1681146046443 -0.33083486557006836 127000
1681146047575 0.28106391429901123 127500
1681146047947 0.8668006360530853 128000
1681146048349 -0.03088831901550293 128500
1681146049083 0.9514503143727779 129000
1681146049750 0.7446213662624359 129500
1681146050098 0.5949146151542664 130000
1681146050725 0.8833049833774567 130500
1681146051224 0.8625826090574265 131000
1681146051481 -2.788994789123535 131500
1681146052101 0.6397524774074554 132000
1681146052784 -7.788054466247559 132500
1681146053007 0.9045477360486984 133000
1681146053303 -0.002736210823059082 133500
1681146053842 0.6958326697349548 134000
1681146054578 0.5437061786651611 134500
1681146054806 0.8266019970178604 135000
1681146055392 0.5924928784370422 135500
1681146055863 0.807248443365097 136000
1681146056632 -1.906144380569458 136500
1681146057107 0.9084660038352013 137000
1681146057366 0.7154653370380402 137500
1681146057568 0.8282547891139984 138000
1681146057786 -4.1881866455078125 138500
1681146058013 0.6461370587348938 139000
1681146058462 -0.06055188179016113 139500
1681146058650 0.8757288530468941 140000
1681146059052 0.3778228759765625 140500
1681146059759 0.8162139058113098 141000
1681146060233 0.7170707285404205 141500
1681146061195 0.7341487109661102 142000
1681146061577 -1.1738758087158203 142500
1681146062240 0.9381226487457752 143000
1681146062681 0.7303061485290527 143500
1681146063419 -1.7143440246582031 144000
1681146063819 0.8177458494901657 144500
1681146064490 0.5313923358917236 145000
1681146064700 0.8928892910480499 145500
1681146065000 -0.3216109275817871 146000
1681146065242 -2.0355935096740723 146500
1681146065515 -0.9298967123031616 147000
1681146065931 0.8146850913763046 147500
1681146066373 0.48915785551071167 148000
1681146067394 -0.5139586925506592 148500
1681146067630 -0.036412954330444336 149000
1681146068172 0.5218138992786407 149500
1681146068647 0.21407610177993774 150000
1681146069315 0.17269670963287354 150500
1681146069892 0.996709959814325 151000
1681146070139 0.282265305519104 151500
1681146070625 0.6600385904312134 152000
1681146071587 0.48867905139923096 152500
1681146071910 0.20420688390731812 153000
1681146072875 0.5367671549320221 153500
1681146073255 0.7014330327510834 154000
1681146073648 -1.0818355083465576 154500
1681146074322 0.5901961326599121 155000
1681146074588 0.9484298229217529 155500
1681146075273 0.8197833746671677 156000
1681146076062 0.22150152921676636 156500
1681146076548 0.9724617339670658 157000
1681146077065 0.5237133800983429 157500
1681146077415 0.009366750717163086 158000
1681146077688 0.47325217723846436 158500
1681146078244 0.7650670409202576 159000
1681146079041 0.332491934299469 159500
1681146079662 -0.06999993324279785 160000
1681146080554 0.8158313781023026 160500
1681146080858 0.9244028031826019 161000
1681146081397 0.2953832745552063 161500
1681146081980 0.4934777021408081 162000
1681146082314 0.1365336775779724 162500
1681146083238 -2.8320798873901367 163000
1681146083887 0.8952896520495415 163500
1681146084369 -3.1273021697998047 164000
1681146084693 -0.18105065822601318 164500
1681146085349 0.32842451333999634 165000
1681146085844 -1.0872890949249268 165500
1681146086266 0.11140841245651245 166000
1681146087330 0.9723700433969498 166500
1681146087733 -0.2114337682723999 167000
1681146088692 0.46823006868362427 167500
1681146089055 -0.28944504261016846 168000
1681146089501 -0.5553083419799805 168500
1681146090437 0.6300276815891266 169000
1681146090853 0.9377443604171276 169500
1681146091581 0.5479061305522919 170000
1681146091995 0.8925415799021721 170500
1681146092814 0.8774010688066483 171000
1681146093311 -2.5882492065429688 171500
1681146094357 -3.2906975746154785 172000
1681146094611 -0.0462644100189209 172500
1681146094967 -0.8840274810791016 173000
1681146095848 0.6231412887573242 173500
1681146096189 0.06616920232772827 174000
1681146096560 0.8512911200523376 174500
1681146096897 0.7696292549371719 175000
1681146097148 0.8515318632125854 175500
1681146097865 -1.7316412925720215 176000
1681146098397 -0.07771480083465576 176500
1681146098858 -0.664463996887207 177000
1681146099920 0.8356234431266785 177500
1681146100327 0.8104119002819061 178000
1681146101045 -0.05666780471801758 178500
1681146101323 0.8222927153110504 179000
1681146102003 0.05207914113998413 179500
1681146102686 0.7558698952198029 180000
1681146103191 0.22954148054122925 180500
1681146103672 0.9335634410381317 181000
1681146104151 0.6900547444820404 181500
1681146104611 0.8683166056871414 182000
1681146105454 0.6743735373020172 182500
1681146105904 0.8463428318500519 183000
1681146106736 -2.307708501815796 183500
1681146106991 -0.199773907661438 184000
1681146107539 0.9936841824091971 184500
1681146108109 0.9059575721621513 185000
1681146108760 0.6256319582462311 185500
1681146109337 0.9247452616691589 186000
1681146109666 0.15307199954986572 186500
1681146109930 0.9837014861404896 187000
1681146110300 0.9235841408371925 187500
1681146110863 0.9866046337410808 188000
1681146111282 0.8234115242958069 188500
1681146111774 0.8805790469050407 189000
1681146112578 0.8176800310611725 189500
1681146113347 0.559268444776535 190000
1681146113692 0.9878919227048755 190500
1681146114304 0.9152778461575508 191000
1681146114715 0.9607516676187515 191500
1681146115320 0.8655614405870438 192000
1681146115799 0.3057664632797241 192500
1681146116165 0.9339437559247017 193000
1681146116696 0.9312496781349182 193500
1681146117214 0.9247000813484192 194000
1681146117688 -0.7652201652526855 194500
1681146118084 -1.2506601810455322 195000
1681146118690 0.9851810550317168 195500
1681146119061 0.8216416388750076 196000
1681146119354 0.7821652591228485 196500
1681146119640 0.8953831866383553 197000
1681146119940 0.6497763097286224 197500
1681146120274 0.977419862523675 198000
1681146120573 -0.18758273124694824 198500
1681146120821 0.9884450808167458 199000
1681146121091 0.1252771019935608 199500
1681146121451 0.9804594647139311 200000
1681146121781 0.6786364018917084 200500
1681146122085 0.9830688778311014 201000
1681146122365 0.972439106553793 201500
1681146122688 0.9604973569512367 202000
1681146123024 -0.0005292892456054688 202500
1681146123307 0.9076652899384499 203000
1681146123653 0.92927236109972 203500
1681146123948 0.9617884941399097 204000
1681146124278 0.899974063038826 204500
1681146124699 0.989259110763669 205000
1681146125083 0.980526477098465 205500
1681146125623 0.9067348316311836 206000
1681146126132 -0.009820342063903809 206500
1681146126477 0.9573384784162045 207000
1681146126848 0.9884050125256181 207500
1681146127364 0.44304990768432617 208000
1681146127742 0.9235226586461067 208500
1681146128019 0.9532215818762779 209000
1681146128339 0.7904624491930008 209500
1681146128667 0.9884163429960608 210000
1681146129119 0.9855888923630118 210500
1681146129645 0.9736450407654047 211000
1681146130049 0.001556694507598877 211500
1681146130362 0.49853605031967163 212000
1681146130767 -2.092247247695923 212500
1681146131027 0.9490726664662361 213000
1681146131361 0.986911834217608 213500
1681146131725 0.9887799397110939 214000
1681146132051 -0.04936933517456055 214500
1681146132378 0.7162460088729858 215000
1681146132618 0.9723356831818819 215500
1681146132954 0.9149720892310143 216000
1681146133241 0.9661683551967144 216500
1681146133674 0.9863188052549958 217000
1681146134188 0.9365585744380951 217500
1681146134471 0.9464000165462494 218000
1681146134778 0.9791360013186932 218500
1681146135153 0.9942655116319656 219000
1681146135431 0.9726050477474928 219500
1681146135869 0.9548503905534744 220000
1681146136313 0.9787778574973345 220500
1681146136696 0.9077914953231812 221000
1681146136966 0.989475455135107 221500
1681146137200 0.517438530921936 222000
1681146137479 0.9684845171868801 222500
1681146137835 -0.00031828880310058594 223000
1681146138129 0.9301486536860466 223500
1681146138481 0.06684809923171997 224000
1681146138791 -0.22935974597930908 224500
1681146139104 0.9278567135334015 225000
1681146139429 0.3501991629600525 225500
1681146139772 -1.71661376953125e-05 226000
1681146140032 0.4828068017959595 226500
1681146140497 0.19565188884735107 227000
1681146140831 -0.005735278129577637 227500
1681146141081 0.9546451456844807 228000
1681146141435 0.9140978530049324 228500
1681146141803 0.9692467413842678 229000
1681146142211 0.8611176013946533 229500
1681146142723 0.8224498182535172 230000
1681146143107 0.5453643500804901 230500
1681146143530 0.9768470507115126 231000
1681146144210 -1.244326114654541 231500
1681146144586 0.6871741712093353 232000
1681146145309 0.9835253320634365 232500
1681146146260 0.7077598571777344 233000
1681146146757 -4.25471305847168 233500
1681146147104 0.9234103411436081 234000
1681146147435 0.4621661901473999 234500
1681146147800 -2.5096237659454346 235000
1681146148140 0.9901839569211006 235500
1681146148660 0.9318291023373604 236000
1681146148928 0.9550832509994507 236500
1681146149234 -9.443187713623047 237000
1681146149519 0.9916644087061286 237500
1681146149732 -0.8062484264373779 238000
1681146150005 -0.7278827428817749 238500
1681146150225 0.7565870434045792 239000
1681146150440 0.1114659309387207 239500
1681146150659 -5.464244365692139 240000
1681146150891 -2.748514413833618 240500
1681146151089 0.794018492102623 241000
1681146151309 -0.3411053419113159 241500
1681146151504 0.8822935596108437 242000
1681146151702 0.977850865572691 242500
1681146151907 0.021860182285308838 243000
1681146152133 0.8903428167104721 243500
1681146152376 -0.513018012046814 244000
1681146152574 0.9346215054392815 244500
1681146152858 0.4297042489051819 245000
1681146153112 0.9985047384398058 245500
1681146153333 0.9622906111180782 246000
1681146153616 0.4874849319458008 246500
1681146153986 0.03729367256164551 247000
1681146154308 0.43575626611709595 247500
1681146154508 0.6546339988708496 248000
1681146154752 0.9218790084123611 248500
1681146155039 0.7840392291545868 249000
1681146155390 0.6770432591438293 249500
1681146155638 0.5575502216815948 250000
1681146155873 -1.129988670349121 250500
1681146156165 0.10142987966537476 251000
1681146156534 0.22463911771774292 251500
1681146157040 0.926647000014782 252000
1681146157298 0.8904712349176407 252500
1681146157534 0.7993910163640976 253000
1681146157811 0.1862252950668335 253500
1681146158152 -3.4524922370910645 254000
1681146158513 -0.08389937877655029 254500
1681146158915 0.6720105409622192 255000
1681146159220 -3.906017780303955 255500
1681146159454 0.908073328435421 256000
1681146159659 0.9615319930016994 256500
1681146159891 0.7608684450387955 257000
1681146160365 0.9732810836285353 257500
1681146160703 0.7343163788318634 258000
1681146161048 0.586020827293396 258500
1681146161403 0.2391865849494934 259000
1681146161722 0.6330885589122772 259500
1681146161994 0.8654062449932098 260000
1681146162245 0.8624322563409805 260500
1681146162522 0.9177207052707672 261000
1681146162878 0.7392739653587341 261500
1681146163246 -2.3800196647644043 262000
1681146163457 0.9327866286039352 262500
1681146163954 0.799729660153389 263000
1681146164208 0.5187609493732452 263500
1681146164432 0.911913625895977 264000
1681146164745 0.41823649406433105 264500
1681146165217 0.7748956829309464 265000
1681146165567 0.6868970692157745 265500
1681146165921 -0.254974365234375 266000
1681146166161 0.6293546855449677 266500
1681146166533 0.9435727298259735 267000
1681146166737 0.33414918184280396 267500
1681146167005 0.9190407171845436 268000
1681146167417 0.792706698179245 268500
1681146167943 0.5629405379295349 269000
1681146168491 0.11320281028747559 269500
1681146168885 0.7012481689453125 270000
1681146169229 0.5587500035762787 270500
1681146169483 0.9097449854016304 271000
1681146170074 -1.7470297813415527 271500
1681146170462 0.46480053663253784 272000
1681146170994 0.8015979379415512 272500
1681146171342 0.43775564432144165 273000
1681146172047 -0.09723353385925293 273500
1681146172332 0.878295473754406 274000
1681146172833 0.5051839649677277 274500
1681146173177 0.18073201179504395 275000
1681146173583 0.24044984579086304 275500
1681146173929 0.9966602199710906 276000
1681146174236 0.3448084592819214 276500
1681146174508 0.882291167974472 277000
1681146175233 -1.1845622062683105 277500
1681146175834 -1.341360330581665 278000
1681146176371 0.11067938804626465 278500
1681146176786 -9.313326835632324 279000
1681146177057 -0.002969503402709961 279500
1681146177300 0.41340845823287964 280000
1681146177668 -0.4213935136795044 280500
1681146178116 -0.4885365962982178 281000
1681146178911 0.7103667259216309 281500
1681146179235 0.6467153131961823 282000
1681146179684 0.3939201235771179 282500
1681146180061 -0.3936275243759155 283000
1681146180648 0.8901205807924271 283500
1681146180897 -0.34994828701019287 284000
1681146181243 0.695216178894043 284500
1681146181690 0.6311675608158112 285000
1681146182206 0.7120829224586487 285500
1681146182628 0.34265559911727905 286000
1681146183154 0.6300397515296936 286500
1681146183607 0.6836382150650024 287000
1681146184175 0.1734853982925415 287500
1681146184621 0.4575040936470032 288000
1681146185233 -0.6183352470397949 288500
1681146185869 -0.06822443008422852 289000
1681146187037 -1.927145004272461 289500
1681146187388 -1.9968881607055664 290000
1681146187852 0.8088821321725845 290500
1681146188436 0.6297502815723419 291000
1681146189430 -0.12483203411102295 291500
1681146189810 0.5943070352077484 292000
1681146190274 0.7888140678405762 292500
1681146190773 0.15488815307617188 293000
1681146191426 0.8411777913570404 293500
1681146191902 0.4270123839378357 294000
1681146192677 0.5743672251701355 294500
1681146193021 0.7238606810569763 295000
1681146193505 0.17810142040252686 295500
1681146193985 0.13781583309173584 296000
1681146194586 0.8621221482753754 296500
1681146195167 -6.556344509124756 297000
1681146196077 -0.5452032089233398 297500
1681146196553 0.8696625232696533 298000
1681146197254 0.9105717614293098 298500
1681146197697 0.8261018246412277 299000
1681146198310 0.9101607948541641 299500
1681146198778 0.6228044331073761 300000
