1681145966436 0.0007 500
1681145966629 0.0007 1000
1681145966809 0.0007 1500
1681145967041 0.0007 2000
1681145967248 0.0007 2500
1681145967461 0.0007 3000
1681145967695 0.0007 3500
1681145967908 0.0007 4000
1681145968109 0.0007 4500
1681145968352 0.0007 5000
1681145968564 0.0007 5500
1681145968808 0.0007 6000
1681145969088 0.0007 6500
1681145969373 0.0007 7000
1681145969716 0.0007 7500
1681145970475 0.0007 8000
1681145970780 0.0007 8500
1681145970992 0.0007 9000
1681145971627 0.0007 9500
1681145972074 0.0007 10000
1681145972315 0.0007 10500
1681145972543 0.0007 11000
1681145972794 0.0007 11500
1681145972991 0.0007 12000
1681145973218 0.0007 12500
1681145973445 0.0007 13000
1681145973690 0.0007 13500
1681145973928 0.0007 14000
1681145974159 0.0007 14500
1681145974396 0.0007 15000
1681145974662 0.0007 15500
1681145974877 0.0007 16000
1681145975092 0.0007 16500
1681145975317 0.0007 17000
1681145975540 0.0007 17500
1681145975767 0.0007 18000
1681145976010 0.0007 18500
1681145976259 0.0007 19000
1681145976544 0.0007 19500
1681145976744 0.0007 20000
1681145976986 0.0007 20500
1681145977293 0.0007 21000
1681145977553 0.0007 21500
1681145977780 0.0007 22000
1681145977996 0.0007 22500
1681145978192 0.0007 23000
1681145978426 0.0007 23500
1681145978743 0.0007 24000
1681145978982 0.0007 24500
1681145979213 0.0007 25000
1681145979441 0.0007 25500
1681145979742 0.0007 26000
1681145980021 0.0007 26500
1681145980218 0.0007 27000
1681145980481 0.0007 27500
1681145980695 0.0007 28000
1681145980976 0.0007 28500
1681145981205 0.0007 29000
1681145981470 0.0007 29500
1681145981701 0.0007 30000
1681145981935 0.0007 30500
1681145982193 0.0007 31000
1681145982394 0.0007 31500
1681145982618 0.0007 32000
1681145982843 0.0007 32500
1681145983157 0.0007 33000
1681145983405 0.0007 33500
1681145983682 0.0007 34000
1681145983962 0.0007 34500
1681145984256 0.0007 35000
1681145984492 0.0007 35500
1681145984730 0.0007 36000
1681145984988 0.0007 36500
1681145985383 0.0007 37000
1681145985634 0.0007 37500
1681145985999 0.0007 38000
1681145986259 0.0007 38500
1681145986516 0.0007 39000
1681145986773 0.0007 39500
1681145987045 0.0007 40000
1681145987250 0.0007 40500
1681145987493 0.0007 41000
1681145987740 0.0007 41500
1681145987958 0.0007 42000
1681145988221 0.0007 42500
1681145988462 0.0007 43000
1681145988709 0.0007 43500
1681145989021 0.0007 44000
1681145989312 0.0007 44500
1681145989574 0.0007 45000
1681145989837 0.0007 45500
1681145990053 0.0007 46000
1681145990320 0.0007 46500
1681145990587 0.0007 47000
1681145990953 0.0007 47500
1681145991176 0.0007 48000
1681145991422 0.0007 48500
1681145991651 0.0007 49000
1681145992119 0.0007 49500
1681145992417 0.0007 50000
1681145992687 0.0007 50500
1681145992951 0.0007 51000
1681145993221 0.0007 51500
1681145993444 0.0007 52000
1681145993692 0.0007 52500
1681145993958 0.0007 53000
1681145994169 0.0007 53500
1681145994383 0.0007 54000
1681145994657 0.0007 54500
1681145994903 0.0007 55000
1681145995176 0.0007 55500
1681145995405 0.0007 56000
1681145995864 0.0007 56500
1681145996103 0.0007 57000
1681145996384 0.0007 57500
1681145996597 0.0007 58000
1681145996840 0.0007 58500
1681145997074 0.0007 59000
1681145997475 0.0007 59500
1681145997725 0.0007 60000
1681145997955 0.0007 60500
1681145998153 0.0007 61000
1681145998407 0.0007 61500
1681145998660 0.0007 62000
1681145998957 0.0007 62500
1681145999303 0.0007 63000
1681145999530 0.0007 63500
1681145999767 0.0007 64000
1681146000037 0.0007 64500
1681146000278 0.0007 65000
1681146000642 0.0007 65500
1681146000929 0.0007 66000
1681146001150 0.0007 66500
1681146001358 0.0007 67000
1681146001678 0.0007 67500
1681146002032 0.0007 68000
1681146002226 0.0007 68500
1681146002535 0.0007 69000
1681146002784 0.0007 69500
1681146003059 0.0007 70000
1681146003331 0.0007 70500
1681146003773 0.0007 71000
1681146004056 0.0007 71500
1681146004314 0.0007 72000
1681146004695 0.0007 72500
1681146004931 0.0007 73000
1681146005134 0.0007 73500
1681146005399 0.0007 74000
1681146005994 0.0007 74500
1681146006391 0.0007 75000
1681146006754 0.0007 75500
1681146007100 0.0007 76000
1681146007403 0.0007 76500
1681146007651 0.0007 77000
1681146007932 0.0007 77500
1681146008191 0.0007 78000
1681146008445 0.0007 78500
1681146008686 0.0007 79000
1681146008908 0.0007 79500
1681146009127 0.0007 80000
1681146009406 0.0007 80500
1681146009641 0.0007 81000
1681146009888 0.0007 81500
1681146010174 0.0007 82000
1681146010445 0.0007 82500
1681146010643 0.0007 83000
1681146010930 0.0007 83500
1681146011183 0.0007 84000
1681146011429 0.0007 84500
1681146011740 0.0007 85000
1681146011967 0.0007 85500
1681146012316 0.0007 86000
1681146012541 0.0007 86500
1681146012843 0.0007 87000
1681146013132 0.0007 87500
1681146013406 0.0007 88000
1681146013623 0.0007 88500
1681146014127 0.0007 89000
1681146014591 0.0007 89500
1681146015074 0.0007 90000
1681146015317 0.0007 90500
1681146015633 0.0007 91000
1681146015848 0.0007 91500
1681146016132 0.0007 92000
1681146016676 0.0007 92500
1681146016895 0.0007 93000
1681146017125 0.0007 93500
1681146017655 0.0007 94000
1681146018019 0.0007 94500
1681146018295 0.0007 95000
1681146018660 0.0007 95500
1681146018992 0.0007 96000
1681146019292 0.0007 96500
1681146019513 0.0007 97000
1681146019804 0.0007 97500
1681146020006 0.0007 98000
1681146020222 0.0007 98500
1681146020454 0.0007 99000
1681146020684 0.0007 99500
1681146020933 0.0007 100000
1681146021246 0.0007 100500
1681146021556 0.0007 101000
1681146021833 0.0007 101500
1681146022197 0.0007 102000
1681146022410 0.0007 102500
1681146022703 0.0007 103000
1681146023039 0.0007 103500
1681146023426 0.0007 104000
1681146024146 0.0007 104500
1681146024616 0.0007 105000
1681146025441 0.0007 105500
1681146025671 0.0007 106000
1681146026029 0.0007 106500
1681146026589 0.0007 107000
1681146027716 0.0007 107500
1681146027955 0.0007 108000
1681146028240 0.0007 108500
1681146028874 0.0007 109000
1681146029171 0.0007 109500
1681146029694 0.0007 110000
1681146029957 0.0007 110500
1681146030293 0.0007 111000
1681146030649 0.0007 111500
1681146031046 0.0007 112000
1681146031922 0.0007 112500
1681146032471 0.0007 113000
1681146032664 0.0007 113500
1681146033089 0.0007 114000
1681146034303 0.0007 114500
1681146034513 0.0007 115000
1681146034990 0.0007 115500
1681146035478 0.0007 116000
1681146035795 0.0007 116500
1681146036097 0.0007 117000
1681146036740 0.0007 117500
1681146037028 0.0007 118000
1681146037316 0.0007 118500
1681146037906 0.0007 119000
1681146038590 0.0007 119500
1681146039104 0.0007 120000
1681146039666 0.0007 120500
1681146040228 0.0007 121000
1681146040804 0.0007 121500
1681146041188 0.0007 122000
1681146041797 0.0007 122500
1681146042618 0.0007 123000
1681146043245 0.0007 123500
1681146043965 0.0007 124000
1681146044234 0.0007 124500
1681146044500 0.0007 125000
1681146045181 0.0007 125500
1681146045624 0.0007 126000
1681146046050 0.0007 126500
1681146046443 0.0007 127000
1681146047575 0.0007 127500
1681146047948 0.0007 128000
1681146048349 0.0007 128500
1681146049083 0.0007 129000
1681146049750 0.0007 129500
1681146050098 0.0007 130000
1681146050726 0.0007 130500
1681146051224 0.0007 131000
1681146051481 0.0007 131500
1681146052101 0.0007 132000
1681146052784 0.0007 132500
1681146053007 0.0007 133000
1681146053304 0.0007 133500
1681146053843 0.0007 134000
1681146054579 0.0007 134500
1681146054807 0.0007 135000
1681146055392 0.0007 135500
1681146055863 0.0007 136000
1681146056632 0.0007 136500
1681146057107 0.0007 137000
1681146057366 0.0007 137500
1681146057568 0.0007 138000
1681146057787 0.0007 138500
1681146058013 0.0007 139000
1681146058462 0.0007 139500
1681146058650 0.0007 140000
1681146059052 0.0007 140500
1681146059759 0.0007 141000
1681146060234 0.0007 141500
1681146061196 0.0007 142000
1681146061577 0.0007 142500
1681146062240 0.0007 143000
1681146062681 0.0007 143500
1681146063419 0.0007 144000
1681146063820 0.0007 144500
1681146064491 0.0007 145000
1681146064700 0.0007 145500
1681146065000 0.0007 146000
1681146065242 0.0007 146500
1681146065516 0.0007 147000
1681146065931 0.0007 147500
1681146066374 0.0007 148000
1681146067394 0.0007 148500
1681146067630 0.0007 149000
1681146068173 0.0007 149500
1681146068648 0.0007 150000
1681146069316 0.0007 150500
1681146069892 0.0007 151000
1681146070139 0.0007 151500
1681146070625 0.0007 152000
1681146071587 0.0007 152500
1681146071910 0.0007 153000
1681146072876 0.0007 153500
1681146073256 0.0007 154000
1681146073649 0.0007 154500
1681146074323 0.0007 155000
1681146074589 0.0007 155500
1681146075273 0.0007 156000
1681146076062 0.0007 156500
1681146076549 0.0007 157000
1681146077065 0.0007 157500
1681146077415 0.0007 158000
1681146077688 0.0007 158500
1681146078244 0.0007 159000
1681146079041 0.0007 159500
1681146079662 0.0007 160000
1681146080554 0.0007 160500
1681146080859 0.0007 161000
1681146081397 0.0007 161500
1681146081980 0.0007 162000
1681146082315 0.0007 162500
1681146083238 0.0007 163000
1681146083887 0.0007 163500
1681146084370 0.0007 164000
1681146084694 0.0007 164500
1681146085349 0.0007 165000
1681146085844 0.0007 165500
1681146086266 0.0007 166000
1681146087331 0.0007 166500
1681146087734 0.0007 167000
1681146088693 0.0007 167500
1681146089055 0.0007 168000
1681146089501 0.0007 168500
1681146090437 0.0007 169000
1681146090854 0.0007 169500
1681146091581 0.0007 170000
1681146091996 0.0007 170500
1681146092814 0.0007 171000
1681146093312 0.0007 171500
1681146094358 0.0007 172000
1681146094612 0.0007 172500
1681146094967 0.0007 173000
1681146095848 0.0007 173500
1681146096189 0.0007 174000
1681146096561 0.0007 174500
1681146096898 0.0007 175000
1681146097149 0.0007 175500
1681146097865 0.0007 176000
1681146098398 0.0007 176500
1681146098858 0.0007 177000
1681146099920 0.0007 177500
1681146100327 0.0007 178000
1681146101046 0.0007 178500
1681146101323 0.0007 179000
1681146102003 0.0007 179500
1681146102687 0.0007 180000
1681146103192 0.0007 180500
1681146103672 0.0007 181000
1681146104152 0.0007 181500
1681146104612 0.0007 182000
1681146105454 0.0007 182500
1681146105905 0.0007 183000
1681146106736 0.0007 183500
1681146106992 0.0007 184000
1681146107540 0.0007 184500
1681146108109 0.0007 185000
1681146108761 0.0007 185500
1681146109338 0.0007 186000
1681146109667 0.0007 186500
1681146109930 0.0007 187000
1681146110301 0.0007 187500
1681146110864 0.0007 188000
1681146111282 0.0007 188500
1681146111774 0.0007 189000
1681146112579 0.0007 189500
1681146113347 0.0007 190000
1681146113693 0.0007 190500
1681146114305 0.0007 191000
1681146114715 0.0007 191500
1681146115321 0.0007 192000
1681146115799 0.0007 192500
1681146116165 0.0007 193000
1681146116696 0.0007 193500
1681146117215 0.0007 194000
1681146117689 0.0007 194500
1681146118084 0.0007 195000
1681146118691 0.0007 195500
1681146119061 0.0007 196000
1681146119354 0.0007 196500
1681146119641 0.0007 197000
1681146119940 0.0007 197500
1681146120274 0.0007 198000
1681146120573 0.0007 198500
1681146120822 0.0007 199000
1681146121091 0.0007 199500
1681146121452 0.0007 200000
1681146121782 0.0007 200500
1681146122085 0.0007 201000
1681146122366 0.0007 201500
1681146122688 0.0007 202000
1681146123025 0.0007 202500
1681146123308 0.0007 203000
1681146123653 0.0007 203500
1681146123948 0.0007 204000
1681146124278 0.0007 204500
1681146124700 0.0007 205000
1681146125084 0.0007 205500
1681146125623 0.0007 206000
1681146126132 0.0007 206500
1681146126477 0.0007 207000
1681146126849 0.0007 207500
1681146127365 0.0007 208000
1681146127743 0.0007 208500
1681146128020 0.0007 209000
1681146128339 0.0007 209500
1681146128667 0.0007 210000
1681146129119 0.0007 210500
1681146129645 0.0007 211000
1681146130049 0.0007 211500
1681146130362 0.0007 212000
1681146130768 0.0007 212500
1681146131027 0.0007 213000
1681146131361 0.0007 213500
1681146131725 0.0007 214000
1681146132051 0.0007 214500
1681146132378 0.0007 215000
1681146132619 0.0007 215500
1681146132954 0.0007 216000
1681146133242 0.0007 216500
1681146133674 0.0007 217000
1681146134189 0.0007 217500
1681146134471 0.0007 218000
1681146134778 0.0007 218500
1681146135153 0.0007 219000
1681146135432 0.0007 219500
1681146135869 0.0007 220000
1681146136313 0.0007 220500
1681146136696 0.0007 221000
1681146136966 0.0007 221500
1681146137200 0.0007 222000
1681146137480 0.0007 222500
1681146137835 0.0007 223000
1681146138129 0.0007 223500
1681146138482 0.0007 224000
1681146138792 0.0007 224500
1681146139105 0.0007 225000
1681146139429 0.0007 225500
1681146139773 0.0007 226000
1681146140032 0.0007 226500
1681146140497 0.0007 227000
1681146140831 0.0007 227500
1681146141081 0.0007 228000
1681146141436 0.0007 228500
1681146141804 0.0007 229000
1681146142211 0.0007 229500
1681146142723 0.0007 230000
1681146143107 0.0007 230500
1681146143530 0.0007 231000
1681146144211 0.0007 231500
1681146144586 0.0007 232000
1681146145309 0.0007 232500
1681146146261 0.0007 233000
1681146146757 0.0007 233500
1681146147105 0.0007 234000
1681146147436 0.0007 234500
1681146147801 0.0007 235000
1681146148140 0.0007 235500
1681146148660 0.0007 236000
1681146148928 0.0007 236500
1681146149235 0.0007 237000
1681146149519 0.0007 237500
1681146149732 0.0007 238000
1681146150005 0.0007 238500
1681146150226 0.0007 239000
1681146150441 0.0007 239500
1681146150660 0.0007 240000
1681146150892 0.0007 240500
1681146151090 0.0007 241000
1681146151309 0.0007 241500
1681146151504 0.0007 242000
1681146151703 0.0007 242500
1681146151907 0.0007 243000
1681146152133 0.0007 243500
1681146152376 0.0007 244000
1681146152574 0.0007 244500
1681146152858 0.0007 245000
1681146153112 0.0007 245500
1681146153333 0.0007 246000
1681146153616 0.0007 246500
1681146153986 0.0007 247000
1681146154309 0.0007 247500
1681146154509 0.0007 248000
1681146154752 0.0007 248500
1681146155039 0.0007 249000
1681146155390 0.0007 249500
1681146155638 0.0007 250000
1681146155874 0.0007 250500
1681146156166 0.0007 251000
1681146156534 0.0007 251500
1681146157040 0.0007 252000
1681146157298 0.0007 252500
1681146157534 0.0007 253000
1681146157811 0.0007 253500
1681146158152 0.0007 254000
1681146158513 0.0007 254500
1681146158916 0.0007 255000
1681146159220 0.0007 255500
1681146159455 0.0007 256000
1681146159659 0.0007 256500
1681146159891 0.0007 257000
1681146160365 0.0007 257500
1681146160704 0.0007 258000
1681146161048 0.0007 258500
1681146161404 0.0007 259000
1681146161722 0.0007 259500
1681146161994 0.0007 260000
1681146162246 0.0007 260500
1681146162522 0.0007 261000
1681146162878 0.0007 261500
1681146163247 0.0007 262000
1681146163457 0.0007 262500
1681146163954 0.0007 263000
1681146164209 0.0007 263500
1681146164432 0.0007 264000
1681146164745 0.0007 264500
1681146165217 0.0007 265000
1681146165568 0.0007 265500
1681146165921 0.0007 266000
1681146166161 0.0007 266500
1681146166533 0.0007 267000
1681146166738 0.0007 267500
1681146167005 0.0007 268000
1681146167418 0.0007 268500
1681146167944 0.0007 269000
1681146168491 0.0007 269500
1681146168885 0.0007 270000
1681146169230 0.0007 270500
1681146169484 0.0007 271000
1681146170074 0.0007 271500
1681146170463 0.0007 272000
1681146170994 0.0007 272500
1681146171342 0.0007 273000
1681146172047 0.0007 273500
1681146172332 0.0007 274000
1681146172834 0.0007 274500
1681146173177 0.0007 275000
1681146173584 0.0007 275500
1681146173930 0.0007 276000
1681146174237 0.0007 276500
1681146174509 0.0007 277000
1681146175233 0.0007 277500
1681146175835 0.0007 278000
1681146176371 0.0007 278500
1681146176786 0.0007 279000
1681146177057 0.0007 279500
1681146177301 0.0007 280000
1681146177668 0.0007 280500
1681146178116 0.0007 281000
1681146178911 0.0007 281500
1681146179235 0.0007 282000
1681146179685 0.0007 282500
1681146180062 0.0007 283000
1681146180648 0.0007 283500
1681146180897 0.0007 284000
1681146181243 0.0007 284500
1681146181690 0.0007 285000
1681146182206 0.0007 285500
1681146182628 0.0007 286000
1681146183154 0.0007 286500
1681146183607 0.0007 287000
1681146184175 0.0007 287500
1681146184622 0.0007 288000
1681146185234 0.0007 288500
1681146185869 0.0007 289000
1681146187037 0.0007 289500
1681146187389 0.0007 290000
1681146187852 0.0007 290500
1681146188436 0.0007 291000
1681146189431 0.0007 291500
1681146189810 0.0007 292000
1681146190275 0.0007 292500
1681146190773 0.0007 293000
1681146191426 0.0007 293500
1681146191902 0.0007 294000
1681146192678 0.0007 294500
1681146193021 0.0007 295000
1681146193505 0.0007 295500
1681146193985 0.0007 296000
1681146194586 0.0007 296500
1681146195168 0.0007 297000
1681146196077 0.0007 297500
1681146196554 0.0007 298000
1681146197255 0.0007 298500
1681146197698 0.0007 299000
1681146198311 0.0007 299500
1681146198779 0.0007 300000
