1681145966436 99.0 500
1681145966629 199.0 1000
1681145966810 299.0 1500
1681145967041 399.0 2000
1681145967251 499.0 2500
1681145967462 599.0 3000
1681145967696 699.0 3500
1681145967909 799.0 4000
1681145968110 899.0 4500
1681145968352 999.0 5000
1681145968564 1099.0 5500
1681145968809 1199.0 6000
1681145969089 1299.0 6500
1681145969373 1399.0 7000
1681145969716 1499.0 7500
1681145970475 1599.0 8000
1681145970780 1699.0 8500
1681145970992 1799.0 9000
1681145971627 1899.0 9500
1681145972074 1999.0 10000
1681145972316 2099.0 10500
1681145972544 2199.0 11000
1681145972794 2299.0 11500
1681145972991 2399.0 12000
1681145973218 2499.0 12500
1681145973445 2599.0 13000
1681145973690 2699.0 13500
1681145973928 2799.0 14000
1681145974160 2899.0 14500
1681145974397 2999.0 15000
1681145974663 3099.0 15500
1681145974877 3199.0 16000
1681145975092 3299.0 16500
1681145975317 3399.0 17000
1681145975540 3499.0 17500
1681145975768 3599.0 18000
1681145976011 3699.0 18500
1681145976259 3799.0 19000
1681145976545 3899.0 19500
1681145976745 3999.0 20000
1681145976986 4099.0 20500
1681145977293 4199.0 21000
1681145977553 4299.0 21500
1681145977781 4399.0 22000
1681145977997 4499.0 22500
1681145978193 4599.0 23000
1681145978427 4699.0 23500
1681145978743 4799.0 24000
1681145978983 4899.0 24500
1681145979214 4999.0 25000
1681145979441 5099.0 25500
1681145979742 5199.0 26000
1681145980021 5299.0 26500
1681145980218 5399.0 27000
1681145980481 5499.0 27500
1681145980695 5599.0 28000
1681145980976 5699.0 28500
1681145981205 5799.0 29000
1681145981470 5899.0 29500
1681145981701 5999.0 30000
1681145981935 6099.0 30500
1681145982193 6199.0 31000
1681145982395 6299.0 31500
1681145982618 6399.0 32000
1681145982843 6499.0 32500
1681145983157 6599.0 33000
1681145983406 6699.0 33500
1681145983682 6799.0 34000
1681145983963 6899.0 34500
1681145984256 6999.0 35000
1681145984493 7099.0 35500
1681145984731 7199.0 36000
1681145984988 7299.0 36500
1681145985384 7399.0 37000
1681145985635 7499.0 37500
1681145985999 7599.0 38000
1681145986260 7699.0 38500
1681145986517 7799.0 39000
1681145986773 7899.0 39500
1681145987046 7999.0 40000
1681145987251 8099.0 40500
1681145987493 8199.0 41000
1681145987740 8299.0 41500
1681145987958 8399.0 42000
1681145988222 8499.0 42500
1681145988463 8599.0 43000
1681145988709 8699.0 43500
1681145989021 8799.0 44000
1681145989313 8899.0 44500
1681145989575 8999.0 45000
1681145989837 9099.0 45500
1681145990053 9199.0 46000
1681145990320 9299.0 46500
1681145990587 9399.0 47000
1681145990954 9499.0 47500
1681145991176 9599.0 48000
1681145991422 9699.0 48500
1681145991651 9799.0 49000
1681145992119 9899.0 49500
1681145992417 9999.0 50000
1681145992687 10099.0 50500
1681145992951 10199.0 51000
1681145993221 10299.0 51500
1681145993444 10399.0 52000
1681145993692 10499.0 52500
1681145993959 10599.0 53000
1681145994170 10699.0 53500
1681145994383 10799.0 54000
1681145994658 10899.0 54500
1681145994903 10999.0 55000
1681145995176 11099.0 55500
1681145995405 11199.0 56000
1681145995865 11299.0 56500
1681145996103 11399.0 57000
1681145996385 11499.0 57500
1681145996598 11599.0 58000
1681145996840 11699.0 58500
1681145997074 11799.0 59000
1681145997475 11899.0 59500
1681145997726 11999.0 60000
1681145997955 12099.0 60500
1681145998153 12199.0 61000
1681145998408 12299.0 61500
1681145998661 12399.0 62000
1681145998958 12499.0 62500
1681145999303 12599.0 63000
1681145999531 12699.0 63500
1681145999767 12799.0 64000
1681146000038 12899.0 64500
1681146000279 12999.0 65000
1681146000642 13099.0 65500
1681146000929 13199.0 66000
1681146001150 13299.0 66500
1681146001358 13399.0 67000
1681146001679 13499.0 67500
1681146002032 13599.0 68000
1681146002226 13699.0 68500
1681146002535 13799.0 69000
1681146002784 13899.0 69500
1681146003059 13999.0 70000
1681146003331 14099.0 70500
1681146003774 14199.0 71000
1681146004056 14299.0 71500
1681146004314 14399.0 72000
1681146004695 14499.0 72500
1681146004931 14599.0 73000
1681146005135 14699.0 73500
1681146005399 14799.0 74000
1681146005994 14899.0 74500
1681146006392 14999.0 75000
1681146006755 15099.0 75500
1681146007100 15199.0 76000
1681146007403 15299.0 76500
1681146007652 15399.0 77000
1681146007933 15499.0 77500
1681146008191 15599.0 78000
1681146008445 15699.0 78500
1681146008687 15799.0 79000
1681146008909 15899.0 79500
1681146009127 15999.0 80000
1681146009406 16099.0 80500
1681146009641 16199.0 81000
1681146009888 16299.0 81500
1681146010175 16399.0 82000
1681146010445 16499.0 82500
1681146010644 16599.0 83000
1681146010930 16699.0 83500
1681146011183 16799.0 84000
1681146011430 16899.0 84500
1681146011741 16999.0 85000
1681146011968 17099.0 85500
1681146012316 17199.0 86000
1681146012541 17299.0 86500
1681146012843 17399.0 87000
1681146013132 17499.0 87500
1681146013406 17599.0 88000
1681146013624 17699.0 88500
1681146014127 17799.0 89000
1681146014591 17899.0 89500
1681146015075 17999.0 90000
1681146015318 18099.0 90500
1681146015633 18199.0 91000
1681146015848 18299.0 91500
1681146016132 18399.0 92000
1681146016677 18499.0 92500
1681146016896 18599.0 93000
1681146017125 18699.0 93500
1681146017656 18799.0 94000
1681146018019 18899.0 94500
1681146018295 18999.0 95000
1681146018660 19099.0 95500
1681146018993 19199.0 96000
1681146019293 19299.0 96500
1681146019513 19399.0 97000
1681146019804 19499.0 97500
1681146020007 19599.0 98000
1681146020223 19699.0 98500
1681146020455 19799.0 99000
1681146020684 19899.0 99500
1681146020933 19999.0 100000
1681146021246 20099.0 100500
1681146021557 20199.0 101000
1681146021833 20299.0 101500
1681146022198 20399.0 102000
1681146022410 20499.0 102500
1681146022703 20599.0 103000
1681146023040 20699.0 103500
1681146023426 20799.0 104000
1681146024147 20899.0 104500
1681146024616 20999.0 105000
1681146025442 21099.0 105500
1681146025671 21199.0 106000
1681146026030 21299.0 106500
1681146026589 21399.0 107000
1681146027717 21499.0 107500
1681146027956 21599.0 108000
1681146028241 21699.0 108500
1681146028875 21799.0 109000
1681146029171 21899.0 109500
1681146029694 21999.0 110000
1681146029957 22099.0 110500
1681146030293 22199.0 111000
1681146030649 22299.0 111500
1681146031046 22399.0 112000
1681146031922 22499.0 112500
1681146032471 22599.0 113000
1681146032664 22699.0 113500
1681146033089 22799.0 114000
1681146034304 22899.0 114500
1681146034513 22999.0 115000
1681146034990 23099.0 115500
1681146035478 23199.0 116000
1681146035796 23299.0 116500
1681146036098 23399.0 117000
1681146036740 23499.0 117500
1681146037029 23599.0 118000
1681146037316 23699.0 118500
1681146037906 23799.0 119000
1681146038590 23899.0 119500
1681146039105 23999.0 120000
1681146039666 24099.0 120500
1681146040229 24199.0 121000
1681146040804 24299.0 121500
1681146041188 24399.0 122000
1681146041797 24499.0 122500
1681146042618 24599.0 123000
1681146043245 24699.0 123500
1681146043965 24799.0 124000
1681146044235 24899.0 124500
1681146044501 24999.0 125000
1681146045181 25099.0 125500
1681146045624 25199.0 126000
1681146046050 25299.0 126500
1681146046444 25399.0 127000
1681146047575 25499.0 127500
1681146047948 25599.0 128000
1681146048350 25699.0 128500
1681146049083 25799.0 129000
1681146049751 25899.0 129500
1681146050099 25999.0 130000
1681146050726 26099.0 130500
1681146051225 26199.0 131000
1681146051481 26299.0 131500
1681146052102 26399.0 132000
1681146052785 26499.0 132500
1681146053008 26599.0 133000
1681146053304 26699.0 133500
1681146053843 26799.0 134000
1681146054579 26899.0 134500
1681146054807 26999.0 135000
1681146055392 27099.0 135500
1681146055864 27199.0 136000
1681146056633 27299.0 136500
1681146057107 27399.0 137000
1681146057367 27499.0 137500
1681146057569 27599.0 138000
1681146057787 27699.0 138500
1681146058013 27799.0 139000
1681146058463 27899.0 139500
1681146058650 27999.0 140000
1681146059052 28099.0 140500
1681146059760 28199.0 141000
1681146060234 28299.0 141500
1681146061196 28399.0 142000
1681146061577 28499.0 142500
1681146062241 28599.0 143000
1681146062682 28699.0 143500
1681146063420 28799.0 144000
1681146063820 28899.0 144500
1681146064491 28999.0 145000
1681146064700 29099.0 145500
1681146065001 29199.0 146000
1681146065243 29299.0 146500
1681146065516 29399.0 147000
1681146065932 29499.0 147500
1681146066374 29599.0 148000
1681146067394 29699.0 148500
1681146067631 29799.0 149000
1681146068173 29899.0 149500
1681146068648 29999.0 150000
1681146069316 30099.0 150500
1681146069893 30199.0 151000
1681146070140 30299.0 151500
1681146070626 30399.0 152000
1681146071588 30499.0 152500
1681146071910 30599.0 153000
1681146072876 30699.0 153500
1681146073256 30799.0 154000
1681146073649 30899.0 154500
1681146074323 30999.0 155000
1681146074589 31099.0 155500
1681146075273 31199.0 156000
1681146076062 31299.0 156500
1681146076549 31399.0 157000
1681146077066 31499.0 157500
1681146077416 31599.0 158000
1681146077688 31699.0 158500
1681146078244 31799.0 159000
1681146079041 31899.0 159500
1681146079663 31999.0 160000
1681146080555 32099.0 160500
1681146080859 32199.0 161000
1681146081398 32299.0 161500
1681146081980 32399.0 162000
1681146082315 32499.0 162500
1681146083238 32599.0 163000
1681146083888 32699.0 163500
1681146084370 32799.0 164000
1681146084694 32899.0 164500
1681146085350 32999.0 165000
1681146085844 33099.0 165500
1681146086266 33199.0 166000
1681146087331 33299.0 166500
1681146087734 33399.0 167000
1681146088693 33499.0 167500
1681146089056 33599.0 168000
1681146089502 33699.0 168500
1681146090438 33799.0 169000
1681146090854 33899.0 169500
1681146091581 33999.0 170000
1681146091996 34099.0 170500
1681146092814 34199.0 171000
1681146093312 34299.0 171500
1681146094358 34399.0 172000
1681146094612 34499.0 172500
1681146094967 34599.0 173000
1681146095849 34699.0 173500
1681146096190 34799.0 174000
1681146096561 34899.0 174500
1681146096898 34999.0 175000
1681146097149 35099.0 175500
1681146097866 35199.0 176000
1681146098398 35299.0 176500
1681146098859 35399.0 177000
1681146099921 35499.0 177500
1681146100328 35599.0 178000
1681146101046 35699.0 178500
1681146101324 35799.0 179000
1681146102003 35899.0 179500
1681146102687 35999.0 180000
1681146103192 36099.0 180500
1681146103673 36199.0 181000
1681146104152 36299.0 181500
1681146104612 36399.0 182000
1681146105455 36499.0 182500
1681146105905 36599.0 183000
1681146106737 36699.0 183500
1681146106992 36799.0 184000
1681146107540 36899.0 184500
1681146108109 36999.0 185000
1681146108761 37099.0 185500
1681146109338 37199.0 186000
1681146109667 37299.0 186500
1681146109931 37399.0 187000
1681146110301 37499.0 187500
1681146110864 37599.0 188000
1681146111282 37699.0 188500
1681146111775 37799.0 189000
1681146112579 37899.0 189500
1681146113348 37999.0 190000
1681146113693 38099.0 190500
1681146114305 38199.0 191000
1681146114716 38299.0 191500
1681146115321 38399.0 192000
1681146115800 38499.0 192500
1681146116166 38599.0 193000
1681146116697 38699.0 193500
1681146117215 38799.0 194000
1681146117689 38899.0 194500
1681146118085 38999.0 195000
1681146118691 39099.0 195500
1681146119062 39199.0 196000
1681146119355 39299.0 196500
1681146119641 39399.0 197000
1681146119941 39499.0 197500
1681146120275 39599.0 198000
1681146120574 39699.0 198500
1681146120822 39799.0 199000
1681146121092 39899.0 199500
1681146121452 39999.0 200000
1681146121782 40099.0 200500
1681146122086 40199.0 201000
1681146122366 40299.0 201500
1681146122689 40399.0 202000
1681146123026 40499.0 202500
1681146123308 40599.0 203000
1681146123654 40699.0 203500
1681146123949 40799.0 204000
1681146124279 40899.0 204500
1681146124700 40999.0 205000
1681146125084 41099.0 205500
1681146125624 41199.0 206000
1681146126132 41299.0 206500
1681146126477 41399.0 207000
1681146126849 41499.0 207500
1681146127365 41599.0 208000
1681146127743 41699.0 208500
1681146128020 41799.0 209000
1681146128339 41899.0 209500
1681146128668 41999.0 210000
1681146129119 42099.0 210500
1681146129645 42199.0 211000
1681146130050 42299.0 211500
1681146130362 42399.0 212000
1681146130768 42499.0 212500
1681146131027 42599.0 213000
1681146131362 42699.0 213500
1681146131726 42799.0 214000
1681146132052 42899.0 214500
1681146132379 42999.0 215000
1681146132619 43099.0 215500
1681146132955 43199.0 216000
1681146133242 43299.0 216500
1681146133675 43399.0 217000
1681146134189 43499.0 217500
1681146134472 43599.0 218000
1681146134778 43699.0 218500
1681146135154 43799.0 219000
1681146135432 43899.0 219500
1681146135870 43999.0 220000
1681146136314 44099.0 220500
1681146136697 44199.0 221000
1681146136966 44299.0 221500
1681146137201 44399.0 222000
1681146137480 44499.0 222500
1681146137836 44599.0 223000
1681146138129 44699.0 223500
1681146138482 44799.0 224000
1681146138792 44899.0 224500
1681146139105 44999.0 225000
1681146139430 45099.0 225500
1681146139773 45199.0 226000
1681146140032 45299.0 226500
1681146140497 45399.0 227000
1681146140832 45499.0 227500
1681146141082 45599.0 228000
1681146141436 45699.0 228500
1681146141804 45799.0 229000
1681146142211 45899.0 229500
1681146142723 45999.0 230000
1681146143108 46099.0 230500
1681146143531 46199.0 231000
1681146144211 46299.0 231500
1681146144587 46399.0 232000
1681146145310 46499.0 232500
1681146146261 46599.0 233000
1681146146758 46699.0 233500
1681146147105 46799.0 234000
1681146147436 46899.0 234500
1681146147801 46999.0 235000
1681146148141 47099.0 235500
1681146148660 47199.0 236000
1681146148929 47299.0 236500
1681146149235 47399.0 237000
1681146149520 47499.0 237500
1681146149732 47599.0 238000
1681146150006 47699.0 238500
1681146150226 47799.0 239000
1681146150441 47899.0 239500
1681146150660 47999.0 240000
1681146150892 48099.0 240500
1681146151090 48199.0 241000
1681146151310 48299.0 241500
1681146151505 48399.0 242000
1681146151703 48499.0 242500
1681146151908 48599.0 243000
1681146152134 48699.0 243500
1681146152377 48799.0 244000
1681146152575 48899.0 244500
1681146152858 48999.0 245000
1681146153112 49099.0 245500
1681146153334 49199.0 246000
1681146153617 49299.0 246500
1681146153987 49399.0 247000
1681146154309 49499.0 247500
1681146154509 49599.0 248000
1681146154753 49699.0 248500
1681146155040 49799.0 249000
1681146155391 49899.0 249500
1681146155638 49999.0 250000
1681146155874 50099.0 250500
1681146156166 50199.0 251000
1681146156535 50299.0 251500
1681146157041 50399.0 252000
1681146157299 50499.0 252500
1681146157535 50599.0 253000
1681146157812 50699.0 253500
1681146158153 50799.0 254000
1681146158514 50899.0 254500
1681146158916 50999.0 255000
1681146159221 51099.0 255500
1681146159455 51199.0 256000
1681146159660 51299.0 256500
1681146159892 51399.0 257000
1681146160366 51499.0 257500
1681146160704 51599.0 258000
1681146161049 51699.0 258500
1681146161404 51799.0 259000
1681146161723 51899.0 259500
1681146161995 51999.0 260000
1681146162246 52099.0 260500
1681146162522 52199.0 261000
1681146162878 52299.0 261500
1681146163247 52399.0 262000
1681146163458 52499.0 262500
1681146163955 52599.0 263000
1681146164209 52699.0 263500
1681146164433 52799.0 264000
1681146164746 52899.0 264500
1681146165218 52999.0 265000
1681146165568 53099.0 265500
1681146165922 53199.0 266000
1681146166162 53299.0 266500
1681146166533 53399.0 267000
1681146166738 53499.0 267500
1681146167006 53599.0 268000
1681146167418 53699.0 268500
1681146167944 53799.0 269000
1681146168492 53899.0 269500
1681146168885 53999.0 270000
1681146169230 54099.0 270500
1681146169484 54199.0 271000
1681146170075 54299.0 271500
1681146170463 54399.0 272000
1681146170994 54499.0 272500
1681146171342 54599.0 273000
1681146172048 54699.0 273500
1681146172332 54799.0 274000
1681146172834 54899.0 274500
1681146173178 54999.0 275000
1681146173584 55099.0 275500
1681146173930 55199.0 276000
1681146174237 55299.0 276500
1681146174509 55399.0 277000
1681146175233 55499.0 277500
1681146175835 55599.0 278000
1681146176372 55699.0 278500
1681146176786 55799.0 279000
1681146177058 55899.0 279500
1681146177301 55999.0 280000
1681146177668 56099.0 280500
1681146178116 56199.0 281000
1681146178911 56299.0 281500
1681146179236 56399.0 282000
1681146179685 56499.0 282500
1681146180062 56599.0 283000
1681146180649 56699.0 283500
1681146180898 56799.0 284000
1681146181243 56899.0 284500
1681146181691 56999.0 285000
1681146182206 57099.0 285500
1681146182629 57199.0 286000
1681146183155 57299.0 286500
1681146183607 57399.0 287000
1681146184175 57499.0 287500
1681146184622 57599.0 288000
1681146185234 57699.0 288500
1681146185870 57799.0 289000
1681146187038 57899.0 289500
1681146187389 57999.0 290000
1681146187853 58099.0 290500
1681146188437 58199.0 291000
1681146189431 58299.0 291500
1681146189810 58399.0 292000
1681146190275 58499.0 292500
1681146190774 58599.0 293000
1681146191426 58699.0 293500
1681146191903 58799.0 294000
1681146192678 58899.0 294500
1681146193022 58999.0 295000
1681146193506 59099.0 295500
1681146193986 59199.0 296000
1681146194587 59299.0 296500
1681146195168 59399.0 297000
1681146196078 59499.0 297500
1681146196554 59599.0 298000
1681146197255 59699.0 298500
1681146197698 59799.0 299000
1681146198311 59899.0 299500
1681146198779 59999.0 300000
