1681145966437 -0.3128582835197449 500
1681145966629 -76.74006652832031 1000
1681145966810 -1.380002737045288 1500
1681145967042 -16.723941802978516 2000
1681145967251 -18.32301902770996 2500
1681145967462 -3.212202548980713 3000
1681145967696 0.946629524230957 3500
1681145967909 -9.254068374633789 4000
1681145968110 -2.155261754989624 4500
1681145968352 -3.186781406402588 5000
1681145968565 -4.335148811340332 5500
1681145968809 -3.1350388526916504 6000
1681145969089 0.08433303982019424 6500
1681145969374 -0.5414960980415344 7000
1681145969717 -1.3499436378479004 7500
1681145970475 -0.00320218363776803 8000
1681145970781 -3.09260892868042 8500
1681145970993 -2.359853744506836 9000
1681145971628 -0.0019726851023733616 9500
1681145972074 2.1559860706329346 10000
1681145972316 2.1128058433532715 10500
1681145972544 -0.22578772902488708 11000
1681145972794 0.2603801488876343 11500
1681145972992 1.8472316265106201 12000
1681145973219 -1.9846866130828857 12500
1681145973445 2.890591621398926 13000
1681145973690 -0.24422705173492432 13500
1681145973928 -2.0246329307556152 14000
1681145974160 9.735841751098633 14500
1681145974397 -3.679377794265747 15000
1681145974663 -4.3983073234558105 15500
1681145974878 -10.970065116882324 16000
1681145975092 -3.459104061126709 16500
1681145975317 5.740497589111328 17000
1681145975541 2.0339455604553223 17500
1681145975768 -3.061758518218994 18000
1681145976011 -5.215929985046387 18500
1681145976259 4.0785908699035645 19000
1681145976545 1.9511041641235352 19500
1681145976745 -0.2575644254684448 20000
1681145976986 -4.1010847091674805 20500
1681145977294 -4.145575523376465 21000
1681145977553 -5.061286449432373 21500
1681145977781 -0.2591891288757324 22000
1681145977997 -6.226071357727051 22500
1681145978193 -4.950873374938965 23000
1681145978427 -3.4629435539245605 23500
1681145978743 -0.4137483537197113 24000
1681145978983 -0.8512558937072754 24500
1681145979214 -0.009493900462985039 25000
1681145979441 -0.0005987024051137269 25500
1681145979742 4.8719940185546875 26000
1681145980021 -0.7910102009773254 26500
1681145980219 3.3282642364501953 27000
1681145980482 4.759649276733398 27500
1681145980695 -0.33904707431793213 28000
1681145980976 -0.7429431676864624 28500
1681145981206 1.6706616878509521 29000
1681145981471 -1.8555790185928345 29500
1681145981702 0.009917198680341244 30000
1681145981936 0.3394413888454437 30500
1681145982193 -1.484113335609436 31000
1681145982395 3.5161869525909424 31500
1681145982618 -0.7658396363258362 32000
1681145982844 3.4302520751953125 32500
1681145983158 -0.26783350110054016 33000
1681145983406 -0.9316465258598328 33500
1681145983683 -4.896188259124756 34000
1681145983963 -0.64216548204422 34500
1681145984257 -7.554705619812012 35000
1681145984493 -2.7980754375457764 35500
1681145984731 -0.3632948100566864 36000
1681145984989 2.264535903930664 36500
1681145985384 -1.2892218828201294 37000
1681145985635 -0.026094233617186546 37500
1681145986000 0.3811246156692505 38000
1681145986260 -0.15041525661945343 38500
1681145986517 -0.7135737538337708 39000
1681145986774 5.999393463134766 39500
1681145987046 4.439453125 40000
1681145987251 -3.042069911956787 40500
1681145987494 12.369765281677246 41000
1681145987741 1.7288627624511719 41500
1681145987959 7.200854301452637 42000
1681145988222 2.658534526824951 42500
1681145988463 -0.009257394820451736 43000
1681145988709 1.5540475845336914 43500
1681145989022 6.192639350891113 44000
1681145989313 -3.249722957611084 44500
1681145989575 2.106231927871704 45000
1681145989837 -0.4689355790615082 45500
1681145990053 3.6099352836608887 46000
1681145990320 3.270519256591797 46500
1681145990587 1.85483717918396 47000
1681145990954 0.7385001182556152 47500
1681145991176 1.1230146884918213 48000
1681145991422 -0.5038180351257324 48500
1681145991652 1.8829752206802368 49000
1681145992120 1.85739266872406 49500
1681145992418 0.4151085317134857 50000
1681145992688 -0.14798864722251892 50500
1681145992951 2.3551249504089355 51000
1681145993221 0.6562622785568237 51500
1681145993444 -0.7286339998245239 52000
1681145993693 -3.885143280029297 52500
1681145993959 2.3614001274108887 53000
1681145994170 3.396113872528076 53500
1681145994384 10.767512321472168 54000
1681145994658 0.7076699733734131 54500
1681145994904 5.414319038391113 55000
1681145995177 5.776683807373047 55500
1681145995405 0.276643842458725 56000
1681145995865 -0.010597300715744495 56500
1681145996104 -10.616497993469238 57000
1681145996385 1.3066880702972412 57500
1681145996598 6.9523797035217285 58000
1681145996841 -1.5388457775115967 58500
1681145997075 -2.3903145790100098 59000
1681145997476 0.8676191568374634 59500
1681145997726 0.07590959221124649 60000
1681145997956 0.008021790534257889 60500
1681145998154 -1.5515086650848389 61000
1681145998408 10.855525016784668 61500
1681145998661 45.01885986328125 62000
1681145998958 -0.6507829427719116 62500
1681145999304 -0.0892883837223053 63000
1681145999531 2.4001545906066895 63500
1681145999767 5.89138650894165 64000
1681146000038 3.021369695663452 64500
1681146000279 1.20789635181427 65000
1681146000643 1.2921055555343628 65500
1681146000929 0.7186144590377808 66000
1681146001150 1.6156831979751587 66500
1681146001359 5.448912620544434 67000
1681146001679 -1.047044038772583 67500
1681146002033 0.2346826046705246 68000
1681146002227 0.0008127911714836955 68500
1681146002535 4.243527889251709 69000
1681146002785 0.792035698890686 69500
1681146003060 -0.051457274705171585 70000
1681146003332 -0.004686417989432812 70500
1681146003774 -0.0013552205637097359 71000
1681146004057 -0.005946342833340168 71500
1681146004315 -3.2214417457580566 72000
1681146004696 -0.473018079996109 72500
1681146004932 1.3750628232955933 73000
1681146005135 -0.5996913313865662 73500
1681146005400 2.1367459297180176 74000
1681146005994 -0.0035992555785924196 74500
1681146006392 3.9907848834991455 75000
1681146006755 -2.78804874420166 75500
1681146007101 5.143118858337402 76000
1681146007404 5.370115280151367 76500
1681146007652 0.18952424824237823 77000
1681146007933 -0.4156901240348816 77500
1681146008192 -1.0778725147247314 78000
1681146008446 -4.822112560272217 78500
1681146008687 1.3969464302062988 79000
1681146008909 -0.050405822694301605 79500
1681146009127 1.4279024600982666 80000
1681146009407 -1.6283384561538696 80500
1681146009642 0.7214487791061401 81000
1681146009889 0.2656916081905365 81500
1681146010175 0.25609979033470154 82000
1681146010445 0.0005307513638399541 82500
1681146010644 0.3747248649597168 83000
1681146010931 0.48287105560302734 83500
1681146011183 2.2656240463256836 84000
1681146011430 -0.043136462569236755 84500
1681146011741 -1.0280529260635376 85000
1681146011968 1.53879976272583 85500
1681146012317 -0.41845911741256714 86000
1681146012542 -6.587371826171875 86500
1681146012843 -0.1699136197566986 87000
1681146013133 0.328000009059906 87500
1681146013407 -4.052928943565348e-06 88000
1681146013624 -2.0046448707580566 88500
1681146014127 0.7907103300094604 89000
1681146014592 3.2659974098205566 89500
1681146015075 -0.0 90000
1681146015318 0.5118727087974548 90500
1681146015633 0.06166471168398857 91000
1681146015849 1.8775440454483032 91500
1681146016133 -1.2889738082885742 92000
1681146016677 0.00706059206277132 92500
1681146016896 -0.1461615264415741 93000
1681146017126 1.9318974018096924 93500
1681146017656 -1.7768614292144775 94000
1681146018020 0.018557563424110413 94500
1681146018296 -1.2641183137893677 95000
1681146018660 2.7286386489868164 95500
1681146018993 0.0005773858283646405 96000
1681146019293 -7.495567842852324e-05 96500
1681146019514 0.35062870383262634 97000
1681146019805 0.0006327828741632402 97500
1681146020007 0.6724412441253662 98000
1681146020223 0.5864261984825134 98500
1681146020455 -0.13459384441375732 99000
1681146020685 -0.6290251612663269 99500
1681146020933 -0.04074767604470253 100000
1681146021247 -0.007049879990518093 100500
1681146021557 -0.09717048704624176 101000
1681146021834 0.04708275943994522 101500
1681146022198 1.3419193029403687 102000
1681146022411 8.510418183504953e-07 102500
1681146022704 -2.3788797855377197 103000
1681146023040 4.3932745029451326e-05 103500
1681146023427 -1.3845694065093994 104000
1681146024147 -1.1250522136688232 104500
1681146024616 0.5284830331802368 105000
1681146025442 4.324166297912598 105500
1681146025672 -0.11686030775308609 106000
1681146026030 -0.3401208519935608 106500
1681146026589 0.00994466058909893 107000
1681146027717 -0.694068431854248 107500
1681146027956 0.3887360692024231 108000
1681146028241 0.6163233518600464 108500
1681146028875 -0.10127635300159454 109000
1681146029172 0.29466450214385986 109500
1681146029695 -0.7133084535598755 110000
1681146029957 -0.15545280277729034 110500
1681146030294 -1.3321292400360107 111000
1681146030649 -6.220578670501709 111500
1681146031047 -1.4036542177200317 112000
1681146031923 0.0739949569106102 112500
1681146032472 2.620140552520752 113000
1681146032665 -0.11066456139087677 113500
1681146033090 0.06912177056074142 114000
1681146034304 0.0001129774609580636 114500
1681146034513 0.9732319712638855 115000
1681146034990 -0.16977812349796295 115500
1681146035478 -0.01551345270127058 116000
1681146035796 1.6092811822891235 116500
1681146036098 0.7123661041259766 117000
1681146036741 0.2221638262271881 117500
1681146037029 -0.008113399147987366 118000
1681146037317 -1.066960096359253 118500
1681146037906 0.6577572822570801 119000
1681146038591 -2.585967540740967 119500
1681146039105 -0.2826024889945984 120000
1681146039667 -0.059941668063402176 120500
1681146040230 0.5680398941040039 121000
1681146040805 0.4104078412055969 121500
1681146041189 -0.01993095874786377 122000
1681146041798 0.2985631227493286 122500
1681146042618 0.694251537322998 123000
1681146043246 -1.0685439109802246 123500
1681146043966 0.38736408948898315 124000
1681146044235 -0.002812643302604556 124500
1681146044501 0.24941034615039825 125000
1681146045181 -0.22070538997650146 125500
1681146045625 0.2611449956893921 126000
1681146046051 -0.004297884646803141 126500
1681146046444 0.060747671872377396 127000
1681146047576 0.29779282212257385 127500
1681146047948 -0.2749791145324707 128000
1681146048350 0.7432252168655396 128500
1681146049084 0.7425094842910767 129000
1681146049751 -0.2230832278728485 129500
1681146050099 0.8295544385910034 130000
1681146050727 -0.019695449620485306 130500
1681146051225 0.01818169094622135 131000
1681146051482 0.41213712096214294 131500
1681146052102 -0.45312780141830444 132000
1681146052785 -15.510702133178711 132500
1681146053008 -0.17901255190372467 133000
1681146053304 -1.7790683507919312 133500
1681146053843 -0.19087116420269012 134000
1681146054579 1.1050068140029907 134500
1681146054808 -0.7836363911628723 135000
1681146055393 0.15231803059577942 135500
1681146055864 0.1839432716369629 136000
1681146056633 -0.5998086929321289 136500
1681146057108 -0.24674269556999207 137000
1681146057367 -0.524829626083374 137500
1681146057569 -0.6449407935142517 138000
1681146057788 -1.2172622680664062 138500
1681146058014 1.197521686553955 139000
1681146058463 -0.092186339199543 139500
1681146058651 0.12339842319488525 140000
1681146059053 -3.3238131999969482 140500
1681146059760 0.20568084716796875 141000
1681146060234 -0.7349476218223572 141500
1681146061197 -0.1310662031173706 142000
1681146061578 -1.1054036617279053 142500
1681146062241 -0.8402930498123169 143000
1681146062682 -0.25060805678367615 143500
1681146063420 0.08516474068164825 144000
1681146063821 -0.6855839490890503 144500
1681146064492 -0.1956726610660553 145000
1681146064701 -0.23942029476165771 145500
1681146065001 0.8172569274902344 146000
1681146065243 -0.014526955783367157 146500
1681146065517 1.181868314743042 147000
1681146065932 -0.34938162565231323 147500
1681146066374 -1.3970286846160889 148000
1681146067395 -0.005388410296291113 148500
1681146067631 -0.021709665656089783 149000
1681146068174 1.3522584438323975 149500
1681146068648 -0.3448776304721832 150000
1681146069316 -0.07881428301334381 150500
1681146069893 -0.0047613936476409435 151000
1681146070140 -0.13226327300071716 151500
1681146070626 -0.14333847165107727 152000
1681146071588 0.27303028106689453 152500
1681146071911 -1.381720781326294 153000
1681146072877 -0.15052981674671173 153500
1681146073256 0.05909048393368721 154000
1681146073649 -0.599229097366333 154500
1681146074324 0.1216706782579422 155000
1681146074589 -0.43423986434936523 155500
1681146075274 0.4830480217933655 156000
1681146076063 0.13917852938175201 156500
1681146076550 0.27211910486221313 157000
1681146077066 0.002653068397194147 157500
1681146077416 -0.01310575008392334 158000
1681146077689 0.14753131568431854 158500
1681146078245 -0.6528419852256775 159000
1681146079042 -0.0954650342464447 159500
1681146079663 -1.4665405750274658 160000
1681146080555 0.033975549042224884 160500
1681146080860 0.04817599803209305 161000
1681146081398 -0.5550467371940613 161500
1681146081981 2.2779009342193604 162000
1681146082315 0.11131568253040314 162500
1681146083239 0.18158189952373505 163000
1681146083888 -0.49475470185279846 163500
1681146084370 -0.10032306611537933 164000
1681146084694 1.6316646337509155 164500
1681146085350 -0.5407966375350952 165000
1681146085845 -1.0175474017160013e-05 165500
1681146086267 -0.4807405471801758 166000
1681146087331 -0.10317011177539825 166500
1681146087735 -0.1382901668548584 167000
1681146088694 -0.0009540874743834138 167500
1681146089056 0.20754964649677277 168000
1681146089502 -0.023672569543123245 168500
1681146090438 0.272864431142807 169000
1681146090855 -0.23485974967479706 169500
1681146091582 0.08301867544651031 170000
1681146091997 -0.24975362420082092 170500
1681146092815 -0.010930978693068027 171000
1681146093313 -0.13337787985801697 171500
1681146094359 -1.176417350769043 172000
1681146094612 -6.684958457946777 172500
1681146094968 0.22487075626850128 173000
1681146095849 0.1751972734928131 173500
1681146096190 -9.624404907226562 174000
1681146096561 -2.2988851070404053 174500
1681146096899 -0.20703423023223877 175000
1681146097150 -0.363869845867157 175500
1681146097866 0.3661666512489319 176000
1681146098398 -0.022692929953336716 176500
1681146098859 -1.6944068670272827 177000
1681146099921 -0.029102390632033348 177500
1681146100328 0.030425837263464928 178000
1681146101047 -0.6449156999588013 178500
1681146101324 -0.4578801989555359 179000
1681146102004 -0.02811415120959282 179500
1681146102688 0.23373191058635712 180000
1681146103193 -0.1390751600265503 180500
1681146103673 0.06402741372585297 181000
1681146104153 0.07861985266208649 181500
1681146104613 0.04148023948073387 182000
1681146105455 -0.2971826195716858 182500
1681146105906 -0.014505808241665363 183000
1681146106737 -0.08105210214853287 183500
1681146106992 -1.155105710029602 184000
1681146107541 -0.015038767829537392 184500
1681146108110 0.11911580711603165 185000
1681146108761 -0.1676853746175766 185500
1681146109339 0.02985350415110588 186000
1681146109668 -0.005762084852904081 186500
1681146109931 -0.02820243313908577 187000
1681146110302 0.024506796151399612 187500
1681146110865 -0.06316087394952774 188000
1681146111283 0.027131233364343643 188500
1681146111775 -0.4709165692329407 189000
1681146112580 -2.3645358085632324 189500
1681146113348 -0.07405287772417068 190000
1681146113694 0.005658659618347883 190500
1681146114306 0.18254487216472626 191000
1681146114716 -0.08838174492120743 191500
1681146115321 0.1535947620868683 192000
1681146115800 -0.005730105563998222 192500
1681146116166 -0.0018664218951016665 193000
1681146116697 -0.12320097535848618 193500
1681146117215 0.06626585870981216 194000
1681146117689 0.238174170255661 194500
1681146118085 0.18128590285778046 195000
1681146118692 0.10459911823272705 195500
1681146119062 0.10310538858175278 196000
1681146119355 0.11684487015008926 196500
1681146119642 -0.25875478982925415 197000
1681146119941 0.5030085444450378 197500
1681146120275 -0.06302483379840851 198000
1681146120574 -1.0952507257461548 198500
1681146120823 -0.08276671171188354 199000
1681146121092 0.3595461845397949 199500
1681146121452 0.1660628616809845 200000
1681146121783 0.06139197200536728 200500
1681146122086 -0.23728564381599426 201000
1681146122366 -0.1298893243074417 201500
1681146122689 0.08229275047779083 202000
1681146123027 -0.00015342209371738136 202500
1681146123308 -0.4801875948905945 203000
1681146123654 -1.2585184574127197 203500
1681146123949 -0.028493862599134445 204000
1681146124279 -0.14628437161445618 204500
1681146124700 0.008107947185635567 205000
1681146125084 -0.01936156116425991 205500
1681146125624 0.033377505838871 206000
1681146126133 -0.002126147272065282 206500
1681146126478 -0.325725257396698 207000
1681146126850 0.10292546451091766 207500
1681146127365 0.1900828778743744 208000
1681146127743 0.06037556380033493 208500
1681146128021 0.04332935810089111 209000
1681146128340 -0.1820283830165863 209500
1681146128668 -0.08479505777359009 210000
1681146129120 -0.004563493654131889 210500
1681146129646 0.020116526633501053 211000
1681146130050 -0.0005743405199609697 211500
1681146130363 0.2614904046058655 212000
1681146130769 -0.46960458159446716 212500
1681146131028 0.0462864451110363 213000
1681146131362 0.2255644053220749 213500
1681146131726 0.15074342489242554 214000
1681146132052 0.0006852187216281891 214500
1681146132379 -0.020257068797945976 215000
1681146132620 0.047245047986507416 215500
1681146132956 -0.05273447185754776 216000
1681146133243 -0.003457964165136218 216500
1681146133675 -0.0630144402384758 217000
1681146134189 0.27876904606819153 217500
1681146134472 -0.9939867854118347 218000
1681146134779 0.002980601042509079 218500
1681146135154 0.03847665712237358 219000
1681146135433 0.20989656448364258 219500
1681146135870 0.067535899579525 220000
1681146136314 -0.43755874037742615 220500
1681146136698 -0.22038641571998596 221000
1681146136967 -0.08367603272199631 221500
1681146137201 0.06269297748804092 222000
1681146137480 -0.00019848402007482946 222500
1681146137836 -2.1282106899889186e-05 223000
1681146138130 0.22372055053710938 223500
1681146138482 -0.08039483428001404 224000
1681146138793 -0.2322520911693573 224500
1681146139105 0.11818896234035492 225000
1681146139430 -0.14918628334999084 225500
1681146139774 -0.00020213471725583076 226000
1681146140033 0.10998541116714478 226500
1681146140498 0.008618375286459923 227000
1681146140832 -0.0 227500
1681146141082 -0.07262805849313736 228000
1681146141436 -0.6565356254577637 228500
1681146141804 -0.09908166527748108 229000
1681146142212 -1.2626572847366333 229500
1681146142724 0.14254525303840637 230000
1681146143108 -0.5778707265853882 230500
1681146143531 -0.023859238252043724 231000
1681146144212 0.5168160200119019 231500
1681146144587 0.08945735543966293 232000
1681146145310 -0.8551044464111328 232500
1681146146261 -0.06547246128320694 233000
1681146146758 2.0687661170959473 233500
1681146147105 -0.021350625902414322 234000
1681146147437 0.016477350145578384 234500
1681146147801 2.4137461185455322 235000
1681146148141 0.06142999604344368 235500
1681146148661 0.4594232439994812 236000
1681146148929 0.09357607364654541 236500
1681146149236 -0.051307640969753265 237000
1681146149520 -0.032842762768268585 237500
1681146149733 -0.0317077711224556 238000
1681146150006 -0.005937740672379732 238500
1681146150226 0.05859541893005371 239000
1681146150442 -0.5265178680419922 239500
1681146150661 0.8771356344223022 240000
1681146150892 12.953901290893555 240500
1681146151090 -0.02059260569512844 241000
1681146151310 0.7901672124862671 241500
1681146151505 0.5741638541221619 242000
1681146151703 0.13957640528678894 242500
1681146151908 -0.573295533657074 243000
1681146152134 1.1003003120422363 243500
1681146152377 0.6777287125587463 244000
1681146152575 0.09638999402523041 244500
1681146152859 -0.0 245000
1681146153113 -0.05415027216076851 245500
1681146153334 0.12030132114887238 246000
1681146153617 -4.0874664364309865e-07 246500
1681146153988 -0.0007083456730470061 247000
1681146154310 -0.19138118624687195 247500
1681146154510 -0.5960207581520081 248000
1681146154753 -0.08048746734857559 248500
1681146155040 -1.142248272895813 249000
1681146155391 0.3956014811992645 249500
1681146155639 -0.5437877774238586 250000
1681146155875 -1.2255618572235107 250500
1681146156166 -0.0 251000
1681146156535 -5.361432542372313e-08 251500
1681146157041 -0.6383839845657349 252000
1681146157299 -0.6145156621932983 252500
1681146157535 0.047924913465976715 253000
1681146157812 -1.79633367061615 253500
1681146158153 1.4365286827087402 254000
1681146158514 1.92190682888031 254500
1681146158916 -0.033669017255306244 255000
1681146159221 -0.47153955698013306 255500
1681146159455 0.3597007393836975 256000
1681146159660 -0.34772759675979614 256500
1681146159892 -0.035405222326517105 257000
1681146160366 -1.2501376867294312 257500
1681146160705 0.9683582186698914 258000
1681146161049 -0.025909578427672386 258500
1681146161405 -0.6524262428283691 259000
1681146161723 0.5079721808433533 259500
1681146161995 0.5736371874809265 260000
1681146162247 0.1485499143600464 260500
1681146162523 -0.12383419275283813 261000
1681146162879 0.05065323784947395 261500
1681146163248 -2.179459810256958 262000
1681146163458 0.08120355755090714 262500
1681146163955 -1.3941491842269897 263000
1681146164210 0.2653895616531372 263500
1681146164433 -0.5718742609024048 264000
1681146164746 -0.17179034650325775 264500
1681146165218 0.9413747787475586 265000
1681146165569 3.0878794193267822 265500
1681146165922 -2.7691123485565186 266000
1681146166162 0.3615723252296448 266500
1681146166534 -0.10992789268493652 267000
1681146166738 0.2800126075744629 267500
1681146167006 0.10058385133743286 268000
1681146167418 -2.0820889472961426 268500
1681146167944 0.11649318039417267 269000
1681146168492 -0.24524660408496857 269500
1681146168886 -0.6051444411277771 270000
1681146169230 -0.5675703287124634 270500
1681146169484 -0.2546529471874237 271000
1681146170075 -0.0 271500
1681146170464 0.04249843955039978 272000
1681146170995 2.6581361293792725 272500
1681146171343 -0.0011737784370779991 273000
1681146172048 -0.4546394348144531 273500
1681146172333 -0.03655261918902397 274000
1681146172835 0.08068148791790009 274500
1681146173178 0.9547778964042664 275000
1681146173585 -0.34268954396247864 275500
1681146173931 -0.22497160732746124 276000
1681146174238 0.2347005307674408 276500
1681146174509 -0.26496490836143494 277000
1681146175234 0.06615565717220306 277500
1681146175836 -0.2244979590177536 278000
1681146176372 -0.02455916441977024 278500
1681146176787 -0.6139443516731262 279000
1681146177058 -0.09930259734392166 279500
1681146177302 -0.09261869639158249 280000
1681146177669 -1.2656915187835693 280500
1681146178117 0.37160417437553406 281000
1681146178912 0.11051706224679947 281500
1681146179236 -0.35521262884140015 282000
1681146179686 0.6392739415168762 282500
1681146180062 -1.182369589805603 283000
1681146180649 -0.31731516122817993 283500
1681146180898 2.0817737579345703 284000
1681146181244 -0.10575492680072784 284500
1681146181691 0.34912344813346863 285000
1681146182207 0.06818923354148865 285500
1681146182629 -1.7521511316299438 286000
1681146183155 0.05283169820904732 286500
1681146183608 -0.08472196757793427 287000
1681146184176 0.6232516765594482 287500
1681146184623 0.12330617010593414 288000
1681146185235 -0.470090389251709 288500
1681146185870 0.24543766677379608 289000
1681146187038 -0.1378764808177948 289500
1681146187390 0.8037821054458618 290000
1681146187853 -0.7196837067604065 290500
1681146188437 -0.11561824381351471 291000
1681146189431 -0.03208070248365402 291500
1681146189811 -0.425898939371109 292000
1681146190276 -0.7288256287574768 292500
1681146190774 0.24010543525218964 293000
1681146191427 -0.06263565272092819 293500
1681146191903 -0.08427239209413528 294000
1681146192678 -0.9842151403427124 294500
1681146193022 -0.07346782088279724 295000
1681146193506 0.0997806042432785 295500
1681146193986 -0.05059761554002762 296000
1681146194587 -0.09459494054317474 296500
1681146195169 0.6183850765228271 297000
1681146196078 0.07044024765491486 297500
1681146196555 0.2882286608219147 298000
1681146197255 0.20143172144889832 298500
1681146197698 0.014426454901695251 299000
1681146198312 -0.7096635103225708 299500
1681146198779 -1.968664526939392 300000
