1681145966437 3.679140090942383 500
1681145966630 5057.6416015625 1000
1681145966810 1.3630377054214478 1500
1681145967042 80.70526123046875 2000
1681145967252 337.74212646484375 2500
1681145967462 14.65332317352295 3000
1681145967696 3.2722842693328857 3500
1681145967909 96.17875671386719 4000
1681145968111 13.519241333007812 4500
1681145968353 41.572853088378906 5000
1681145968565 36.664085388183594 5500
1681145968809 10.589475631713867 6000
1681145969090 0.19169147312641144 6500
1681145969374 13.072044372558594 7000
1681145969717 1.6945213079452515 7500
1681145970476 0.0736149251461029 8000
1681145970781 29.55341148376465 8500
1681145970993 21.513235092163086 9000
1681145971628 0.00024810462491586804 9500
1681145972075 19.216373443603516 10000
1681145972317 16.70880699157715 10500
1681145972544 3.9974288940429688 11000
1681145972795 18.416400909423828 11500
1681145972992 14.113741874694824 12000
1681145973219 9.89024829864502 12500
1681145973446 29.896717071533203 13000
1681145973691 0.8575640916824341 13500
1681145973929 13.347613334655762 14000
1681145974161 118.50628662109375 14500
1681145974398 45.67832565307617 15000
1681145974664 73.157470703125 15500
1681145974878 162.32345581054688 16000
1681145975093 43.48275375366211 16500
1681145975318 53.84418487548828 17000
1681145975541 9.537981033325195 17500
1681145975769 25.11343765258789 18000
1681145976012 20.613109588623047 18500
1681145976260 74.34190368652344 19000
1681145976545 30.625194549560547 19500
1681145976746 40.201377868652344 20000
1681145976987 16.769386291503906 20500
1681145977294 97.2778549194336 21000
1681145977554 16.147075653076172 21500
1681145977782 2.3776469230651855 22000
1681145977997 116.80853271484375 22500
1681145978193 92.71026611328125 23000
1681145978428 35.68621826171875 23500
1681145978744 3.5712966918945312 24000
1681145978984 3.3109230995178223 24500
1681145979215 171.18212890625 25000
1681145979442 10.717912673950195 25500
1681145979743 38.55882263183594 26000
1681145980022 4.058623790740967 26500
1681145980219 47.60590362548828 27000
1681145980482 76.14468383789062 27500
1681145980696 19.43656349182129 28000
1681145980977 10.880269050598145 28500
1681145981206 8.867197036743164 29000
1681145981471 12.387575149536133 29500
1681145981702 0.40706223249435425 30000
1681145981936 0.4215899407863617 30500
1681145982194 15.318181991577148 31000
1681145982395 19.66781234741211 31500
1681145982619 34.777565002441406 32000
1681145982844 11.466224670410156 32500
1681145983158 174.72760009765625 33000
1681145983407 1.6668479442596436 33500
1681145983683 29.157724380493164 34000
1681145983964 127.84907531738281 34500
1681145984257 124.99737548828125 35000
1681145984494 184.420166015625 35500
1681145984732 1.2139713764190674 36000
1681145984989 11.835051536560059 36500
1681145985384 5.373356342315674 37000
1681145985635 7.232778072357178 37500
1681145986000 0.2585632801055908 38000
1681145986260 1.2230345010757446 38500
1681145986517 2.831073760986328 39000
1681145986774 298.8621520996094 39500
1681145987047 66.8668212890625 40000
1681145987251 4.674940586090088 40500
1681145987494 1861.182861328125 41000
1681145987741 12.804092407226562 41500
1681145987959 119.42323303222656 42000
1681145988223 20.674726486206055 42500
1681145988464 299.4180603027344 43000
1681145988710 5.351284503936768 43500
1681145989022 298.68780517578125 44000
1681145989313 115.7976303100586 44500
1681145989576 6.32566499710083 45000
1681145989838 1.9873079061508179 45500
1681145990054 55.67924118041992 46000
1681145990321 68.65715026855469 46500
1681145990588 2.797630786895752 47000
1681145990954 2.716357469558716 47500
1681145991177 9.13598918914795 48000
1681145991423 11.672475814819336 48500
1681145991652 15.639981269836426 49000
1681145992120 18.52458953857422 49500
1681145992418 22.442630767822266 50000
1681145992688 4.733593463897705 50500
1681145992952 50.93767547607422 51000
1681145993222 82.58968353271484 51500
1681145993445 136.85940551757812 52000
1681145993693 35.9148063659668 52500
1681145993960 43.40961456298828 53000
1681145994171 22.759784698486328 53500
1681145994384 1976.8050537109375 54000
1681145994658 3.5442988872528076 54500
1681145994904 110.00333404541016 55000
1681145995177 9605.97265625 55500
1681145995406 1.1561542749404907 56000
1681145995865 1.9180753231048584 56500
1681145996104 141.11126708984375 57000
1681145996385 5.225006580352783 57500
1681145996599 205.77877807617188 58000
1681145996841 4.178323268890381 58500
1681145997075 24.405426025390625 59000
1681145997476 5.201335430145264 59500
1681145997726 5.520068168640137 60000
1681145997956 0.5842421650886536 60500
1681145998154 3.0109496116638184 61000
1681145998408 110.987548828125 61500
1681145998662 644.0123291015625 62000
1681145998959 2.4000377655029297 62500
1681145999304 962.9915161132812 63000
1681145999531 47.62296676635742 63500
1681145999768 77.66582489013672 64000
1681146000038 43.68659210205078 64500
1681146000280 5.601679801940918 65000
1681146000643 16.292789459228516 65500
1681146000930 2.812629222869873 66000
1681146001151 21.189369201660156 66500
1681146001359 39.689231872558594 67000
1681146001680 7.0986647605896 67500
1681146002033 36.17852020263672 68000
1681146002227 0.9561767578125 68500
1681146002536 38.96515655517578 69000
1681146002785 4.355007171630859 69500
1681146003060 9.987405776977539 70000
1681146003332 0.49214139580726624 70500
1681146003775 0.0114692198112607 71000
1681146004057 0.7152050733566284 71500
1681146004315 13.146684646606445 72000
1681146004696 0.9700857400894165 72500
1681146004932 6.913332462310791 73000
1681146005135 3.789475202560425 73500
1681146005400 17.0263671875 74000
1681146005995 0.056755442172288895 74500
1681146006393 200.21621704101562 75000
1681146006756 59.09495162963867 75500
1681146007101 37.96590042114258 76000
1681146007404 183.5358123779297 76500
1681146007653 0.6762368083000183 77000
1681146007933 21.94658851623535 77500
1681146008192 4.17543888092041 78000
1681146008446 24.44953727722168 78500
1681146008687 22.676061630249023 79000
1681146008909 20.2685546875 79500
1681146009128 6.684165000915527 80000
1681146009407 4643.404296875 80500
1681146009642 2.2272562980651855 81000
1681146009889 0.5175678730010986 81500
1681146010176 1.1870896816253662 82000
1681146010446 0.16156956553459167 82500
1681146010645 3.8760228157043457 83000
1681146010931 1.8853833675384521 83500
1681146011184 13.441386222839355 84000
1681146011430 0.9115807414054871 84500
1681146011742 10.239847183227539 85000
1681146011969 11.798681259155273 85500
1681146012317 3.1327736377716064 86000
1681146012542 126.684326171875 86500
1681146012844 0.954149067401886 87000
1681146013133 0.7046751976013184 87500
1681146013407 8.828369027469307e-05 88000
1681146013624 6.858774662017822 88500
1681146014128 7.028182029724121 89000
1681146014592 13.653782844543457 89500
1681146015075 11.355623245239258 90000
1681146015319 1.1387721300125122 90500
1681146015634 63.2917594909668 91000
1681146015849 50.69298553466797 91500
1681146016133 292.0101623535156 92000
1681146016677 1738.3880615234375 92500
1681146016897 2.8211722373962402 93000
1681146017126 17.08811378479004 93500
1681146017657 17.833110809326172 94000
1681146018020 0.08276554197072983 94500
1681146018296 14.208925247192383 95000
1681146018661 62.571746826171875 95500
1681146018994 0.3052935302257538 96000
1681146019294 2561.93994140625 96500
1681146019514 6.207650661468506 97000
1681146019805 5.113951206207275 97500
1681146020007 6.474087715148926 98000
1681146020224 17.755443572998047 98500
1681146020456 0.542917013168335 99000
1681146020685 19.975505828857422 99500
1681146020934 9.914998054504395 100000
1681146021247 0.78363436460495 100500
1681146021557 2.587571620941162 101000
1681146021834 1.6773898601531982 101500
1681146022199 24.270572662353516 102000
1681146022411 1.9527695178985596 102500
1681146022704 10.002859115600586 103000
1681146023041 4.244635581970215 103500
1681146023427 4.440622806549072 104000
1681146024147 5.575264930725098 104500
1681146024617 4.0219855308532715 105000
1681146025443 106.42253112792969 105500
1681146025672 0.1855529248714447 106000
1681146026031 2.5697150230407715 106500
1681146026590 0.47803229093551636 107000
1681146027718 5.217710018157959 107500
1681146027956 1.2986385822296143 108000
1681146028242 2.480733633041382 108500
1681146028876 7.128762245178223 109000
1681146029172 0.6175177693367004 109500
1681146029695 15.222941398620605 110000
1681146029958 0.4577350616455078 110500
1681146030294 10.514242172241211 111000
1681146030650 69.96188354492188 111500
1681146031047 3.1665050983428955 112000
1681146031923 0.17630067467689514 112500
1681146032472 84.62319946289062 113000
1681146032665 3855.815185546875 113500
1681146033090 2.4721271991729736 114000
1681146034304 9.914551734924316 114500
1681146034514 16.272287368774414 115000
1681146034991 0.8940793871879578 115500
1681146035479 17.573837280273438 116000
1681146035797 52.11301803588867 116500
1681146036099 9.5758695602417 117000
1681146036741 6.578282833099365 117500
1681146037029 0.31587862968444824 118000
1681146037317 1.6371240615844727 118500
1681146037907 1.9309501647949219 119000
1681146038591 6.366342067718506 119500
1681146039106 0.8244372606277466 120000
1681146039667 1.1142829656600952 120500
1681146040230 2.3578662872314453 121000
1681146040805 1.586004614830017 121500
1681146041189 1.3238089084625244 122000
1681146041798 1.7452291250228882 122500
1681146042619 11.466612815856934 123000
1681146043246 3.819997787475586 123500
1681146043966 2.224271297454834 124000
1681146044236 1.5148271322250366 124500
1681146044501 1.7950685024261475 125000
1681146045182 4.245992660522461 125500
1681146045625 3.1255667209625244 126000
1681146046051 0.02547592483460903 126500
1681146046445 0.7126170992851257 127000
1681146047576 1.1808935403823853 127500
1681146047949 3.76869535446167 128000
1681146048351 2.3213748931884766 128500
1681146049084 0.41967707872390747 129000
1681146049751 20.09800910949707 129500
1681146050100 1.0180399417877197 130000
1681146050727 0.20137853920459747 130500
1681146051226 0.48702019453048706 131000
1681146051482 3.101635694503784 131500
1681146052102 0.815024733543396 132000
1681146052786 645.0843505859375 132500
1681146053009 0.5195242166519165 133000
1681146053305 2.1591010093688965 133500
1681146053844 0.4244465231895447 134000
1681146054580 268.0433349609375 134500
1681146054808 2.6962475776672363 135000
1681146055393 3.9432454109191895 135500
1681146055865 0.6486313343048096 136000
1681146056633 84.70610046386719 136500
1681146057108 1.2422845363616943 137000
1681146057367 3.0272135734558105 137500
1681146057570 4.271926403045654 138000
1681146057788 32.916404724121094 138500
1681146058014 17.491710662841797 139000
1681146058464 27.768341064453125 139500
1681146058651 0.17151974141597748 140000
1681146059053 18.24803352355957 140500
1681146059760 0.6487284898757935 141000
1681146060235 1.1470232009887695 141500
1681146061197 0.5532711744308472 142000
1681146061578 3.631171464920044 142500
1681146062241 3.911350727081299 143000
1681146062682 1.1224216222763062 143500
1681146063420 1.5738990306854248 144000
1681146063821 5.283186435699463 144500
1681146064492 0.3896709680557251 145000
1681146064701 5.025272369384766 145500
1681146065002 1.4637973308563232 146000
1681146065243 21.23065948486328 146500
1681146065517 16.192806243896484 147000
1681146065933 3.3075759410858154 147500
1681146066375 4.620709419250488 148000
1681146067395 3.107750415802002 148500
1681146067631 1.5907351970672607 149000
1681146068174 4.030269145965576 149500
1681146068649 1.4008824825286865 150000
1681146069317 1.2348915338516235 150500
1681146069893 0.03543202951550484 151000
1681146070141 2.5284276008605957 151500
1681146070627 0.6413177251815796 152000
1681146071588 25.520275115966797 152500
1681146071911 5.2515997886657715 153000
1681146072877 0.35918885469436646 153500
1681146073257 1.6647087335586548 154000
1681146073650 5.784511566162109 154500
1681146074324 1.1282529830932617 155000
1681146074590 4.8654279708862305 155500
1681146075274 2.7429418563842773 156000
1681146076063 1.2760045528411865 156500
1681146076550 0.6552283763885498 157000
1681146077067 158.23892211914062 157500
1681146077417 0.1205233782529831 158000
1681146077689 0.22054064273834229 158500
1681146078245 4.202633380889893 159000
1681146079042 0.7056556940078735 159500
1681146079663 10.012765884399414 160000
1681146080555 1.4085969924926758 160500
1681146080860 0.9877622723579407 161000
1681146081398 1.2858353853225708 161500
1681146081981 75.96575927734375 162000
1681146082316 1.0703582763671875 162500
1681146083239 1.4392060041427612 163000
1681146083889 1.7853082418441772 163500
1681146084371 13.207415580749512 164000
1681146084695 8.078603744506836 164500
1681146085351 1.948990821838379 165000
1681146085845 134.16075134277344 165500
1681146086267 1.4298874139785767 166000
1681146087332 0.05535227805376053 166500
1681146087735 1.638441801071167 167000
1681146088694 0.8051483035087585 167500
1681146089056 3.77048921585083 168000
1681146089502 0.19970181584358215 168500
1681146090439 5.632313251495361 169000
1681146090855 1.4772859811782837 169500
1681146091582 0.43260765075683594 170000
1681146091997 0.24133792519569397 170500
1681146092815 0.7128034234046936 171000
1681146093313 5.19842004776001 171500
1681146094359 13.549245834350586 172000
1681146094613 40.98235321044922 172500
1681146094968 2.105778932571411 173000
1681146095850 1.9130966663360596 173500
1681146096191 14.781079292297363 174000
1681146096562 14.118268013000488 174500
1681146096900 52.643157958984375 175000
1681146097150 0.5137544870376587 175500
1681146097867 3.246828079223633 176000
1681146098399 0.10314787924289703 176500
1681146098860 16.421829223632812 177000
1681146099921 0.12137651443481445 177500
1681146100329 2.981560468673706 178000
1681146101047 1.1877200603485107 178500
1681146101325 2.6372039318084717 179000
1681146102004 1.8397929668426514 179500
1681146102688 2.2031376361846924 180000
1681146103193 1.3742672204971313 180500
1681146103673 0.2910672724246979 181000
1681146104153 2.988985538482666 181500
1681146104613 0.13775865733623505 182000
1681146105455 0.446683794260025 182500
1681146105906 0.5161474347114563 183000
1681146106737 3.010643482208252 183500
1681146106993 3.523171901702881 184000
1681146107541 0.07641783356666565 184500
1681146108110 0.21456722915172577 185000
1681146108762 0.772260844707489 185500
1681146109339 0.4089779853820801 186000
1681146109668 0.9905872344970703 186500
1681146109932 0.1143999919295311 187000
1681146110302 0.3374910354614258 187500
1681146110865 0.2695161700248718 188000
1681146111283 0.28408387303352356 188500
1681146111775 0.4570240378379822 189000
1681146112581 6.010399341583252 189500
1681146113348 0.6906291246414185 190000
1681146113694 0.06114518642425537 190500
1681146114306 0.2134058177471161 191000
1681146114716 0.10089471191167831 191500
1681146115322 0.196035236120224 192000
1681146115800 152.9623260498047 192500
1681146116167 0.2779007852077484 193000
1681146116698 0.8217223286628723 193500
1681146117216 0.21007080376148224 194000
1681146117690 13.476766586303711 194500
1681146118086 0.24435189366340637 195000
1681146118692 0.26459914445877075 195500
1681146119062 1.7386541366577148 196000
1681146119355 0.5429709553718567 196500
1681146119642 2.5523128509521484 197000
1681146119941 8.323785781860352 197500
1681146120276 0.227081298828125 198000
1681146120574 4.318181037902832 198500
1681146120823 0.08120720088481903 199000
1681146121092 0.14175847172737122 199500
1681146121453 0.17146086692810059 200000
1681146121783 0.7811123132705688 200500
1681146122086 0.3370113968849182 201000
1681146122367 0.33676284551620483 201500
1681146122690 0.24083776772022247 202000
1681146123029 0.0006643634987995028 202500
1681146123309 0.9178878664970398 203000
1681146123655 0.5179189443588257 203500
1681146123950 0.13831821084022522 204000
1681146124280 0.3572409451007843 204500
1681146124701 0.03622040897607803 205000
1681146125085 0.04027196019887924 205500
1681146125624 0.2664549946784973 206000
1681146126133 0.025296563282608986 206500
1681146126478 0.6138684153556824 207000
1681146126850 0.7987750768661499 207500
1681146127366 4.082161903381348 208000
1681146127744 0.24987812340259552 208500
1681146128021 1.1371437311172485 209000
1681146128340 0.24191586673259735 209500
1681146128669 0.015270578674972057 210000
1681146129120 0.026530709117650986 210500
1681146129646 0.04313836246728897 211000
1681146130051 0.007606498897075653 211500
1681146130363 0.7583181262016296 212000
1681146130769 3.952826976776123 212500
1681146131028 0.0891193225979805 213000
1681146131363 0.8737750053405762 213500
1681146131727 0.08172772824764252 214000
1681146132052 1.9918314218521118 214500
1681146132379 2.078996181488037 215000
1681146132620 0.10377389192581177 215500
1681146132956 0.2419896125793457 216000
1681146133243 0.05347425490617752 216500
1681146133676 0.045050352811813354 217000
1681146134190 0.46067577600479126 217500
1681146134473 0.24016699194908142 218000
1681146134779 0.07634104788303375 218500
1681146135155 0.02772257849574089 219000
1681146135433 0.5609918236732483 219500
1681146135871 0.15744473040103912 220000
1681146136314 0.4116610586643219 220500
1681146136699 0.20334652066230774 221000
1681146136967 0.02938539907336235 221500
1681146137202 0.6916238069534302 222000
1681146137481 0.06872247904539108 222500
1681146137836 0.0016832860419526696 223000
1681146138130 0.34254464507102966 223500
1681146138483 0.014717045240104198 224000
1681146138793 0.13047084212303162 224500
1681146139106 0.2735009789466858 225000
1681146139431 0.4343412518501282 225500
1681146139774 0.005612778477370739 226000
1681146140033 0.5419608354568481 226500
1681146140498 4.013370037078857 227000
1681146140833 0.17117838561534882 227500
1681146141083 0.06007310748100281 228000
1681146141437 2.625304698944092 228500
1681146141805 0.06454910337924957 229000
1681146142212 1.8394666910171509 229500
1681146142724 0.5780941247940063 230000
1681146143109 0.9793578386306763 230500
1681146143532 0.10051312297582626 231000
1681146144212 1.096837043762207 231500
1681146144587 6.143539905548096 232000
1681146145310 0.9473468661308289 232500
1681146146262 0.8311184644699097 233000
1681146146758 903.0335083007812 233500
1681146147106 0.14394408464431763 234000
1681146147437 2.7297635078430176 234500
1681146147802 603.887451171875 235000
1681146148141 0.2385316789150238 235500
1681146148661 0.18133552372455597 236000
1681146148929 0.03350134566426277 236500
1681146149236 839.4683837890625 237000
1681146149521 0.038857351988554 237500
1681146149733 0.8027606010437012 238000
1681146150007 6.415223121643066 238500
1681146150227 0.2009526938199997 239000
1681146150442 5.056811332702637 239500
1681146150661 39.828025817871094 240000
1681146150893 828.5987548828125 240500
1681146151091 1.4046679735183716 241000
1681146151310 2.8241000175476074 241500
1681146151505 1.8504241704940796 242000
1681146151704 0.07816272228956223 242500
1681146151908 5.0928635597229 243000
1681146152134 4.14329195022583 243500
1681146152378 12.936059951782227 244000
1681146152576 0.6097525358200073 244500
1681146152859 0.1249527558684349 245000
1681146153113 0.015978090465068817 245500
1681146153334 0.056823451071977615 246000
1681146153617 0.07645372301340103 246500
1681146153988 0.015633465722203255 247000
1681146154310 1.7423484325408936 247500
1681146154510 1.109001636505127 248000
1681146154754 0.11271965503692627 248500
1681146155041 2.052722692489624 249000
1681146155392 5.191022872924805 249500
1681146155639 8.352365493774414 250000
1681146155875 5.07919979095459 250500
1681146156167 0.06958125531673431 251000
1681146156536 0.017519619315862656 251500
1681146157042 0.4382903575897217 252000
1681146157300 0.71906977891922 252500
1681146157536 0.3620513379573822 253000
1681146157812 4.367493629455566 253500
1681146158153 534.0596923828125 254000
1681146158515 5.0396199226379395 254500
1681146158917 0.35429608821868896 255000
1681146159222 3.4526925086975098 255500
1681146159456 3.356998920440674 256000
1681146159660 1.4051491022109985 256500
1681146159893 0.4162312150001526 257000
1681146160366 2.422128438949585 257500
1681146160705 2.809349536895752 258000
1681146161050 1.2529577016830444 258500
1681146161405 2.6569740772247314 259000
1681146161724 0.27783259749412537 259500
1681146161995 2.291250705718994 260000
1681146162247 0.22365491092205048 260500
1681146162523 0.12693724036216736 261000
1681146162879 0.9746370315551758 261500
1681146163248 6.858345031738281 262000
1681146163459 3.2660088539123535 262500
1681146163956 1.4008560180664062 263000
1681146164210 0.9696923494338989 263500
1681146164434 1.3889825344085693 264000
1681146164746 0.7020565867424011 264500
1681146165218 3.7036869525909424 265000
1681146165569 8.179518699645996 265500
1681146165923 17.813873291015625 266000
1681146166162 2.2054498195648193 266500
1681146166534 0.17540450394153595 267000
1681146166739 2.086738109588623 267500
1681146167006 0.18547068536281586 268000
1681146167419 4.348147392272949 268500
1681146167945 1.3032532930374146 269000
1681146168493 0.4850798547267914 269500
1681146168886 1.3733174800872803 270000
1681146169231 0.7741387486457825 270500
1681146169485 0.4617382884025574 271000
1681146170076 4.201631546020508 271500
1681146170464 0.9611964225769043 272000
1681146170995 8.956846237182617 272500
1681146171343 0.8463939428329468 273000
1681146172049 4.713979244232178 273500
1681146172333 0.2043551504611969 274000
1681146172835 1.242810606956482 274500
1681146173179 1.7506275177001953 275000
1681146173585 3.86018443107605 275500
1681146173931 0.30716362595558167 276000
1681146174238 0.46516695618629456 276500
1681146174510 1.5101238489151 277000
1681146175234 0.8428596258163452 277500
1681146175836 4.9102091789245605 278000
1681146176372 0.9267657995223999 278500
1681146176787 1.0782356262207031 279000
1681146177058 0.5786972641944885 279500
1681146177302 1.0445563793182373 280000
1681146177669 7.09580135345459 280500
1681146178117 0.4154067635536194 281000
1681146178912 0.603500485420227 281500
1681146179237 0.8085082769393921 282000
1681146179686 2.3668782711029053 282500
1681146180063 5.276032447814941 283000
1681146180650 1.0661849975585938 283500
1681146180898 3.642014741897583 284000
1681146181244 2.3170485496520996 284500
1681146181692 4.238747596740723 285000
1681146182207 0.11524228751659393 285500
1681146182630 9.044634819030762 286000
1681146183156 0.3181541860103607 286500
1681146183608 0.519396185874939 287000
1681146184176 1.0702513456344604 287500
1681146184623 1.5175423622131348 288000
1681146185235 1.5471023321151733 288500
1681146185870 1.6452913284301758 289000
1681146187038 5.3700971603393555 289500
1681146187390 3.6011157035827637 290000
1681146187853 0.9240256547927856 290500
1681146188438 0.49568381905555725 291000
1681146189432 0.10751954466104507 291500
1681146189811 1.0366086959838867 292000
1681146190276 0.47707614302635193 292500
1681146190775 0.8457757830619812 293000
1681146191427 0.24316811561584473 293500
1681146191903 0.16580574214458466 294000
1681146192679 1.6849982738494873 294500
1681146193023 0.7369245290756226 295000
1681146193507 0.36576566100120544 295500
1681146193986 0.3864745497703552 296000
1681146194588 0.3672221302986145 296500
1681146195169 2.072190761566162 297000
1681146196078 0.9718838930130005 297500
1681146196555 2.111684560775757 298000
1681146197256 0.7969891428947449 298500
1681146197699 0.17219692468643188 299000
1681146198312 0.9532445669174194 299500
1681146198780 11.186616897583008 300000
