1681388632732 2057.0 500
1681388632994 1897.0 1000
1681388633187 2081.0 1500
1681388633369 2214.0 2000
1681388633546 2317.0 2500
1681388633724 2385.0 3000
1681388633899 2442.0 3500
1681388634081 2477.0 4000
1681388634287 2471.0 4500
1681388634483 2480.0 5000
1681388634691 2472.0 5500
1681388634886 2479.0 6000
1681388635075 2492.0 6500
1681388635270 2496.0 7000
1681388635638 2365.0 7500
1681388635868 2352.0 8000
1681388636071 2358.0 8500
1681388636267 2368.0 9000
1681388636480 2367.0 9500
1681388636710 2356.0 10000
1681388636972 2113.0 10500
1681388637264 1888.0 11000
1681388637525 1898.0 11500
1681388637804 1870.0 12000
1681388638623 1324.0 12500
1681388638935 1363.0 13000
1681388639225 1405.0 13500
1681388639501 1445.0 14000
1681388639717 1509.0 14500
1681388640042 1511.0 15000
1681388640550 1441.0 15500
1681388640751 1493.0 16000
1681388640986 1528.0 16500
1681388641183 1573.0 17000
1681388641383 1613.0 17500
1681388641683 1616.0 18000
1681388641883 1650.0 18500
1681388642180 1652.0 19000
1681388642452 1661.0 19500
1681388642705 1675.0 20000
1681388643014 1662.0 20500
1681388643220 1972.0 21000
1681388643443 2056.0 21500
1681388643639 2159.0 22000
1681388643932 2050.0 22500
1681388644123 2127.0 23000
1681388644307 2195.0 23500
1681388644525 2207.0 24000
1681388644756 2203.0 24500
1681388644988 2197.0 25000
1681388645200 2211.0 25500
1681388645384 2246.0 26000
1681388645570 2274.0 26500
1681388645764 2294.0 27000
1681388645957 2311.0 27500
1681388646171 2313.0 28000
1681388646372 2322.0 28500
1681388646563 2337.0 29000
1681388646798 2325.0 29500
1681388646999 2333.0 30000
1681388647233 2220.0 30500
1681388647440 2308.0 31000
1681388647661 2294.0 31500
1681388647858 2351.0 32000
1681388648047 2403.0 32500
1681388648253 2408.0 33000
1681388648434 2453.0 33500
1681388648680 2390.0 34000
1681388648882 2399.0 34500
1681388649098 2391.0 35000
1681388649290 2409.0 35500
1681388649476 2430.0 36000
1681388649695 2418.0 36500
1681388649877 2439.0 37000
1681388650079 2441.0 37500
1681388650276 2447.0 38000
1681388650467 2456.0 38500
1681388650688 2445.0 39000
1681388650897 2442.0 39500
1681388651121 2430.0 40000
1681388651332 2461.0 40500
1681388651517 2573.0 41000
1681388651697 2635.0 41500
1681388651880 2659.0 42000
1681388652063 2673.0 42500
1681388652245 2686.0 43000
1681388652424 2701.0 43500
1681388652598 2722.0 44000
1681388652777 2729.0 44500
1681388652958 2733.0 45000
1681388653130 2747.0 45500
1681388653304 2757.0 46000
1681388653475 2769.0 46500
1681388653653 2772.0 47000
1681388653835 2771.0 47500
1681388654024 2762.0 48000
1681388654211 2757.0 48500
1681388654423 2731.0 49000
1681388654616 2724.0 49500
1681388654867 2674.0 50000
1681388655116 2071.0 50500
1681388655378 1985.0 51000
1681388655608 2043.0 51500
1681388655864 2021.0 52000
1681388656141 1972.0 52500
1681388656752 1597.0 53000
1681388657208 1500.0 53500
1681388657991 1283.0 54000
1681388658458 1255.0 54500
1681388658759 1287.0 55000
1681388659281 1248.0 55500
1681388659742 1232.0 56000
1681388660478 1160.0 56500
1681388661201 1106.0 57000
1681388661653 1106.0 57500
1681388662055 1114.0 58000
1681388662827 1068.0 58500
1681388663589 1032.0 59000
1681388664191 1019.0 59500
1681388664699 1017.0 60000
1681388665510 622.0 60500
1681388666311 623.0 61000
1681388667125 620.0 61500
1681388667836 638.0 62000
1681388668345 687.0 62500
1681388668820 729.0 63000
1681388669165 784.0 63500
1681388669925 766.0 64000
1681388670192 820.0 64500
1681388670726 830.0 65000
1681388671228 843.0 65500
1681388671876 836.0 66000
1681388672512 832.0 66500
1681388673199 824.0 67000
1681388673897 816.0 67500
1681388674457 820.0 68000
1681388675038 822.0 68500
1681388675366 844.0 69000
1681388676085 834.0 69500
1681388676946 817.0 70000
1681388677327 1341.0 70500
1681388677905 1052.0 71000
1681388678177 1227.0 71500
1681388678455 1333.0 72000
1681388678764 1381.0 72500
1681388679021 1451.0 73000
1681388679279 1505.0 73500
1681388679756 1428.0 74000
1681388680086 1437.0 74500
1681388680314 1488.0 75000
1681388680559 1525.0 75500
1681388680787 1565.0 76000
1681388680967 1619.0 76500
1681388681164 1663.0 77000
1681388681390 1691.0 77500
1681388681625 1712.0 78000
1681388681814 1749.0 78500
1681388681988 1788.0 79000
1681388682161 1824.0 79500
1681388682335 1858.0 80000
1681388682513 2930.0 80500
1681388682694 2843.0 81000
1681388682873 2824.0 81500
1681388683052 2817.0 82000
1681388683228 2821.0 82500
1681388683396 2847.0 83000
1681388683566 2861.0 83500
1681388683739 2863.0 84000
1681388683908 2873.0 84500
1681388684077 2881.0 85000
1681388684239 2899.0 85500
1681388684406 2907.0 86000
1681388684571 2916.0 86500
1681388684741 2918.0 87000
1681388684901 2931.0 87500
1681388685062 2941.0 88000
1681388685220 2953.0 88500
1681388685383 2959.0 89000
1681388685546 2965.0 89500
1681388685716 2963.0 90000
1681388685909 2704.0 90500
1681388686131 2455.0 91000
1681388686480 1985.0 91500
1681388686836 1798.0 92000
1681388687465 1436.0 92500
1681388687866 1400.0 93000
1681388688497 1261.0 93500
1681388688905 1257.0 94000
1681388689597 1161.0 94500
1681388690043 1157.0 95000
1681388690929 1056.0 95500
1681388691404 1056.0 96000
1681388691947 1044.0 96500
1681388692333 1059.0 97000
1681388693260 995.0 97500
1681388693717 1000.0 98000
1681388694302 990.0 98500
1681388694650 1008.0 99000
1681388695488 972.0 99500
1681388695967 976.0 100000
1681388696713 677.0 100500
1681388697122 871.0 101000
1681388697655 892.0 101500
1681388697977 999.0 102000
1681388698415 1024.0 102500
1681388698764 1075.0 103000
1681388699674 946.0 103500
1681388700321 920.0 104000
1681388701053 886.0 104500
1681388701482 907.0 105000
1681388702360 861.0 105500
1681388702824 876.0 106000
1681388703523 861.0 106500
1681388703954 877.0 107000
1681388704701 859.0 107500
1681388705139 872.0 108000
1681388705753 869.0 108500
1681388706150 884.0 109000
1681388706834 874.0 109500
1681388707226 888.0 110000
1681388708067 601.0 110500
1681388708559 755.0 111000
1681388709022 838.0 111500
1681388709572 855.0 112000
1681388709975 912.0 112500
1681388710351 962.0 113000
1681388711569 807.0 113500
1681388711914 854.0 114000
1681388712517 851.0 114500
1681388713022 863.0 115000
1681388713528 873.0 115500
1681388713997 887.0 116000
1681388714297 920.0 116500
1681388714554 956.0 117000
1681388714902 978.0 117500
1681388715323 989.0 118000
1681388715635 1011.0 118500
1681388716309 991.0 119000
1681388716559 1018.0 119500
1681388716934 1030.0 120000
1681388717433 1019.0 120500
1681388717965 978.0 121000
1681388718741 833.0 121500
1681388719298 848.0 122000
1681388720122 786.0 122500
1681388720382 872.0 123000
1681388720961 871.0 123500
1681388721372 903.0 124000
1681388721711 943.0 124500
1681388721994 989.0 125000
1681388722369 1013.0 125500
1681388722617 1057.0 126000
1681388722891 1092.0 126500
1681388723108 1135.0 127000
1681388723362 1168.0 127500
1681388723601 1201.0 128000
1681388724135 1181.0 128500
1681388725056 1109.0 129000
1681388725460 1115.0 129500
1681388725926 1113.0 130000
1681388726373 1137.0 130500
1681388726899 1035.0 131000
1681388727353 1056.0 131500
1681388727748 1102.0 132000
1681388728196 1104.0 132500
1681388728434 1199.0 133000
1681388729026 1131.0 133500
1681388729492 1123.0 134000
1681388730369 1014.0 134500
1681388731090 969.0 135000
1681388731320 1020.0 135500
1681388731882 1008.0 136000
1681388732312 1019.0 136500
1681388733220 960.0 137000
1681388733847 947.0 137500
1681388734765 905.0 138000
1681388735365 901.0 138500
1681388736083 886.0 139000
1681388736485 900.0 139500
1681388737008 902.0 140000
1681388737511 1008.0 140500
1681388737802 1271.0 141000
1681388738163 1307.0 141500
1681388738374 1472.0 142000
1681388738570 1608.0 142500
1681388738946 1554.0 143000
1681388739211 1594.0 143500
1681388739383 1689.0 144000
1681388739591 1747.0 144500
1681388739805 1792.0 145000
1681388739986 1851.0 145500
1681388740161 1907.0 146000
1681388740344 1953.0 146500
1681388740526 1994.0 147000
1681388740702 2034.0 147500
1681388740874 2073.0 148000
1681388741045 2109.0 148500
1681388741225 2138.0 149000
1681388741401 2166.0 149500
1681388741579 2191.0 150000
1681388741770 2731.0 150500
1681388741944 2802.0 151000
1681388742117 2828.0 151500
1681388742289 2846.0 152000
1681388742485 2784.0 152500
1681388742653 2812.0 153000
1681388742820 2837.0 153500
1681388742989 2853.0 154000
1681388743157 2866.0 154500
1681388743325 2876.0 155000
1681388743490 2890.0 155500
1681388743654 2903.0 156000
1681388743818 2912.0 156500
1681388743982 2922.0 157000
1681388744147 2929.0 157500
1681388744311 2936.0 158000
1681388744478 2940.0 158500
1681388744649 2938.0 159000
1681388744817 2941.0 159500
1681388744986 2941.0 160000
1681388745159 3013.0 160500
1681388745327 2998.0 161000
1681388745492 3007.0 161500
1681388745654 3024.0 162000
1681388745815 3042.0 162500
1681388745978 3045.0 163000
1681388746143 3045.0 163500
1681388746308 3044.0 164000
1681388746466 3056.0 164500
1681388746623 3067.0 165000
1681388746779 3080.0 165500
1681388746934 3091.0 166000
1681388747093 3095.0 166500
1681388747248 3105.0 167000
1681388747411 3102.0 167500
1681388747561 3116.0 168000
1681388747712 3128.0 168500
1681388747865 3133.0 169000
1681388748017 3141.0 169500
1681388748167 3150.0 170000
1681388748323 3353.0 170500
1681388748481 3266.0 171000
1681388748632 3279.0 171500
1681388748781 3296.0 172000
1681388748939 3269.0 172500
1681388749104 3227.0 173000
1681388749258 3231.0 173500
1681388749413 3230.0 174000
1681388749563 3239.0 174500
1681388749727 3221.0 175000
1681388749889 3207.0 175500
1681388750045 3208.0 176000
1681388750234 3156.0 176500
1681388750421 3115.0 177000
1681388750876 2776.0 177500
1681388751073 2760.0 178000
1681388751267 2748.0 178500
1681388751549 2667.0 179000
1681388752360 2269.0 179500
1681388752640 2239.0 180000
1681388752895 2021.0 180500
1681388753366 1393.0 181000
1681388753589 1594.0 181500
1681388753864 1644.0 182000
1681388754528 1329.0 182500
1681388754917 1321.0 183000
1681388755512 1221.0 183500
1681388755758 1285.0 184000
1681388756061 1318.0 184500
1681388756605 1263.0 185000
1681388757008 1261.0 185500
1681388757302 1289.0 186000
1681388757816 1257.0 186500
1681388758123 1278.0 187000
1681388758481 1285.0 187500
1681388758999 1259.0 188000
1681388759438 1251.0 188500
1681388759800 1258.0 189000
1681388760763 1170.0 189500
1681388761241 1163.0 190000
1681388761854 825.0 190500
1681388762179 1074.0 191000
1681388762600 1110.0 191500
1681388762934 1186.0 192000
1681388763499 1110.0 192500
1681388763887 1136.0 193000
1681388764742 1001.0 193500
1681388765154 1024.0 194000
1681388765945 958.0 194500
1681388766363 977.0 195000
1681388767242 917.0 195500
1681388767661 935.0 196000
1681388768194 935.0 196500
1681388768538 960.0 197000
1681388769015 965.0 197500
1681388769360 986.0 198000
1681388770280 941.0 198500
1681388770677 954.0 199000
1681388771167 957.0 199500
1681388772193 913.0 200000
1681388772586 1304.0 200500
1681388773328 888.0 201000
1681388773723 986.0 201500
1681388774431 897.0 202000
1681388774693 1003.0 202500
1681388775058 1050.0 203000
1681388775715 996.0 203500
1681388776303 975.0 204000
1681388777227 895.0 204500
1681388777871 882.0 205000
1681388778231 912.0 205500
1681388778785 911.0 206000
1681388779041 950.0 206500
1681388779621 943.0 207000
1681388780385 916.0 207500
1681388780693 942.0 208000
1681388781120 953.0 208500
1681388781726 945.0 209000
1681388782391 932.0 209500
1681388783248 905.0 210000
1681388783856 834.0 210500
1681388784110 1172.0 211000
1681388784795 974.0 211500
1681388785275 991.0 212000
1681388785655 1042.0 212500
1681388785995 1095.0 213000
1681388786245 1171.0 213500
1681388786518 1226.0 214000
1681388786788 1274.0 214500
1681388787101 1300.0 215000
1681388787396 1328.0 215500
1681388788076 1245.0 216000
1681388788316 1284.0 216500
1681388788606 1309.0 217000
1681388789043 1296.0 217500
1681388789284 1327.0 218000
1681388789695 1320.0 218500
1681388789982 1338.0 219000
1681388790270 1354.0 219500
1681388790545 1372.0 220000
1681388790733 2774.0 220500
1681388790984 2321.0 221000
1681388791190 2353.0 221500
1681388791375 2432.0 222000
1681388791550 2508.0 222500
1681388791788 2431.0 223000
1681388791984 2446.0 223500
1681388792154 2497.0 224000
1681388792329 2534.0 224500
1681388792527 2532.0 225000
1681388792711 2548.0 225500
1681388792891 2566.0 226000
1681388793064 2588.0 226500
1681388793235 2609.0 227000
1681388793400 2634.0 227500
1681388793581 2641.0 228000
1681388793749 2659.0 228500
1681388793918 2674.0 229000
1681388794087 2688.0 229500
1681388794298 2670.0 230000
1681388794481 2851.0 230500
1681388794649 2909.0 231000
1681388794816 2938.0 231500
1681388794984 2946.0 232000
1681388795154 2945.0 232500
1681388795319 2959.0 233000
1681388795487 2961.0 233500
1681388795654 2966.0 234000
1681388795820 2970.0 234500
1681388795987 2973.0 235000
1681388796153 2976.0 235500
1681388796329 2965.0 236000
1681388796501 2960.0 236500
1681388796679 2948.0 237000
1681388796847 2951.0 237500
1681388797015 2952.0 238000
1681388797178 2958.0 238500
1681388797345 2961.0 239000
1681388797510 2964.0 239500
1681388797678 2965.0 240000
1681388797846 3099.0 240500
1681388798013 3044.0 241000
1681388798183 3009.0 241500
1681388798352 2995.0 242000
1681388798518 3001.0 242500
1681388798683 3004.0 243000
1681388798849 3006.0 243500
1681388799016 3004.0 244000
1681388799182 3005.0 244500
1681388799347 3007.0 245000
1681388799514 3006.0 245500
1681388799676 3012.0 246000
1681388799841 3014.0 246500
1681388800005 3017.0 247000
1681388800167 3021.0 247500
1681388800331 3023.0 248000
1681388800490 3030.0 248500
1681388800648 3037.0 249000
1681388800808 3041.0 249500
1681388800964 3049.0 250000
1681388801120 3372.0 250500
1681388801277 3281.0 251000
1681388801428 3287.0 251500
1681388801584 3268.0 252000
1681388801734 3279.0 252500
1681388801885 3285.0 253000
1681388802035 3293.0 253500
1681388802190 3283.0 254000
1681388802341 3287.0 254500
1681388802489 3295.0 255000
1681388802637 3304.0 255500
1681388802787 3305.0 256000
1681388802942 3299.0 256500
1681388803092 3302.0 257000
1681388803242 3304.0 257500
1681388803393 3304.0 258000
1681388803547 3301.0 258500
1681388803700 3299.0 259000
1681388803857 3292.0 259500
1681388804019 3282.0 260000
1681388804181 3249.0 260500
1681388804344 3150.0 261000
1681388804505 3132.0 261500
1681388804666 3129.0 262000
1681388804824 3132.0 262500
1681388804984 3132.0 263000
1681388805142 3136.0 263500
1681388805301 3138.0 264000
1681388805454 3153.0 264500
1681388805608 3161.0 265000
1681388805762 3168.0 265500
1681388805913 3180.0 266000
1681388806067 3184.0 266500
1681388806223 3186.0 267000
1681388806382 3183.0 267500
1681388806539 3184.0 268000
1681388806698 3181.0 268500
1681388806858 3178.0 269000
1681388807014 3179.0 269500
1681388807169 3182.0 270000
1681388807329 3268.0 270500
1681388807495 3143.0 271000
1681388807656 3130.0 271500
1681388807813 3143.0 272000
1681388807970 3149.0 272500
1681388808129 3147.0 273000
1681388808294 3132.0 273500
1681388808465 3105.0 274000
1681388808621 3115.0 274500
1681388808780 3118.0 275000
1681388808933 3130.0 275500
1681388809087 3140.0 276000
1681388809239 3151.0 276500
1681388809395 3154.0 277000
1681388809551 3158.0 277500
1681388809706 3162.0 278000
1681388809870 3155.0 278500
1681388810057 3125.0 279000
1681388810334 3010.0 279500
1681388810515 2995.0 280000
1681388810694 2975.0 280500
1681388810856 3026.0 281000
1681388811017 3053.0 281500
1681388811181 3053.0 282000
1681388811338 3076.0 282500
1681388811503 3070.0 283000
1681388811662 3081.0 283500
1681388811821 3088.0 284000
1681388811982 3090.0 284500
1681388812142 3095.0 285000
1681388812303 3095.0 285500
1681388812460 3102.0 286000
1681388812623 3100.0 286500
1681388812776 3110.0 287000
1681388812926 3125.0 287500
1681388813078 3134.0 288000
1681388813232 3141.0 288500
1681388813384 3148.0 289000
1681388813545 3146.0 289500
1681388813705 3145.0 290000
1681388813895 2740.0 290500
1681388814067 2823.0 291000
1681388814242 2833.0 291500
1681388814414 2851.0 292000
1681388814601 2814.0 292500
1681388814779 2813.0 293000
1681388814987 2747.0 293500
1681388815181 2723.0 294000
1681388815397 2671.0 294500
1681388815600 2648.0 295000
1681388815803 2630.0 295500
1681388816044 2572.0 296000
1681388816466 2360.0 296500
1681388817075 2081.0 297000
1681388817680 1890.0 297500
1681388818630 1626.0 298000
1681388819044 1594.0 298500
1681388819610 1526.0 299000
1681388820175 1470.0 299500
1681388821174 1340.0 300000
