1681388632733 100.0 500
1681388632994 200.0 1000
1681388633188 300.0 1500
1681388633370 400.0 2000
1681388633546 500.0 2500
1681388633724 600.0 3000
1681388633900 700.0 3500
1681388634082 800.0 4000
1681388634288 900.0 4500
1681388634483 1000.0 5000
1681388634692 1100.0 5500
1681388634887 1200.0 6000
1681388635075 1300.0 6500
1681388635270 1400.0 7000
1681388635639 1500.0 7500
1681388635868 1600.0 8000
1681388636071 1700.0 8500
1681388636267 1800.0 9000
1681388636481 1900.0 9500
1681388636710 2000.0 10000
1681388636972 100.0 10500
1681388637265 200.0 11000
1681388637526 300.0 11500
1681388637805 400.0 12000
1681388638623 500.0 12500
1681388638936 600.0 13000
1681388639225 700.0 13500
1681388639502 800.0 14000
1681388639717 900.0 14500
1681388640043 1000.0 15000
1681388640551 1100.0 15500
1681388640752 1200.0 16000
1681388640986 1300.0 16500
1681388641183 1400.0 17000
1681388641384 1500.0 17500
1681388641683 1600.0 18000
1681388641884 1700.0 18500
1681388642181 1800.0 19000
1681388642452 1900.0 19500
1681388642705 2000.0 20000
1681388643014 100.0 20500
1681388643220 200.0 21000
1681388643443 300.0 21500
1681388643640 400.0 22000
1681388643933 500.0 22500
1681388644124 600.0 23000
1681388644308 700.0 23500
1681388644526 800.0 24000
1681388644756 900.0 24500
1681388644988 1000.0 25000
1681388645200 1100.0 25500
1681388645384 1200.0 26000
1681388645571 1300.0 26500
1681388645765 1400.0 27000
1681388645958 1500.0 27500
1681388646171 1600.0 28000
1681388646373 1700.0 28500
1681388646564 1800.0 29000
1681388646799 1900.0 29500
1681388646999 2000.0 30000
1681388647233 100.0 30500
1681388647441 200.0 31000
1681388647662 300.0 31500
1681388647859 400.0 32000
1681388648047 500.0 32500
1681388648253 600.0 33000
1681388648434 700.0 33500
1681388648681 800.0 34000
1681388648883 900.0 34500
1681388649098 1000.0 35000
1681388649290 1100.0 35500
1681388649477 1200.0 36000
1681388649695 1300.0 36500
1681388649877 1400.0 37000
1681388650079 1500.0 37500
1681388650276 1600.0 38000
1681388650467 1700.0 38500
1681388650689 1800.0 39000
1681388650897 1900.0 39500
1681388651121 2000.0 40000
1681388651332 100.0 40500
1681388651517 200.0 41000
1681388651698 300.0 41500
1681388651881 400.0 42000
1681388652064 500.0 42500
1681388652246 600.0 43000
1681388652424 700.0 43500
1681388652598 800.0 44000
1681388652778 900.0 44500
1681388652958 1000.0 45000
1681388653131 1100.0 45500
1681388653304 1200.0 46000
1681388653476 1300.0 46500
1681388653653 1400.0 47000
1681388653835 1500.0 47500
1681388654025 1600.0 48000
1681388654211 1700.0 48500
1681388654424 1800.0 49000
1681388654616 1900.0 49500
1681388654867 2000.0 50000
1681388655116 100.0 50500
1681388655378 200.0 51000
1681388655609 300.0 51500
1681388655864 400.0 52000
1681388656142 500.0 52500
1681388656752 600.0 53000
1681388657209 700.0 53500
1681388657991 800.0 54000
1681388658458 900.0 54500
1681388658760 1000.0 55000
1681388659281 1100.0 55500
1681388659742 1200.0 56000
1681388660478 1300.0 56500
1681388661201 1400.0 57000
1681388661653 1500.0 57500
1681388662055 1600.0 58000
1681388662828 1700.0 58500
1681388663589 1800.0 59000
1681388664192 1900.0 59500
1681388664699 2000.0 60000
1681388665510 100.0 60500
1681388666311 200.0 61000
1681388667126 300.0 61500
1681388667837 400.0 62000
1681388668346 500.0 62500
1681388668820 600.0 63000
1681388669165 700.0 63500
1681388669925 800.0 64000
1681388670193 900.0 64500
1681388670727 1000.0 65000
1681388671228 1100.0 65500
1681388671877 1200.0 66000
1681388672513 1300.0 66500
1681388673199 1400.0 67000
1681388673897 1500.0 67500
1681388674457 1600.0 68000
1681388675039 1700.0 68500
1681388675367 1800.0 69000
1681388676086 1900.0 69500
1681388676946 2000.0 70000
1681388677328 100.0 70500
1681388677905 200.0 71000
1681388678177 300.0 71500
1681388678455 400.0 72000
1681388678765 500.0 72500
1681388679022 600.0 73000
1681388679280 700.0 73500
1681388679756 800.0 74000
1681388680086 900.0 74500
1681388680315 1000.0 75000
1681388680560 1100.0 75500
1681388680788 1200.0 76000
1681388680968 1300.0 76500
1681388681164 1400.0 77000
1681388681390 1500.0 77500
1681388681625 1600.0 78000
1681388681814 1700.0 78500
1681388681988 1800.0 79000
1681388682161 1900.0 79500
1681388682335 2000.0 80000
1681388682513 100.0 80500
1681388682694 200.0 81000
1681388682874 300.0 81500
1681388683053 400.0 82000
1681388683229 500.0 82500
1681388683396 600.0 83000
1681388683566 700.0 83500
1681388683740 800.0 84000
1681388683909 900.0 84500
1681388684078 1000.0 85000
1681388684239 1100.0 85500
1681388684407 1200.0 86000
1681388684572 1300.0 86500
1681388684742 1400.0 87000
1681388684901 1500.0 87500
1681388685063 1600.0 88000
1681388685221 1700.0 88500
1681388685383 1800.0 89000
1681388685546 1900.0 89500
1681388685717 2000.0 90000
1681388685909 100.0 90500
1681388686131 200.0 91000
1681388686480 300.0 91500
1681388686836 400.0 92000
1681388687465 500.0 92500
1681388687867 600.0 93000
1681388688498 700.0 93500
1681388688905 800.0 94000
1681388689598 900.0 94500
1681388690043 1000.0 95000
1681388690930 1100.0 95500
1681388691404 1200.0 96000
1681388691947 1300.0 96500
1681388692334 1400.0 97000
1681388693261 1500.0 97500
1681388693718 1600.0 98000
1681388694303 1700.0 98500
1681388694650 1800.0 99000
1681388695488 1900.0 99500
1681388695967 2000.0 100000
1681388696713 100.0 100500
1681388697122 200.0 101000
1681388697655 300.0 101500
1681388697977 400.0 102000
1681388698415 500.0 102500
1681388698765 600.0 103000
1681388699675 700.0 103500
1681388700322 800.0 104000
1681388701053 900.0 104500
1681388701482 1000.0 105000
1681388702361 1100.0 105500
1681388702824 1200.0 106000
1681388703523 1300.0 106500
1681388703955 1400.0 107000
1681388704701 1500.0 107500
1681388705140 1600.0 108000
1681388705753 1700.0 108500
1681388706151 1800.0 109000
1681388706834 1900.0 109500
1681388707226 2000.0 110000
1681388708067 100.0 110500
1681388708559 200.0 111000
1681388709023 300.0 111500
1681388709572 400.0 112000
1681388709975 500.0 112500
1681388710352 600.0 113000
1681388711569 700.0 113500
1681388711914 800.0 114000
1681388712518 900.0 114500
1681388713023 1000.0 115000
1681388713528 1100.0 115500
1681388713997 1200.0 116000
1681388714298 1300.0 116500
1681388714555 1400.0 117000
1681388714902 1500.0 117500
1681388715323 1600.0 118000
1681388715635 1700.0 118500
1681388716309 1800.0 119000
1681388716559 1900.0 119500
1681388716935 2000.0 120000
1681388717433 100.0 120500
1681388717965 200.0 121000
1681388718742 300.0 121500
1681388719299 400.0 122000
1681388720123 500.0 122500
1681388720383 600.0 123000
1681388720961 700.0 123500
1681388721372 800.0 124000
1681388721711 900.0 124500
1681388721994 1000.0 125000
1681388722369 1100.0 125500
1681388722618 1200.0 126000
1681388722891 1300.0 126500
1681388723108 1400.0 127000
1681388723362 1500.0 127500
1681388723601 1600.0 128000
1681388724135 1700.0 128500
1681388725057 1800.0 129000
1681388725461 1900.0 129500
1681388725926 2000.0 130000
1681388726373 100.0 130500
1681388726899 200.0 131000
1681388727354 300.0 131500
1681388727748 400.0 132000
1681388728197 500.0 132500
1681388728435 600.0 133000
1681388729026 700.0 133500
1681388729493 800.0 134000
1681388730369 900.0 134500
1681388731090 1000.0 135000
1681388731321 1100.0 135500
1681388731882 1200.0 136000
1681388732312 1300.0 136500
1681388733220 1400.0 137000
1681388733847 1500.0 137500
1681388734766 1600.0 138000
1681388735365 1700.0 138500
1681388736083 1800.0 139000
1681388736485 1900.0 139500
1681388737008 2000.0 140000
1681388737512 100.0 140500
1681388737802 200.0 141000
1681388738163 300.0 141500
1681388738374 400.0 142000
1681388738571 500.0 142500
1681388738946 600.0 143000
1681388739212 700.0 143500
1681388739384 800.0 144000
1681388739591 900.0 144500
1681388739805 1000.0 145000
1681388739987 1100.0 145500
1681388740161 1200.0 146000
1681388740344 1300.0 146500
1681388740526 1400.0 147000
1681388740702 1500.0 147500
1681388740874 1600.0 148000
1681388741046 1700.0 148500
1681388741225 1800.0 149000
1681388741402 1900.0 149500
1681388741580 2000.0 150000
1681388741771 100.0 150500
1681388741944 200.0 151000
1681388742118 300.0 151500
1681388742290 400.0 152000
1681388742485 500.0 152500
1681388742654 600.0 153000
1681388742821 700.0 153500
1681388742989 800.0 154000
1681388743157 900.0 154500
1681388743325 1000.0 155000
1681388743490 1100.0 155500
1681388743654 1200.0 156000
1681388743819 1300.0 156500
1681388743982 1400.0 157000
1681388744148 1500.0 157500
1681388744312 1600.0 158000
1681388744478 1700.0 158500
1681388744649 1800.0 159000
1681388744817 1900.0 159500
1681388744986 2000.0 160000
1681388745160 100.0 160500
1681388745327 200.0 161000
1681388745492 300.0 161500
1681388745655 400.0 162000
1681388745815 500.0 162500
1681388745979 600.0 163000
1681388746143 700.0 163500
1681388746308 800.0 164000
1681388746466 900.0 164500
1681388746624 1000.0 165000
1681388746779 1100.0 165500
1681388746935 1200.0 166000
1681388747093 1300.0 166500
1681388747248 1400.0 167000
1681388747412 1500.0 167500
1681388747561 1600.0 168000
1681388747713 1700.0 168500
1681388747866 1800.0 169000
1681388748018 1900.0 169500
1681388748168 2000.0 170000
1681388748324 100.0 170500
1681388748481 200.0 171000
1681388748632 300.0 171500
1681388748782 400.0 172000
1681388748940 500.0 172500
1681388749105 600.0 173000
1681388749258 700.0 173500
1681388749413 800.0 174000
1681388749564 900.0 174500
1681388749727 1000.0 175000
1681388749890 1100.0 175500
1681388750045 1200.0 176000
1681388750234 1300.0 176500
1681388750422 1400.0 177000
1681388750877 1500.0 177500
1681388751073 1600.0 178000
1681388751267 1700.0 178500
1681388751549 1800.0 179000
1681388752360 1900.0 179500
1681388752641 2000.0 180000
1681388752896 100.0 180500
1681388753366 200.0 181000
1681388753589 300.0 181500
1681388753864 400.0 182000
1681388754529 500.0 182500
1681388754918 600.0 183000
1681388755513 700.0 183500
1681388755759 800.0 184000
1681388756062 900.0 184500
1681388756605 1000.0 185000
1681388757008 1100.0 185500
1681388757302 1200.0 186000
1681388757817 1300.0 186500
1681388758124 1400.0 187000
1681388758481 1500.0 187500
1681388759000 1600.0 188000
1681388759439 1700.0 188500
1681388759800 1800.0 189000
1681388760764 1900.0 189500
1681388761241 2000.0 190000
1681388761854 100.0 190500
1681388762179 200.0 191000
1681388762600 300.0 191500
1681388762935 400.0 192000
1681388763499 500.0 192500
1681388763888 600.0 193000
1681388764743 700.0 193500
1681388765154 800.0 194000
1681388765945 900.0 194500
1681388766364 1000.0 195000
1681388767242 1100.0 195500
1681388767661 1200.0 196000
1681388768194 1300.0 196500
1681388768538 1400.0 197000
1681388769016 1500.0 197500
1681388769360 1600.0 198000
1681388770281 1700.0 198500
1681388770678 1800.0 199000
1681388771167 1900.0 199500
1681388772194 2000.0 200000
1681388772586 100.0 200500
1681388773329 200.0 201000
1681388773723 300.0 201500
1681388774432 400.0 202000
1681388774694 500.0 202500
1681388775058 600.0 203000
1681388775716 700.0 203500
1681388776303 800.0 204000
1681388777228 900.0 204500
1681388777871 1000.0 205000
1681388778232 1100.0 205500
1681388778787 1200.0 206000
1681388779041 1300.0 206500
1681388779621 1400.0 207000
1681388780385 1500.0 207500
1681388780694 1600.0 208000
1681388781120 1700.0 208500
1681388781726 1800.0 209000
1681388782391 1900.0 209500
1681388783248 2000.0 210000
1681388783857 100.0 210500
1681388784110 200.0 211000
1681388784796 300.0 211500
1681388785275 400.0 212000
1681388785656 500.0 212500
1681388785996 600.0 213000
1681388786245 700.0 213500
1681388786518 800.0 214000
1681388786788 900.0 214500
1681388787102 1000.0 215000
1681388787396 1100.0 215500
1681388788076 1200.0 216000
1681388788316 1300.0 216500
1681388788606 1400.0 217000
1681388789044 1500.0 217500
1681388789284 1600.0 218000
1681388789696 1700.0 218500
1681388789982 1800.0 219000
1681388790270 1900.0 219500
1681388790545 2000.0 220000
1681388790734 100.0 220500
1681388790984 200.0 221000
1681388791191 300.0 221500
1681388791376 400.0 222000
1681388791550 500.0 222500
1681388791788 600.0 223000
1681388791984 700.0 223500
1681388792155 800.0 224000
1681388792329 900.0 224500
1681388792528 1000.0 225000
1681388792712 1100.0 225500
1681388792891 1200.0 226000
1681388793064 1300.0 226500
1681388793236 1400.0 227000
1681388793400 1500.0 227500
1681388793581 1600.0 228000
1681388793750 1700.0 228500
1681388793918 1800.0 229000
1681388794087 1900.0 229500
1681388794299 2000.0 230000
1681388794481 100.0 230500
1681388794650 200.0 231000
1681388794816 300.0 231500
1681388794985 400.0 232000
1681388795155 500.0 232500
1681388795320 600.0 233000
1681388795488 700.0 233500
1681388795654 800.0 234000
1681388795821 900.0 234500
1681388795988 1000.0 235000
1681388796154 1100.0 235500
1681388796329 1200.0 236000
1681388796502 1300.0 236500
1681388796680 1400.0 237000
1681388796847 1500.0 237500
1681388797015 1600.0 238000
1681388797179 1700.0 238500
1681388797345 1800.0 239000
1681388797511 1900.0 239500
1681388797678 2000.0 240000
1681388797846 100.0 240500
1681388798014 200.0 241000
1681388798184 300.0 241500
1681388798353 400.0 242000
1681388798518 500.0 242500
1681388798684 600.0 243000
1681388798849 700.0 243500
1681388799016 800.0 244000
1681388799182 900.0 244500
1681388799347 1000.0 245000
1681388799515 1100.0 245500
1681388799677 1200.0 246000
1681388799842 1300.0 246500
1681388800005 1400.0 247000
1681388800167 1500.0 247500
1681388800331 1600.0 248000
1681388800490 1700.0 248500
1681388800648 1800.0 249000
1681388800808 1900.0 249500
1681388800965 2000.0 250000
1681388801121 100.0 250500
1681388801277 200.0 251000
1681388801429 300.0 251500
1681388801584 400.0 252000
1681388801735 500.0 252500
1681388801885 600.0 253000
1681388802035 700.0 253500
1681388802190 800.0 254000
1681388802341 900.0 254500
1681388802490 1000.0 255000
1681388802637 1100.0 255500
1681388802787 1200.0 256000
1681388802942 1300.0 256500
1681388803092 1400.0 257000
1681388803242 1500.0 257500
1681388803393 1600.0 258000
1681388803547 1700.0 258500
1681388803701 1800.0 259000
1681388803857 1900.0 259500
1681388804019 2000.0 260000
1681388804181 100.0 260500
1681388804345 200.0 261000
1681388804506 300.0 261500
1681388804666 400.0 262000
1681388804825 500.0 262500
1681388804984 600.0 263000
1681388805143 700.0 263500
1681388805301 800.0 264000
1681388805454 900.0 264500
1681388805608 1000.0 265000
1681388805763 1100.0 265500
1681388805913 1200.0 266000
1681388806068 1300.0 266500
1681388806224 1400.0 267000
1681388806382 1500.0 267500
1681388806539 1600.0 268000
1681388806698 1700.0 268500
1681388806858 1800.0 269000
1681388807015 1900.0 269500
1681388807169 2000.0 270000
1681388807330 100.0 270500
1681388807495 200.0 271000
1681388807656 300.0 271500
1681388807813 400.0 272000
1681388807971 500.0 272500
1681388808130 600.0 273000
1681388808294 700.0 273500
1681388808465 800.0 274000
1681388808621 900.0 274500
1681388808780 1000.0 275000
1681388808934 1100.0 275500
1681388809087 1200.0 276000
1681388809239 1300.0 276500
1681388809396 1400.0 277000
1681388809551 1500.0 277500
1681388809706 1600.0 278000
1681388809871 1700.0 278500
1681388810057 1800.0 279000
1681388810334 1900.0 279500
1681388810516 2000.0 280000
1681388810694 100.0 280500
1681388810857 200.0 281000
1681388811018 300.0 281500
1681388811181 400.0 282000
1681388811339 500.0 282500
1681388811503 600.0 283000
1681388811662 700.0 283500
1681388811821 800.0 284000
1681388811982 900.0 284500
1681388812142 1000.0 285000
1681388812303 1100.0 285500
1681388812460 1200.0 286000
1681388812623 1300.0 286500
1681388812777 1400.0 287000
1681388812926 1500.0 287500
1681388813079 1600.0 288000
1681388813232 1700.0 288500
1681388813385 1800.0 289000
1681388813545 1900.0 289500
1681388813705 2000.0 290000
1681388813895 100.0 290500
1681388814067 200.0 291000
1681388814243 300.0 291500
1681388814414 400.0 292000
1681388814601 500.0 292500
1681388814779 600.0 293000
1681388814987 700.0 293500
1681388815182 800.0 294000
1681388815397 900.0 294500
1681388815601 1000.0 295000
1681388815804 1100.0 295500
1681388816045 1200.0 296000
1681388816466 1300.0 296500
1681388817076 1400.0 297000
1681388817680 1500.0 297500
1681388818631 1600.0 298000
1681388819045 1700.0 298500
1681388819610 1800.0 299000
1681388820176 1900.0 299500
1681388821174 2000.0 300000
