1681388632733 0.0 500
1681388632995 0.0 1000
1681388633188 0.0 1500
1681388633370 0.0 2000
1681388633546 1.0 2500
1681388633725 1.0 3000
1681388633900 1.0 3500
1681388634082 1.0 4000
1681388634288 1.0 4500
1681388634484 2.0 5000
1681388634692 2.0 5500
1681388634887 2.0 6000
1681388635076 2.0 6500
1681388635271 2.0 7000
1681388635639 3.0 7500
1681388635869 3.0 8000
1681388636072 3.0 8500
1681388636268 3.0 9000
1681388636481 4.0 9500
1681388636711 4.0 10000
1681388636972 0.0 10500
1681388637265 0.0 11000
1681388637526 0.0 11500
1681388637805 1.0 12000
1681388638624 1.0 12500
1681388638936 2.0 13000
1681388639226 2.0 13500
1681388639502 2.0 14000
1681388639717 2.0 14500
1681388640043 3.0 15000
1681388640551 3.0 15500
1681388640752 4.0 16000
1681388640987 4.0 16500
1681388641184 4.0 17000
1681388641384 4.0 17500
1681388641684 4.0 18000
1681388641884 5.0 18500
1681388642181 5.0 19000
1681388642452 5.0 19500
1681388642706 5.0 20000
1681388643015 0.0 20500
1681388643221 0.0 21000
1681388643443 0.0 21500
1681388643640 0.0 22000
1681388643933 1.0 22500
1681388644124 1.0 23000
1681388644308 1.0 23500
1681388644526 1.0 24000
1681388644757 2.0 24500
1681388644989 2.0 25000
1681388645201 2.0 25500
1681388645385 2.0 26000
1681388645571 2.0 26500
1681388645765 3.0 27000
1681388645958 3.0 27500
1681388646171 3.0 28000
1681388646373 3.0 28500
1681388646564 3.0 29000
1681388646799 4.0 29500
1681388646999 4.0 30000
1681388647233 0.0 30500
1681388647441 0.0 31000
1681388647662 0.0 31500
1681388647859 0.0 32000
1681388648048 1.0 32500
1681388648254 1.0 33000
1681388648435 1.0 33500
1681388648681 1.0 34000
1681388648883 1.0 34500
1681388649099 2.0 35000
1681388649291 2.0 35500
1681388649477 2.0 36000
1681388649695 2.0 36500
1681388649878 2.0 37000
1681388650080 3.0 37500
1681388650277 3.0 38000
1681388650468 3.0 38500
1681388650689 3.0 39000
1681388650898 3.0 39500
1681388651122 4.0 40000
1681388651332 0.0 40500
1681388651518 0.0 41000
1681388651698 0.0 41500
1681388651881 0.0 42000
1681388652064 0.0 42500
1681388652246 1.0 43000
1681388652425 1.0 43500
1681388652598 1.0 44000
1681388652778 1.0 44500
1681388652958 1.0 45000
1681388653131 2.0 45500
1681388653305 2.0 46000
1681388653476 2.0 46500
1681388653653 2.0 47000
1681388653835 2.0 47500
1681388654025 2.0 48000
1681388654212 3.0 48500
1681388654424 3.0 49000
1681388654616 3.0 49500
1681388654868 3.0 50000
1681388655116 0.0 50500
1681388655379 0.0 51000
1681388655609 0.0 51500
1681388655865 0.0 52000
1681388656142 1.0 52500
1681388656753 1.0 53000
1681388657209 2.0 53500
1681388657992 3.0 54000
1681388658458 3.0 54500
1681388658760 3.0 55000
1681388659282 4.0 55500
1681388659742 4.0 56000
1681388660478 5.0 56500
1681388661202 6.0 57000
1681388661654 6.0 57500
1681388662055 7.0 58000
1681388662828 7.0 58500
1681388663590 8.0 59000
1681388664192 9.0 59500
1681388664699 9.0 60000
1681388665511 0.0 60500
1681388666312 1.0 61000
1681388667126 2.0 61500
1681388667837 3.0 62000
1681388668346 3.0 62500
1681388668821 4.0 63000
1681388669166 4.0 63500
1681388669925 5.0 64000
1681388670193 5.0 64500
1681388670727 6.0 65000
1681388671229 6.0 65500
1681388671877 7.0 66000
1681388672513 7.0 66500
1681388673199 8.0 67000
1681388673898 9.0 67500
1681388674457 9.0 68000
1681388675039 10.0 68500
1681388675368 10.0 69000
1681388676086 11.0 69500
1681388676947 12.0 70000
1681388677328 0.0 70500
1681388677906 0.0 71000
1681388678178 1.0 71500
1681388678456 1.0 72000
1681388678765 1.0 72500
1681388679022 2.0 73000
1681388679280 2.0 73500
1681388679756 2.0 74000
1681388680087 3.0 74500
1681388680315 3.0 75000
1681388680560 3.0 75500
1681388680788 3.0 76000
1681388680968 4.0 76500
1681388681164 4.0 77000
1681388681390 4.0 77500
1681388681626 4.0 78000
1681388681815 4.0 78500
1681388681989 5.0 79000
1681388682161 5.0 79500
1681388682336 5.0 80000
1681388682514 0.0 80500
1681388682695 0.0 81000
1681388682874 0.0 81500
1681388683053 0.0 82000
1681388683229 0.0 82500
1681388683397 1.0 83000
1681388683566 1.0 83500
1681388683740 1.0 84000
1681388683909 1.0 84500
1681388684078 1.0 85000
1681388684240 1.0 85500
1681388684407 2.0 86000
1681388684572 2.0 86500
1681388684742 2.0 87000
1681388684901 2.0 87500
1681388685063 2.0 88000
1681388685221 2.0 88500
1681388685384 3.0 89000
1681388685547 3.0 89500
1681388685717 3.0 90000
1681388685909 0.0 90500
1681388686132 0.0 91000
1681388686481 0.0 91500
1681388686836 1.0 92000
1681388687466 1.0 92500
1681388687867 2.0 93000
1681388688498 2.0 93500
1681388688906 3.0 94000
1681388689598 3.0 94500
1681388690044 4.0 95000
1681388690930 5.0 95500
1681388691404 5.0 96000
1681388691948 6.0 96500
1681388692334 6.0 97000
1681388693261 7.0 97500
1681388693718 7.0 98000
1681388694303 8.0 98500
1681388694651 8.0 99000
1681388695489 9.0 99500
1681388695968 10.0 100000
1681388696714 0.0 100500
1681388697123 1.0 101000
1681388697655 1.0 101500
1681388697978 2.0 102000
1681388698416 2.0 102500
1681388698765 2.0 103000
1681388699675 3.0 103500
1681388700322 4.0 104000
1681388701054 5.0 104500
1681388701483 5.0 105000
1681388702361 6.0 105500
1681388702825 6.0 106000
1681388703524 7.0 106500
1681388703955 7.0 107000
1681388704702 8.0 107500
1681388705140 9.0 108000
1681388705753 9.0 108500
1681388706151 10.0 109000
1681388706835 10.0 109500
1681388707227 11.0 110000
1681388708068 0.0 110500
1681388708560 1.0 111000
1681388709023 1.0 111500
1681388709572 2.0 112000
1681388709975 2.0 112500
1681388710352 3.0 113000
1681388711569 4.0 113500
1681388711915 4.0 114000
1681388712518 5.0 114500
1681388713023 5.0 115000
1681388713528 6.0 115500
1681388713998 6.0 116000
1681388714298 7.0 116500
1681388714555 7.0 117000
1681388714903 7.0 117500
1681388715324 8.0 118000
1681388715636 8.0 118500
1681388716309 9.0 119000
1681388716560 9.0 119500
1681388716935 9.0 120000
1681388717434 0.0 120500
1681388717966 1.0 121000
1681388718742 1.0 121500
1681388719299 2.0 122000
1681388720123 3.0 122500
1681388720383 3.0 123000
1681388720962 4.0 123500
1681388721372 4.0 124000
1681388721712 4.0 124500
1681388721995 5.0 125000
1681388722370 5.0 125500
1681388722618 5.0 126000
1681388722891 5.0 126500
1681388723109 6.0 127000
1681388723362 6.0 127500
1681388723602 6.0 128000
1681388724136 7.0 128500
1681388725057 8.0 129000
1681388725461 8.0 129500
1681388725927 8.0 130000
1681388726374 0.0 130500
1681388726899 0.0 131000
1681388727354 1.0 131500
1681388727748 1.0 132000
1681388728197 2.0 132500
1681388728435 2.0 133000
1681388729027 3.0 133500
1681388729493 3.0 134000
1681388730369 4.0 134500
1681388731090 5.0 135000
1681388731321 5.0 135500
1681388731883 5.0 136000
1681388732312 6.0 136500
1681388733221 7.0 137000
1681388733848 7.0 137500
1681388734766 8.0 138000
1681388735365 9.0 138500
1681388736084 10.0 139000
1681388736486 10.0 139500
1681388737009 11.0 140000
1681388737512 0.0 140500
1681388737803 0.0 141000
1681388738164 1.0 141500
1681388738375 1.0 142000
1681388738571 1.0 142500
1681388738947 1.0 143000
1681388739212 2.0 143500
1681388739384 2.0 144000
1681388739592 2.0 144500
1681388739805 2.0 145000
1681388739987 2.0 145500
1681388740162 3.0 146000
1681388740344 3.0 146500
1681388740527 3.0 147000
1681388740703 3.0 147500
1681388740874 3.0 148000
1681388741046 4.0 148500
1681388741226 4.0 149000
1681388741402 4.0 149500
1681388741580 4.0 150000
1681388741771 0.0 150500
1681388741945 0.0 151000
1681388742118 0.0 151500
1681388742290 0.0 152000
1681388742486 0.0 152500
1681388742654 1.0 153000
1681388742821 1.0 153500
1681388742990 1.0 154000
1681388743158 1.0 154500
1681388743326 1.0 155000
1681388743491 1.0 155500
1681388743654 2.0 156000
1681388743819 2.0 156500
1681388743983 2.0 157000
1681388744148 2.0 157500
1681388744312 2.0 158000
1681388744478 2.0 158500
1681388744650 3.0 159000
1681388744818 3.0 159500
1681388744987 3.0 160000
1681388745160 0.0 160500
1681388745327 0.0 161000
1681388745493 0.0 161500
1681388745655 0.0 162000
1681388745816 0.0 162500
1681388745979 0.0 163000
1681388746144 1.0 163500
1681388746308 1.0 164000
1681388746466 1.0 164500
1681388746624 1.0 165000
1681388746780 1.0 165500
1681388746935 1.0 166000
1681388747094 2.0 166500
1681388747248 2.0 167000
1681388747412 2.0 167500
1681388747561 2.0 168000
1681388747713 2.0 168500
1681388747866 2.0 169000
1681388748018 3.0 169500
1681388748168 3.0 170000
1681388748324 0.0 170500
1681388748481 0.0 171000
1681388748633 0.0 171500
1681388748782 0.0 172000
1681388748940 0.0 172500
1681388749105 0.0 173000
1681388749258 1.0 173500
1681388749413 1.0 174000
1681388749564 1.0 174500
1681388749728 1.0 175000
1681388749890 1.0 175500
1681388750046 1.0 176000
1681388750234 2.0 176500
1681388750422 2.0 177000
1681388750877 2.0 177500
1681388751074 2.0 178000
1681388751268 3.0 178500
1681388751549 3.0 179000
1681388752361 4.0 179500
1681388752641 4.0 180000
1681388752896 0.0 180500
1681388753366 0.0 181000
1681388753590 0.0 181500
1681388753865 1.0 182000
1681388754529 1.0 182500
1681388754918 2.0 183000
1681388755513 2.0 183500
1681388755759 3.0 184000
1681388756062 3.0 184500
1681388756606 3.0 185000
1681388757008 4.0 185500
1681388757302 4.0 186000
1681388757817 5.0 186500
1681388758124 5.0 187000
1681388758482 5.0 187500
1681388759000 6.0 188000
1681388759439 6.0 188500
1681388759801 7.0 189000
1681388760764 8.0 189500
1681388761242 8.0 190000
1681388761854 0.0 190500
1681388762180 0.0 191000
1681388762600 1.0 191500
1681388762935 1.0 192000
1681388763500 2.0 192500
1681388763888 2.0 193000
1681388764743 3.0 193500
1681388765155 3.0 194000
1681388765946 4.0 194500
1681388766364 5.0 195000
1681388767242 5.0 195500
1681388767662 6.0 196000
1681388768195 6.0 196500
1681388768538 7.0 197000
1681388769017 7.0 197500
1681388769361 8.0 198000
1681388770281 9.0 198500
1681388770678 9.0 199000
1681388771168 9.0 199500
1681388772194 10.0 200000
1681388772587 0.0 200500
1681388773329 1.0 201000
1681388773724 1.0 201500
1681388774432 2.0 202000
1681388774694 2.0 202500
1681388775059 2.0 203000
1681388775716 3.0 203500
1681388776304 4.0 204000
1681388777228 5.0 204500
1681388777872 5.0 205000
1681388778232 6.0 205500
1681388778787 6.0 206000
1681388779042 6.0 206500
1681388779621 7.0 207000
1681388780386 8.0 207500
1681388780694 8.0 208000
1681388781121 8.0 208500
1681388781726 9.0 209000
1681388782392 10.0 209500
1681388783248 11.0 210000
1681388783857 0.0 210500
1681388784110 0.0 211000
1681388784796 1.0 211500
1681388785275 2.0 212000
1681388785656 2.0 212500
1681388785996 2.0 213000
1681388786246 2.0 213500
1681388786518 3.0 214000
1681388786789 3.0 214500
1681388787102 3.0 215000
1681388787396 4.0 215500
1681388788077 4.0 216000
1681388788317 5.0 216500
1681388788607 5.0 217000
1681388789044 5.0 217500
1681388789285 6.0 218000
1681388789696 6.0 218500
1681388789983 6.0 219000
1681388790271 7.0 219500
1681388790546 7.0 220000
1681388790734 0.0 220500
1681388790985 0.0 221000
1681388791191 0.0 221500
1681388791376 0.0 222000
1681388791551 0.0 222500
1681388791789 1.0 223000
1681388791985 1.0 223500
1681388792155 1.0 224000
1681388792330 1.0 224500
1681388792528 1.0 225000
1681388792712 2.0 225500
1681388792892 2.0 226000
1681388793065 2.0 226500
1681388793236 2.0 227000
1681388793401 2.0 227500
1681388793582 3.0 228000
1681388793750 3.0 228500
1681388793919 3.0 229000
1681388794088 3.0 229500
1681388794299 3.0 230000
1681388794482 0.0 230500
1681388794650 0.0 231000
1681388794817 0.0 231500
1681388794985 0.0 232000
1681388795155 0.0 232500
1681388795320 1.0 233000
1681388795488 1.0 233500
1681388795655 1.0 234000
1681388795821 1.0 234500
1681388795988 1.0 235000
1681388796154 1.0 235500
1681388796329 2.0 236000
1681388796502 2.0 236500
1681388796680 2.0 237000
1681388796847 2.0 237500
1681388797016 2.0 238000
1681388797179 2.0 238500
1681388797346 3.0 239000
1681388797511 3.0 239500
1681388797678 3.0 240000
1681388797847 0.0 240500
1681388798014 0.0 241000
1681388798184 0.0 241500
1681388798353 0.0 242000
1681388798518 0.0 242500
1681388798684 0.0 243000
1681388798850 1.0 243500
1681388799017 1.0 244000
1681388799183 1.0 244500
1681388799348 1.0 245000
1681388799515 1.0 245500
1681388799677 1.0 246000
1681388799842 2.0 246500
1681388800006 2.0 247000
1681388800168 2.0 247500
1681388800331 2.0 248000
1681388800490 2.0 248500
1681388800649 2.0 249000
1681388800809 3.0 249500
1681388800965 3.0 250000
1681388801121 0.0 250500
1681388801277 0.0 251000
1681388801429 0.0 251500
1681388801585 0.0 252000
1681388801735 0.0 252500
1681388801886 0.0 253000
1681388802036 1.0 253500
1681388802191 1.0 254000
1681388802341 1.0 254500
1681388802490 1.0 255000
1681388802637 1.0 255500
1681388802788 1.0 256000
1681388802943 1.0 256500
1681388803092 2.0 257000
1681388803242 2.0 257500
1681388803394 2.0 258000
1681388803548 2.0 258500
1681388803701 2.0 259000
1681388803858 2.0 259500
1681388804020 3.0 260000
1681388804182 0.0 260500
1681388804345 0.0 261000
1681388804506 0.0 261500
1681388804666 0.0 262000
1681388804825 0.0 262500
1681388804985 0.0 263000
1681388805143 1.0 263500
1681388805302 1.0 264000
1681388805454 1.0 264500
1681388805609 1.0 265000
1681388805763 1.0 265500
1681388805914 1.0 266000
1681388806068 2.0 266500
1681388806224 2.0 267000
1681388806383 2.0 267500
1681388806540 2.0 268000
1681388806699 2.0 268500
1681388806858 2.0 269000
1681388807015 2.0 269500
1681388807170 3.0 270000
1681388807330 0.0 270500
1681388807495 0.0 271000
1681388807656 0.0 271500
1681388807813 0.0 272000
1681388807971 0.0 272500
1681388808130 0.0 273000
1681388808294 1.0 273500
1681388808466 1.0 274000
1681388808621 1.0 274500
1681388808781 1.0 275000
1681388808934 1.0 275500
1681388809087 1.0 276000
1681388809240 2.0 276500
1681388809396 2.0 277000
1681388809552 2.0 277500
1681388809707 2.0 278000
1681388809871 2.0 278500
1681388810057 2.0 279000
1681388810334 3.0 279500
1681388810516 3.0 280000
1681388810695 0.0 280500
1681388810857 0.0 281000
1681388811018 0.0 281500
1681388811182 0.0 282000
1681388811339 0.0 282500
1681388811504 0.0 283000
1681388811663 1.0 283500
1681388811822 1.0 284000
1681388811983 1.0 284500
1681388812142 1.0 285000
1681388812304 1.0 285500
1681388812461 1.0 286000
1681388812623 2.0 286500
1681388812777 2.0 287000
1681388812926 2.0 287500
1681388813079 2.0 288000
1681388813233 2.0 288500
1681388813385 2.0 289000
1681388813546 3.0 289500
1681388813705 3.0 290000
1681388813896 0.0 290500
1681388814068 0.0 291000
1681388814243 0.0 291500
1681388814415 0.0 292000
1681388814601 0.0 292500
1681388814780 1.0 293000
1681388814987 1.0 293500
1681388815182 1.0 294000
1681388815398 1.0 294500
1681388815601 1.0 295000
1681388815804 2.0 295500
1681388816045 2.0 296000
1681388816467 2.0 296500
1681388817076 3.0 297000
1681388817681 3.0 297500
1681388818631 4.0 298000
1681388819045 5.0 298500
1681388819610 5.0 299000
1681388820176 6.0 299500
1681388821175 7.0 300000
