1681388632734 500.0 500
1681388632995 1000.0 1000
1681388633189 1500.0 1500
1681388633371 2000.0 2000
1681388633547 2500.0 2500
1681388633725 3000.0 3000
1681388633901 3500.0 3500
1681388634083 4000.0 4000
1681388634289 4500.0 4500
1681388634484 5000.0 5000
1681388634693 5500.0 5500
1681388634888 6000.0 6000
1681388635076 6500.0 6500
1681388635271 7000.0 7000
1681388635640 7500.0 7500
1681388635869 8000.0 8000
1681388636072 8500.0 8500
1681388636268 9000.0 9000
1681388636481 9500.0 9500
1681388636711 10000.0 10000
1681388636973 10500.0 10500
1681388637265 11000.0 11000
1681388637526 11500.0 11500
1681388637805 12000.0 12000
1681388638624 12500.0 12500
1681388638937 13000.0 13000
1681388639226 13500.0 13500
1681388639503 14000.0 14000
1681388639718 14500.0 14500
1681388640044 15000.0 15000
1681388640551 15500.0 15500
1681388640752 16000.0 16000
1681388640987 16500.0 16500
1681388641184 17000.0 17000
1681388641384 17500.0 17500
1681388641684 18000.0 18000
1681388641885 18500.0 18500
1681388642181 19000.0 19000
1681388642453 19500.0 19500
1681388642706 20000.0 20000
1681388643015 20500.0 20500
1681388643221 21000.0 21000
1681388643444 21500.0 21500
1681388643641 22000.0 22000
1681388643933 22500.0 22500
1681388644125 23000.0 23000
1681388644308 23500.0 23500
1681388644527 24000.0 24000
1681388644757 24500.0 24500
1681388644989 25000.0 25000
1681388645201 25500.0 25500
1681388645385 26000.0 26000
1681388645572 26500.0 26500
1681388645765 27000.0 27000
1681388645958 27500.0 27500
1681388646172 28000.0 28000
1681388646374 28500.0 28500
1681388646565 29000.0 29000
1681388646800 29500.0 29500
1681388647000 30000.0 30000
1681388647234 30500.0 30500
1681388647441 31000.0 31000
1681388647662 31500.0 31500
1681388647859 32000.0 32000
1681388648048 32500.0 32500
1681388648254 33000.0 33000
1681388648435 33500.0 33500
1681388648682 34000.0 34000
1681388648884 34500.0 34500
1681388649099 35000.0 35000
1681388649291 35500.0 35500
1681388649477 36000.0 36000
1681388649696 36500.0 36500
1681388649878 37000.0 37000
1681388650080 37500.0 37500
1681388650277 38000.0 38000
1681388650468 38500.0 38500
1681388650689 39000.0 39000
1681388650898 39500.0 39500
1681388651122 40000.0 40000
1681388651333 40500.0 40500
1681388651518 41000.0 41000
1681388651699 41500.0 41500
1681388651882 42000.0 42000
1681388652065 42500.0 42500
1681388652246 43000.0 43000
1681388652425 43500.0 43500
1681388652599 44000.0 44000
1681388652778 44500.0 44500
1681388652959 45000.0 45000
1681388653132 45500.0 45500
1681388653305 46000.0 46000
1681388653477 46500.0 46500
1681388653654 47000.0 47000
1681388653836 47500.0 47500
1681388654026 48000.0 48000
1681388654212 48500.0 48500
1681388654425 49000.0 49000
1681388654617 49500.0 49500
1681388654868 50000.0 50000
1681388655117 50500.0 50500
1681388655379 51000.0 51000
1681388655610 51500.0 51500
1681388655865 52000.0 52000
1681388656143 52500.0 52500
1681388656753 53000.0 53000
1681388657209 53500.0 53500
1681388657992 54000.0 54000
1681388658459 54500.0 54500
1681388658761 55000.0 55000
1681388659282 55500.0 55500
1681388659743 56000.0 56000
1681388660479 56500.0 56500
1681388661202 57000.0 57000
1681388661654 57500.0 57500
1681388662056 58000.0 58000
1681388662829 58500.0 58500
1681388663590 59000.0 59000
1681388664193 59500.0 59500
1681388664700 60000.0 60000
1681388665511 60500.0 60500
1681388666312 61000.0 61000
1681388667127 61500.0 61500
1681388667837 62000.0 62000
1681388668346 62500.0 62500
1681388668821 63000.0 63000
1681388669166 63500.0 63500
1681388669926 64000.0 64000
1681388670193 64500.0 64500
1681388670727 65000.0 65000
1681388671229 65500.0 65500
1681388671878 66000.0 66000
1681388672513 66500.0 66500
1681388673200 67000.0 67000
1681388673898 67500.0 67500
1681388674458 68000.0 68000
1681388675040 68500.0 68500
1681388675369 69000.0 69000
1681388676087 69500.0 69500
1681388676947 70000.0 70000
1681388677328 70500.0 70500
1681388677906 71000.0 71000
1681388678178 71500.0 71500
1681388678456 72000.0 72000
1681388678765 72500.0 72500
1681388679023 73000.0 73000
1681388679280 73500.0 73500
1681388679757 74000.0 74000
1681388680087 74500.0 74500
1681388680316 75000.0 75000
1681388680561 75500.0 75500
1681388680789 76000.0 76000
1681388680969 76500.0 76500
1681388681165 77000.0 77000
1681388681391 77500.0 77500
1681388681626 78000.0 78000
1681388681815 78500.0 78500
1681388681989 79000.0 79000
1681388682162 79500.0 79500
1681388682336 80000.0 80000
1681388682514 80500.0 80500
1681388682695 81000.0 81000
1681388682875 81500.0 81500
1681388683054 82000.0 82000
1681388683230 82500.0 82500
1681388683397 83000.0 83000
1681388683567 83500.0 83500
1681388683741 84000.0 84000
1681388683909 84500.0 84500
1681388684079 85000.0 85000
1681388684240 85500.0 85500
1681388684407 86000.0 86000
1681388684573 86500.0 86500
1681388684742 87000.0 87000
1681388684902 87500.0 87500
1681388685063 88000.0 88000
1681388685221 88500.0 88500
1681388685384 89000.0 89000
1681388685547 89500.0 89500
1681388685717 90000.0 90000
1681388685910 90500.0 90500
1681388686132 91000.0 91000
1681388686481 91500.0 91500
1681388686837 92000.0 92000
1681388687467 92500.0 92500
1681388687867 93000.0 93000
1681388688499 93500.0 93500
1681388688906 94000.0 94000
1681388689599 94500.0 94500
1681388690044 95000.0 95000
1681388690931 95500.0 95500
1681388691405 96000.0 96000
1681388691948 96500.0 96500
1681388692334 97000.0 97000
1681388693261 97500.0 97500
1681388693719 98000.0 98000
1681388694303 98500.0 98500
1681388694651 99000.0 99000
1681388695489 99500.0 99500
1681388695968 100000.0 100000
1681388696714 100500.0 100500
1681388697123 101000.0 101000
1681388697656 101500.0 101500
1681388697978 102000.0 102000
1681388698416 102500.0 102500
1681388698765 103000.0 103000
1681388699675 103500.0 103500
1681388700322 104000.0 104000
1681388701054 104500.0 104500
1681388701483 105000.0 105000
1681388702362 105500.0 105500
1681388702825 106000.0 106000
1681388703524 106500.0 106500
1681388703956 107000.0 107000
1681388704702 107500.0 107500
1681388705140 108000.0 108000
1681388705754 108500.0 108500
1681388706151 109000.0 109000
1681388706835 109500.0 109500
1681388707227 110000.0 110000
1681388708068 110500.0 110500
1681388708560 111000.0 111000
1681388709023 111500.0 111500
1681388709573 112000.0 112000
1681388709976 112500.0 112500
1681388710353 113000.0 113000
1681388711570 113500.0 113500
1681388711915 114000.0 114000
1681388712518 114500.0 114500
1681388713024 115000.0 115000
1681388713529 115500.0 115500
1681388713998 116000.0 116000
1681388714298 116500.0 116500
1681388714555 117000.0 117000
1681388714903 117500.0 117500
1681388715324 118000.0 118000
1681388715636 118500.0 118500
1681388716310 119000.0 119000
1681388716560 119500.0 119500
1681388716935 120000.0 120000
1681388717434 120500.0 120500
1681388717966 121000.0 121000
1681388718742 121500.0 121500
1681388719300 122000.0 122000
1681388720123 122500.0 122500
1681388720383 123000.0 123000
1681388720962 123500.0 123500
1681388721373 124000.0 124000
1681388721712 124500.0 124500
1681388721995 125000.0 125000
1681388722370 125500.0 125500
1681388722619 126000.0 126000
1681388722892 126500.0 126500
1681388723109 127000.0 127000
1681388723363 127500.0 127500
1681388723602 128000.0 128000
1681388724136 128500.0 128500
1681388725058 129000.0 129000
1681388725462 129500.0 129500
1681388725927 130000.0 130000
1681388726374 130500.0 130500
1681388726900 131000.0 131000
1681388727355 131500.0 131500
1681388727749 132000.0 132000
1681388728198 132500.0 132500
1681388728435 133000.0 133000
1681388729027 133500.0 133500
1681388729493 134000.0 134000
1681388730370 134500.0 134500
1681388731091 135000.0 135000
1681388731322 135500.0 135500
1681388731883 136000.0 136000
1681388732313 136500.0 136500
1681388733221 137000.0 137000
1681388733848 137500.0 137500
1681388734766 138000.0 138000
1681388735366 138500.0 138500
1681388736084 139000.0 139000
1681388736486 139500.0 139500
1681388737009 140000.0 140000
1681388737513 140500.0 140500
1681388737803 141000.0 141000
1681388738164 141500.0 141500
1681388738375 142000.0 142000
1681388738571 142500.0 142500
1681388738947 143000.0 143000
1681388739212 143500.0 143500
1681388739384 144000.0 144000
1681388739592 144500.0 144500
1681388739806 145000.0 145000
1681388739987 145500.0 145500
1681388740162 146000.0 146000
1681388740345 146500.0 146500
1681388740527 147000.0 147000
1681388740703 147500.0 147500
1681388740875 148000.0 148000
1681388741047 148500.0 148500
1681388741226 149000.0 149000
1681388741403 149500.0 149500
1681388741581 150000.0 150000
1681388741771 150500.0 150500
1681388741945 151000.0 151000
1681388742119 151500.0 151500
1681388742291 152000.0 152000
1681388742486 152500.0 152500
1681388742655 153000.0 153000
1681388742821 153500.0 153500
1681388742990 154000.0 154000
1681388743158 154500.0 154500
1681388743326 155000.0 155000
1681388743491 155500.0 155500
1681388743655 156000.0 156000
1681388743820 156500.0 156500
1681388743983 157000.0 157000
1681388744148 157500.0 157500
1681388744313 158000.0 158000
1681388744479 158500.0 158500
1681388744650 159000.0 159000
1681388744818 159500.0 159500
1681388744987 160000.0 160000
1681388745160 160500.0 160500
1681388745328 161000.0 161000
1681388745493 161500.0 161500
1681388745656 162000.0 162000
1681388745816 162500.0 162500
1681388745980 163000.0 163000
1681388746144 163500.0 163500
1681388746309 164000.0 164000
1681388746467 164500.0 164500
1681388746625 165000.0 165000
1681388746780 165500.0 165500
1681388746935 166000.0 166000
1681388747094 166500.0 166500
1681388747249 167000.0 167000
1681388747412 167500.0 167500
1681388747562 168000.0 168000
1681388747714 168500.0 168500
1681388747867 169000.0 169000
1681388748018 169500.0 169500
1681388748168 170000.0 170000
1681388748325 170500.0 170500
1681388748482 171000.0 171000
1681388748633 171500.0 171500
1681388748782 172000.0 172000
1681388748940 172500.0 172500
1681388749105 173000.0 173000
1681388749259 173500.0 173500
1681388749414 174000.0 174000
1681388749564 174500.0 174500
1681388749728 175000.0 175000
1681388749891 175500.0 175500
1681388750046 176000.0 176000
1681388750235 176500.0 176500
1681388750423 177000.0 177000
1681388750878 177500.0 177500
1681388751074 178000.0 178000
1681388751268 178500.0 178500
1681388751550 179000.0 179000
1681388752361 179500.0 179500
1681388752642 180000.0 180000
1681388752897 180500.0 180500
1681388753367 181000.0 181000
1681388753590 181500.0 181500
1681388753865 182000.0 182000
1681388754530 182500.0 182500
1681388754919 183000.0 183000
1681388755513 183500.0 183500
1681388755760 184000.0 184000
1681388756062 184500.0 184500
1681388756606 185000.0 185000
1681388757009 185500.0 185500
1681388757303 186000.0 186000
1681388757817 186500.0 186500
1681388758125 187000.0 187000
1681388758482 187500.0 187500
1681388759001 188000.0 188000
1681388759439 188500.0 188500
1681388759801 189000.0 189000
1681388760765 189500.0 189500
1681388761242 190000.0 190000
1681388761855 190500.0 190500
1681388762180 191000.0 191000
1681388762601 191500.0 191500
1681388762936 192000.0 192000
1681388763500 192500.0 192500
1681388763889 193000.0 193000
1681388764744 193500.0 193500
1681388765155 194000.0 194000
1681388765946 194500.0 194500
1681388766365 195000.0 195000
1681388767243 195500.0 195500
1681388767662 196000.0 196000
1681388768195 196500.0 196500
1681388768539 197000.0 197000
1681388769017 197500.0 197500
1681388769361 198000.0 198000
1681388770281 198500.0 198500
1681388770678 199000.0 199000
1681388771168 199500.0 199500
1681388772195 200000.0 200000
1681388772587 200500.0 200500
1681388773330 201000.0 201000
1681388773724 201500.0 201500
1681388774433 202000.0 202000
1681388774694 202500.0 202500
1681388775059 203000.0 203000
1681388775717 203500.0 203500
1681388776305 204000.0 204000
1681388777229 204500.0 204500
1681388777872 205000.0 205000
1681388778233 205500.0 205500
1681388778787 206000.0 206000
1681388779042 206500.0 206500
1681388779622 207000.0 207000
1681388780387 207500.0 207500
1681388780695 208000.0 208000
1681388781121 208500.0 208500
1681388781727 209000.0 209000
1681388782392 209500.0 209500
1681388783249 210000.0 210000
1681388783857 210500.0 210500
1681388784111 211000.0 211000
1681388784796 211500.0 211500
1681388785276 212000.0 212000
1681388785657 212500.0 212500
1681388785997 213000.0 213000
1681388786247 213500.0 213500
1681388786519 214000.0 214000
1681388786789 214500.0 214500
1681388787103 215000.0 215000
1681388787397 215500.0 215500
1681388788077 216000.0 216000
1681388788317 216500.0 216500
1681388788607 217000.0 217000
1681388789044 217500.0 217500
1681388789285 218000.0 218000
1681388789696 218500.0 218500
1681388789983 219000.0 219000
1681388790271 219500.0 219500
1681388790546 220000.0 220000
1681388790734 220500.0 220500
1681388790985 221000.0 221000
1681388791192 221500.0 221500
1681388791377 222000.0 222000
1681388791551 222500.0 222500
1681388791789 223000.0 223000
1681388791985 223500.0 223500
1681388792156 224000.0 224000
1681388792330 224500.0 224500
1681388792529 225000.0 225000
1681388792712 225500.0 225500
1681388792892 226000.0 226000
1681388793065 226500.0 226500
1681388793237 227000.0 227000
1681388793401 227500.0 227500
1681388793582 228000.0 228000
1681388793751 228500.0 228500
1681388793919 229000.0 229000
1681388794088 229500.0 229500
1681388794299 230000.0 230000
1681388794482 230500.0 230500
1681388794651 231000.0 231000
1681388794817 231500.0 231500
1681388794986 232000.0 232000
1681388795155 232500.0 232500
1681388795321 233000.0 233000
1681388795488 233500.0 233500
1681388795655 234000.0 234000
1681388795822 234500.0 234500
1681388795988 235000.0 235000
1681388796154 235500.0 235500
1681388796330 236000.0 236000
1681388796502 236500.0 236500
1681388796680 237000.0 237000
1681388796848 237500.0 237500
1681388797016 238000.0 238000
1681388797180 238500.0 238500
1681388797346 239000.0 239000
1681388797512 239500.0 239500
1681388797679 240000.0 240000
1681388797847 240500.0 240500
1681388798014 241000.0 241000
1681388798185 241500.0 241500
1681388798354 242000.0 242000
1681388798519 242500.0 242500
1681388798684 243000.0 243000
1681388798850 243500.0 243500
1681388799017 244000.0 244000
1681388799183 244500.0 244500
1681388799348 245000.0 245000
1681388799515 245500.0 245500
1681388799678 246000.0 246000
1681388799843 246500.0 246500
1681388800006 247000.0 247000
1681388800168 247500.0 247500
1681388800332 248000.0 248000
1681388800491 248500.0 248500
1681388800649 249000.0 249000
1681388800809 249500.0 249500
1681388800966 250000.0 250000
1681388801121 250500.0 250500
1681388801278 251000.0 251000
1681388801430 251500.0 251500
1681388801585 252000.0 252000
1681388801735 252500.0 252500
1681388801886 253000.0 253000
1681388802036 253500.0 253500
1681388802191 254000.0 254000
1681388802342 254500.0 254500
1681388802491 255000.0 255000
1681388802638 255500.0 255500
1681388802788 256000.0 256000
1681388802943 256500.0 256500
1681388803093 257000.0 257000
1681388803243 257500.0 257500
1681388803394 258000.0 258000
1681388803548 258500.0 258500
1681388803702 259000.0 259000
1681388803858 259500.0 259500
1681388804020 260000.0 260000
1681388804182 260500.0 260500
1681388804345 261000.0 261000
1681388804507 261500.0 261500
1681388804667 262000.0 262000
1681388804826 262500.0 262500
1681388804985 263000.0 263000
1681388805144 263500.0 263500
1681388805302 264000.0 264000
1681388805455 264500.0 264500
1681388805609 265000.0 265000
1681388805763 265500.0 265500
1681388805914 266000.0 266000
1681388806069 266500.0 266500
1681388806224 267000.0 267000
1681388806383 267500.0 267500
1681388806540 268000.0 268000
1681388806699 268500.0 268500
1681388806859 269000.0 269000
1681388807015 269500.0 269500
1681388807170 270000.0 270000
1681388807330 270500.0 270500
1681388807496 271000.0 271000
1681388807657 271500.0 271500
1681388807814 272000.0 272000
1681388807971 272500.0 272500
1681388808131 273000.0 273000
1681388808295 273500.0 273500
1681388808466 274000.0 274000
1681388808622 274500.0 274500
1681388808781 275000.0 275000
1681388808935 275500.0 275500
1681388809088 276000.0 276000
1681388809240 276500.0 276500
1681388809396 277000.0 277000
1681388809552 277500.0 277500
1681388809707 278000.0 278000
1681388809872 278500.0 278500
1681388810058 279000.0 279000
1681388810335 279500.0 279500
1681388810517 280000.0 280000
1681388810695 280500.0 280500
1681388810858 281000.0 281000
1681388811019 281500.0 281500
1681388811182 282000.0 282000
1681388811340 282500.0 282500
1681388811504 283000.0 283000
1681388811663 283500.0 283500
1681388811822 284000.0 284000
1681388811983 284500.0 284500
1681388812143 285000.0 285000
1681388812304 285500.0 285500
1681388812461 286000.0 286000
1681388812624 286500.0 286500
1681388812778 287000.0 287000
1681388812927 287500.0 287500
1681388813080 288000.0 288000
1681388813233 288500.0 288500
1681388813385 289000.0 289000
1681388813546 289500.0 289500
1681388813706 290000.0 290000
1681388813896 290500.0 290500
1681388814068 291000.0 291000
1681388814243 291500.0 291500
1681388814415 292000.0 292000
1681388814602 292500.0 292500
1681388814780 293000.0 293000
1681388814988 293500.0 293500
1681388815182 294000.0 294000
1681388815398 294500.0 294500
1681388815602 295000.0 295000
1681388815804 295500.0 295500
1681388816046 296000.0 296000
1681388816467 296500.0 296500
1681388817077 297000.0 297000
1681388817681 297500.0 297500
1681388818631 298000.0 298000
1681388819046 298500.0 298500
1681388819611 299000.0 299000
1681388820176 299500.0 299500
1681388821175 300000.0 300000
