1681550400680 2041.0 500
1681550400871 2259.0 1000
1681550401067 2350.0 1500
1681550401248 2441.0 2000
1681550401428 2500.0 2500
1681550401617 2523.0 3000
1681550401829 2498.0 3500
1681550402027 2501.0 4000
1681550402244 2479.0 4500
1681550402458 2464.0 5000
1681550402804 2315.0 5500
1681550403497 1955.0 6000
1681550403815 1919.0 6500
1681550404047 1934.0 7000
1681550404404 1886.0 7500
1681550404647 1896.0 8000
1681550404854 1920.0 8500
1681550405097 1927.0 9000
1681550405324 1940.0 9500
1681550405578 1941.0 10000
1681550405843 2041.0 10500
1681550406160 1779.0 11000
1681550406515 1637.0 11500
1681550406801 1662.0 12000
1681550407079 1688.0 12500
1681550407407 1658.0 13000
1681550407634 1719.0 13500
1681550407866 1763.0 14000
1681550408065 1824.0 14500
1681550408510 1717.0 15000
1681550408971 1630.0 15500
1681550409203 1664.0 16000
1681550409432 1695.0 16500
1681550409633 1734.0 17000
1681550409874 1754.0 17500
1681550410112 1772.0 18000
1681550410582 1705.0 18500
1681550410977 1673.0 19000
1681550411184 1700.0 19500
1681550411382 1729.0 20000
1681550411592 2487.0 20500
1681550411824 2309.0 21000
1681550412015 2402.0 21500
1681550412231 2380.0 22000
1681550412437 2391.0 22500
1681550412624 2432.0 23000
1681550412870 2366.0 23500
1681550413074 2376.0 24000
1681550413282 2380.0 24500
1681550413647 2216.0 25000
1681550413959 2141.0 25500
1681550414197 2138.0 26000
1681550414405 2156.0 26500
1681550414627 2162.0 27000
1681550414881 2149.0 27500
1681550415085 2165.0 28000
1681550415291 2179.0 28500
1681550415516 2181.0 29000
1681550415839 2135.0 29500
1681550416113 2117.0 30000
1681550416316 2567.0 30500
1681550416504 2615.0 31000
1681550416700 2594.0 31500
1681550416897 2577.0 32000
1681550417088 2587.0 32500
1681550417286 2576.0 33000
1681550417489 2559.0 33500
1681550417679 2568.0 34000
1681550417868 2577.0 34500
1681550418114 2509.0 35000
1681550418313 2509.0 35500
1681550418595 2426.0 36000
1681550418798 2428.0 36500
1681550419052 2388.0 37000
1681550419268 2383.0 37500
1681550419492 2373.0 38000
1681550419772 2328.0 38500
1681550419966 2340.0 39000
1681550420158 2353.0 39500
1681550420383 2346.0 40000
1681550420587 2559.0 40500
1681550420781 2565.0 41000
1681550420970 2591.0 41500
1681550421155 2617.0 42000
1681550421374 2543.0 42500
1681550421571 2543.0 43000
1681550421851 2397.0 43500
1681550422121 2313.0 44000
1681550422319 2333.0 44500
1681550422554 2311.0 45000
1681550422840 2245.0 45500
1681550423037 2268.0 46000
1681550423259 2266.0 46500
1681550423450 2288.0 47000
1681550423692 2272.0 47500
1681550423912 2272.0 48000
1681550424094 2295.0 48500
1681550424280 2314.0 49000
1681550424468 2330.0 49500
1681550424655 2345.0 50000
1681550424839 2860.0 50500
1681550425026 2760.0 51000
1681550425206 2764.0 51500
1681550425387 2764.0 52000
1681550425566 2769.0 52500
1681550425742 2783.0 53000
1681550425917 2791.0 53500
1681550426094 2797.0 54000
1681550426275 2793.0 54500
1681550426454 2792.0 55000
1681550426630 2797.0 55500
1681550426812 2793.0 56000
1681550426996 2786.0 56500
1681550427182 2780.0 57000
1681550427372 2769.0 57500
1681550427598 2726.0 58000
1681550428054 2507.0 58500
1681550428947 2101.0 59000
1681550429332 2035.0 59500
1681550430084 1844.0 60000
1681550430414 1555.0 60500
1681550430956 1157.0 61000
1681550431347 1195.0 61500
1681550431973 1063.0 62000
1681550432308 1128.0 62500
1681550432857 1084.0 63000
1681550433132 1151.0 63500
1681550433760 1090.0 64000
1681550434579 1003.0 64500
1681550435021 1014.0 65000
1681550435527 1011.0 65500
1681550435859 1040.0 66000
1681550436105 1081.0 66500
1681550436323 1123.0 67000
1681550436574 1157.0 67500
1681550437032 1152.0 68000
1681550438258 1040.0 68500
1681550438489 1071.0 69000
1681550438705 1103.0 69500
1681550439193 1098.0 70000
1681550439908 707.0 70500
1681550440100 1113.0 71000
1681550440298 1367.0 71500
1681550440493 1549.0 72000
1681550440686 1684.0 72500
1681550440870 1798.0 73000
1681550441074 1869.0 73500
1681550441261 1942.0 74000
1681550441450 2001.0 74500
1681550441634 2055.0 75000
1681550441826 2095.0 75500
1681550442013 2134.0 76000
1681550442203 2165.0 76500
1681550442387 2197.0 77000
1681550442570 2226.0 77500
1681550442759 2248.0 78000
1681550442943 2272.0 78500
1681550443125 2293.0 79000
1681550443304 2315.0 79500
1681550443485 2334.0 80000
1681550443667 2884.0 80500
1681550443843 2862.0 81000
1681550444023 2838.0 81500
1681550444200 2833.0 82000
1681550444379 2826.0 82500
1681550444554 2829.0 83000
1681550444737 2816.0 83500
1681550444917 2810.0 84000
1681550445096 2809.0 84500
1681550445274 2808.0 85000
1681550445461 2796.0 85500
1681550445646 2787.0 86000
1681550445828 2784.0 86500
1681550446017 2774.0 87000
1681550446196 2776.0 87500
1681550446374 2778.0 88000
1681550446563 2769.0 88500
1681550446741 2771.0 89000
1681550446916 2776.0 89500
1681550447092 2778.0 90000
1681550447269 2976.0 90500
1681550447444 2911.0 91000
1681550447621 2884.0 91500
1681550447794 2883.0 92000
1681550447968 2882.0 92500
1681550448141 2883.0 93000
1681550448317 2878.0 93500
1681550448488 2882.0 94000
1681550448662 2882.0 94500
1681550448834 2884.0 95000
1681550449009 2881.0 95500
1681550449184 2879.0 96000
1681550449361 2875.0 96500
1681550449537 2872.0 97000
1681550449711 2873.0 97500
1681550449883 2875.0 98000
1681550450060 2872.0 98500
1681550450258 2851.0 99000
1681550450439 2846.0 99500
1681550450616 2844.0 100000
1681550450800 2859.0 100500
1681550450983 2788.0 101000
1681550451168 2763.0 101500
1681550451356 2735.0 102000
1681550451546 2714.0 102500
1681550451748 2671.0 103000
1681550451941 2659.0 103500
1681550452133 2651.0 104000
1681550452325 2646.0 104500
1681550452514 2646.0 105000
1681550452702 2648.0 105500
1681550452895 2642.0 106000
1681550453092 2634.0 106500
1681550453309 2607.0 107000
1681550453512 2597.0 107500
1681550453717 2586.0 108000
1681550453948 2558.0 108500
1681550454139 2561.0 109000
1681550454358 2544.0 109500
1681550454568 2535.0 110000
1681550454802 2218.0 110500
1681550455038 2171.0 111000
1681550455499 1628.0 111500
1681550455907 1503.0 112000
1681550456502 1298.0 112500
1681550456996 1240.0 113000
1681550457734 1108.0 113500
1681550458070 1145.0 114000
1681550458853 1052.0 114500
1681550459280 1063.0 115000
1681550460000 1014.0 115500
1681550460400 1030.0 116000
1681550461178 984.0 116500
1681550461630 992.0 117000
1681550462514 945.0 117500
1681550462977 952.0 118000
1681550463730 928.0 118500
1681550464142 940.0 119000
1681550464704 938.0 119500
1681550465099 950.0 120000
1681550465979 573.0 120500
1681550466400 774.0 121000
1681550467061 767.0 121500
1681550467446 855.0 122000
1681550468082 840.0 122500
1681550468499 884.0 123000
1681550469746 754.0 123500
1681550470274 774.0 124000
1681550471085 752.0 124500
1681550471511 780.0 125000
1681550472347 759.0 125500
1681550472797 780.0 126000
1681550473693 757.0 126500
1681550474144 774.0 127000
1681550474824 771.0 127500
1681550475219 791.0 128000
1681550475972 782.0 128500
1681550476391 797.0 129000
1681550477168 787.0 129500
1681550477583 801.0 130000
1681550478234 778.0 130500
1681550478612 980.0 131000
1681550479382 838.0 131500
1681550479872 877.0 132000
1681550481083 716.0 132500
1681550481799 713.0 133000
1681550482724 682.0 133500
1681550483061 731.0 134000
1681550483602 748.0 134500
1681550484021 777.0 135000
1681550484640 780.0 135500
1681550484912 819.0 136000
1681550485177 857.0 136500
1681550485459 889.0 137000
1681550485667 928.0 137500
1681550486092 941.0 138000
1681550486416 963.0 138500
1681550486645 994.0 139000
1681550486838 1027.0 139500
1681550487056 1056.0 140000
1681550487254 2720.0 140500
1681550487550 2081.0 141000
1681550487787 2093.0 141500
1681550487993 2168.0 142000
1681550488183 2246.0 142500
1681550488380 2288.0 143000
1681550488575 2327.0 143500
1681550488888 2200.0 144000
1681550489212 2100.0 144500
1681550489504 2054.0 145000
1681550489844 1983.0 145500
1681550490084 1990.0 146000
1681550490336 1990.0 146500
1681550490541 2016.0 147000
1681550490746 2040.0 147500
1681550490945 2064.0 148000
1681550491182 2067.0 148500
1681550491420 2069.0 149000
1681550491630 2083.0 149500
1681550491884 2077.0 150000
1681550492074 2775.0 150500
1681550492263 2709.0 151000
1681550492463 2641.0 151500
1681550492659 2613.0 152000
1681550492852 2609.0 152500
1681550493047 2600.0 153000
1681550493237 2604.0 153500
1681550493422 2617.0 154000
1681550493672 2529.0 154500
1681550493859 2543.0 155000
1681550494037 2566.0 155500
1681550494220 2578.0 156000
1681550494395 2598.0 156500
1681550494573 2612.0 157000
1681550494748 2627.0 157500
1681550494919 2644.0 158000
1681550495085 2663.0 158500
1681550495254 2677.0 159000
1681550495429 2687.0 159500
1681550495598 2699.0 160000
1681550495780 2888.0 160500
1681550495950 2914.0 161000
1681550496112 2967.0 161500
1681550496280 2968.0 162000
1681550496448 2971.0 162500
1681550496647 2884.0 163000
1681550496837 2845.0 163500
1681550497010 2850.0 164000
1681550497185 2856.0 164500
1681550497361 2850.0 165000
1681550497538 2848.0 165500
1681550497716 2845.0 166000
1681550497888 2848.0 166500
1681550498063 2850.0 167000
1681550498249 2838.0 167500
1681550498438 2825.0 168000
1681550498614 2826.0 168500
1681550498780 2836.0 169000
1681550498952 2840.0 169500
1681550499139 2831.0 170000
1681550499345 2527.0 170500
1681550499520 2685.0 171000
1681550499696 2735.0 171500
1681550499878 2739.0 172000
1681550500051 2767.0 172500
1681550500219 2800.0 173000
1681550500401 2792.0 173500
1681550500585 2783.0 174000
1681550500783 2751.0 174500
1681550500958 2762.0 175000
1681550501155 2740.0 175500
1681550501344 2732.0 176000
1681550501550 2705.0 176500
1681550501798 2641.0 177000
1681550501991 2637.0 177500
1681550502201 2621.0 178000
1681550502417 2601.0 178500
1681550502643 2574.0 179000
1681550502932 2510.0 179500
1681550503113 2522.0 180000
1681550503300 2813.0 180500
1681550503475 2838.0 181000
1681550503649 2845.0 181500
1681550503831 2821.0 182000
1681550504012 2808.0 182500
1681550504205 2774.0 183000
1681550504476 2584.0 183500
1681550504763 2437.0 184000
1681550504951 2461.0 184500
1681550505144 2473.0 185000
1681550505355 2462.0 185500
1681550505558 2463.0 186000
1681550505740 2483.0 186500
1681550505946 2478.0 187000
1681550506138 2487.0 187500
1681550506327 2495.0 188000
1681550506516 2504.0 188500
1681550506695 2518.0 189000
1681550506875 2531.0 189500
1681550507056 2542.0 190000
1681550507284 2277.0 190500
1681550507492 2337.0 191000
1681550507690 2396.0 191500
1681550507914 2356.0 192000
1681550508109 2393.0 192500
1681550508300 2428.0 193000
1681550508504 2430.0 193500
1681550508719 2418.0 194000
1681550508987 2340.0 194500
1681550509193 2348.0 195000
1681550509402 2352.0 195500
1681550509689 2285.0 196000
1681550510165 2096.0 196500
1681550510409 2092.0 197000
1681550510615 2112.0 197500
1681550510887 2092.0 198000
1681550511116 2097.0 198500
1681550511360 2095.0 199000
1681550511602 2093.0 199500
1681550511911 2063.0 200000
1681550512143 2233.0 200500
1681550512386 2143.0 201000
1681550512595 2222.0 201500
1681550512820 2222.0 202000
1681550513010 2291.0 202500
1681550513212 2322.0 203000
1681550513460 2271.0 203500
1681550513667 2288.0 204000
1681550513874 2302.0 204500
1681550514122 2270.0 205000
1681550514323 2288.0 205500
1681550514531 2297.0 206000
1681550514743 2302.0 206500
1681550514996 2275.0 207000
1681550515252 2250.0 207500
1681550515475 2250.0 208000
1681550515703 2246.0 208500
1681550515893 2265.0 209000
1681550516104 2270.0 209500
1681550516319 2273.0 210000
1681550516576 2013.0 210500
1681550516831 1986.0 211000
1681550517169 1781.0 211500
1681550517447 1785.0 212000
1681550517751 1755.0 212500
1681550518058 1732.0 213000
1681550518276 1796.0 213500
1681550518588 1769.0 214000
1681550518915 1739.0 214500
1681550519168 1760.0 215000
1681550519443 1764.0 215500
1681550519720 1768.0 216000
1681550519944 1797.0 216500
1681550520260 1780.0 217000
1681550520557 1773.0 217500
1681550520834 1775.0 218000
1681550521226 1735.0 218500
1681550521687 1679.0 219000
1681550521993 1676.0 219500
1681550522367 1655.0 220000
1681550522850 1055.0 220500
1681550523295 1088.0 221000
1681550523677 1153.0 221500
1681550524318 1029.0 222000
1681550524648 1100.0 222500
1681550525184 1068.0 223000
1681550525532 1109.0 223500
1681550525908 1132.0 224000
1681550526314 1142.0 224500
1681550526886 1108.0 225000
1681550527337 1108.0 225500
1681550528055 1056.0 226000
1681550528585 1047.0 226500
1681550529033 1051.0 227000
1681550529325 1079.0 227500
1681550529786 1079.0 228000
1681550530079 1103.0 228500
1681550530384 1123.0 229000
1681550530770 1131.0 229500
1681550531107 1145.0 230000
1681550531548 1156.0 230500
1681550532024 1101.0 231000
1681550532777 903.0 231500
1681550533148 984.0 232000
1681550533588 1011.0 232500
1681550533972 1050.0 233000
1681550534509 1031.0 233500
1681550534932 1048.0 234000
1681550535674 987.0 234500
1681550536173 988.0 235000
1681550536791 969.0 235500
1681550537209 984.0 236000
1681550537884 960.0 236500
1681550538319 971.0 237000
1681550538833 971.0 237500
1681550539371 969.0 238000
1681550540217 933.0 238500
1681550540648 944.0 239000
1681550541245 937.0 239500
1681550541688 945.0 240000
1681550542535 599.0 240500
1681550543017 759.0 241000
1681550543482 842.0 241500
1681550543992 873.0 242000
1681550544860 791.0 242500
1681550545329 827.0 243000
1681550545841 845.0 243500
1681550546306 868.0 244000
1681550546763 889.0 244500
1681550547592 848.0 245000
1681550547939 881.0 245500
1681550548493 883.0 246000
1681550548820 913.0 246500
1681550549146 940.0 247000
1681550550000 903.0 247500
1681550550368 923.0 248000
1681550551393 877.0 248500
1681550551715 898.0 249000
1681550552331 893.0 249500
1681550552746 905.0 250000
1681550553593 597.0 250500
1681550553953 835.0 251000
1681550554689 776.0 251500
1681550555108 850.0 252000
1681550555834 812.0 252500
1681550556281 850.0 253000
1681550557436 750.0 253500
1681550557811 791.0 254000
1681550558652 763.0 254500
1681550559023 797.0 255000
1681550559565 807.0 255500
1681550560028 825.0 256000
1681550560805 807.0 256500
1681550561232 825.0 257000
1681550561959 815.0 257500
1681550562332 835.0 258000
1681550562705 854.0 258500
1681550562983 880.0 259000
1681550563400 892.0 259500
1681550564026 887.0 260000
1681550564551 972.0 260500
1681550565242 829.0 261000
1681550565627 943.0 261500
1681550565877 1086.0 262000
1681550566435 1042.0 262500
1681550566966 1024.0 263000
1681550567524 1003.0 263500
1681550567885 1039.0 264000
1681550568124 1101.0 264500
1681550568606 1094.0 265000
1681550569000 1108.0 265500
1681550569595 1079.0 266000
1681550570018 1086.0 266500
1681550570354 1108.0 267000
1681550570826 1104.0 267500
1681550571090 1134.0 268000
1681550571414 1152.0 268500
1681550572079 1119.0 269000
1681550572523 1119.0 269500
1681550572900 1128.0 270000
1681550573253 1455.0 270500
1681550573720 1233.0 271000
1681550574449 974.0 271500
1681550574752 1085.0 272000
1681550575218 1082.0 272500
1681550575726 1065.0 273000
1681550576240 1050.0 273500
1681550576657 1067.0 274000
1681550577613 956.0 274500
1681550577913 999.0 275000
1681550578352 1010.0 275500
1681550578759 1026.0 276000
1681550579343 1010.0 276500
1681550579592 1047.0 277000
1681550579919 1069.0 277500
1681550580603 1039.0 278000
1681550581122 1034.0 278500
1681550581640 1030.0 279000
1681550581946 1051.0 279500
1681550582449 1048.0 280000
1681550583173 701.0 280500
1681550583701 805.0 281000
1681550584591 703.0 281500
1681550584963 799.0 282000
1681550585463 832.0 282500
1681550585699 926.0 283000
1681550585988 992.0 283500
1681550586462 999.0 284000
1681550587026 985.0 284500
1681550587528 986.0 285000
1681550588135 969.0 285500
1681550588567 982.0 286000
1681550589607 909.0 286500
1681550589932 936.0 287000
1681550590450 938.0 287500
1681550590789 960.0 288000
1681550591349 956.0 288500
1681550591548 990.0 289000
1681550591790 1018.0 289500
1681550592122 1034.0 290000
1681550592584 1107.0 290500
1681550593023 1123.0 291000
1681550593603 1021.0 291500
1681550594007 1066.0 292000
1681550594290 1158.0 292500
1681550594615 1208.0 293000
1681550595113 1174.0 293500
1681550595790 1093.0 294000
1681550596264 1089.0 294500
1681550596692 1096.0 295000
1681550597358 1052.0 295500
1681550597879 1044.0 296000
1681550598730 985.0 296500
1681550599415 961.0 297000
1681550599847 972.0 297500
1681550600246 986.0 298000
1681550600522 1013.0 298500
1681550601067 1007.0 299000
1681550602049 958.0 299500
1681550602544 960.0 300000
