1681550400681 100.0 500
1681550400872 200.0 1000
1681550401067 300.0 1500
1681550401248 400.0 2000
1681550401429 500.0 2500
1681550401618 600.0 3000
1681550401830 700.0 3500
1681550402028 800.0 4000
1681550402244 900.0 4500
1681550402458 1000.0 5000
1681550402805 1100.0 5500
1681550403497 1200.0 6000
1681550403816 1300.0 6500
1681550404047 1400.0 7000
1681550404404 1500.0 7500
1681550404647 1600.0 8000
1681550404854 1700.0 8500
1681550405097 1800.0 9000
1681550405324 1900.0 9500
1681550405578 2000.0 10000
1681550405844 100.0 10500
1681550406161 200.0 11000
1681550406516 300.0 11500
1681550406802 400.0 12000
1681550407079 500.0 12500
1681550407408 600.0 13000
1681550407635 700.0 13500
1681550407867 800.0 14000
1681550408065 900.0 14500
1681550408511 1000.0 15000
1681550408972 1100.0 15500
1681550409204 1200.0 16000
1681550409432 1300.0 16500
1681550409634 1400.0 17000
1681550409874 1500.0 17500
1681550410112 1600.0 18000
1681550410583 1700.0 18500
1681550410977 1800.0 19000
1681550411184 1900.0 19500
1681550411383 2000.0 20000
1681550411592 100.0 20500
1681550411824 200.0 21000
1681550412016 300.0 21500
1681550412231 400.0 22000
1681550412437 500.0 22500
1681550412624 600.0 23000
1681550412870 700.0 23500
1681550413075 800.0 24000
1681550413282 900.0 24500
1681550413647 1000.0 25000
1681550413960 1100.0 25500
1681550414198 1200.0 26000
1681550414405 1300.0 26500
1681550414628 1400.0 27000
1681550414881 1500.0 27500
1681550415086 1600.0 28000
1681550415291 1700.0 28500
1681550415517 1800.0 29000
1681550415839 1900.0 29500
1681550416113 2000.0 30000
1681550416317 100.0 30500
1681550416504 200.0 31000
1681550416700 300.0 31500
1681550416898 400.0 32000
1681550417088 500.0 32500
1681550417286 600.0 33000
1681550417490 700.0 33500
1681550417679 800.0 34000
1681550417868 900.0 34500
1681550418115 1000.0 35000
1681550418314 1100.0 35500
1681550418595 1200.0 36000
1681550418798 1300.0 36500
1681550419052 1400.0 37000
1681550419268 1500.0 37500
1681550419493 1600.0 38000
1681550419772 1700.0 38500
1681550419967 1800.0 39000
1681550420158 1900.0 39500
1681550420383 2000.0 40000
1681550420587 100.0 40500
1681550420781 200.0 41000
1681550420970 300.0 41500
1681550421156 400.0 42000
1681550421375 500.0 42500
1681550421571 600.0 43000
1681550421852 700.0 43500
1681550422121 800.0 44000
1681550422320 900.0 44500
1681550422554 1000.0 45000
1681550422841 1100.0 45500
1681550423037 1200.0 46000
1681550423259 1300.0 46500
1681550423450 1400.0 47000
1681550423693 1500.0 47500
1681550423913 1600.0 48000
1681550424094 1700.0 48500
1681550424281 1800.0 49000
1681550424468 1900.0 49500
1681550424656 2000.0 50000
1681550424839 100.0 50500
1681550425026 200.0 51000
1681550425207 300.0 51500
1681550425388 400.0 52000
1681550425567 500.0 52500
1681550425742 600.0 53000
1681550425918 700.0 53500
1681550426094 800.0 54000
1681550426275 900.0 54500
1681550426454 1000.0 55000
1681550426630 1100.0 55500
1681550426812 1200.0 56000
1681550426997 1300.0 56500
1681550427182 1400.0 57000
1681550427373 1500.0 57500
1681550427598 1600.0 58000
1681550428054 1700.0 58500
1681550428948 1800.0 59000
1681550429332 1900.0 59500
1681550430084 2000.0 60000
1681550430414 100.0 60500
1681550430957 200.0 61000
1681550431348 300.0 61500
1681550431973 400.0 62000
1681550432309 500.0 62500
1681550432858 600.0 63000
1681550433132 700.0 63500
1681550433760 800.0 64000
1681550434579 900.0 64500
1681550435022 1000.0 65000
1681550435528 1100.0 65500
1681550435860 1200.0 66000
1681550436105 1300.0 66500
1681550436324 1400.0 67000
1681550436575 1500.0 67500
1681550437032 1600.0 68000
1681550438258 1700.0 68500
1681550438489 1800.0 69000
1681550438705 1900.0 69500
1681550439194 2000.0 70000
1681550439909 100.0 70500
1681550440100 200.0 71000
1681550440299 300.0 71500
1681550440493 400.0 72000
1681550440686 500.0 72500
1681550440870 600.0 73000
1681550441074 700.0 73500
1681550441261 800.0 74000
1681550441450 900.0 74500
1681550441634 1000.0 75000
1681550441826 1100.0 75500
1681550442014 1200.0 76000
1681550442204 1300.0 76500
1681550442388 1400.0 77000
1681550442571 1500.0 77500
1681550442759 1600.0 78000
1681550442943 1700.0 78500
1681550443125 1800.0 79000
1681550443305 1900.0 79500
1681550443486 2000.0 80000
1681550443668 100.0 80500
1681550443844 200.0 81000
1681550444023 300.0 81500
1681550444200 400.0 82000
1681550444379 500.0 82500
1681550444555 600.0 83000
1681550444737 700.0 83500
1681550444918 800.0 84000
1681550445096 900.0 84500
1681550445275 1000.0 85000
1681550445462 1100.0 85500
1681550445647 1200.0 86000
1681550445828 1300.0 86500
1681550446018 1400.0 87000
1681550446196 1500.0 87500
1681550446374 1600.0 88000
1681550446563 1700.0 88500
1681550446741 1800.0 89000
1681550446916 1900.0 89500
1681550447093 2000.0 90000
1681550447269 100.0 90500
1681550447445 200.0 91000
1681550447621 300.0 91500
1681550447795 400.0 92000
1681550447968 500.0 92500
1681550448142 600.0 93000
1681550448317 700.0 93500
1681550448489 800.0 94000
1681550448662 900.0 94500
1681550448835 1000.0 95000
1681550449010 1100.0 95500
1681550449185 1200.0 96000
1681550449362 1300.0 96500
1681550449538 1400.0 97000
1681550449711 1500.0 97500
1681550449883 1600.0 98000
1681550450060 1700.0 98500
1681550450258 1800.0 99000
1681550450439 1900.0 99500
1681550450617 2000.0 100000
1681550450800 100.0 100500
1681550450984 200.0 101000
1681550451168 300.0 101500
1681550451356 400.0 102000
1681550451546 500.0 102500
1681550451748 600.0 103000
1681550451941 700.0 103500
1681550452134 800.0 104000
1681550452326 900.0 104500
1681550452514 1000.0 105000
1681550452702 1100.0 105500
1681550452896 1200.0 106000
1681550453093 1300.0 106500
1681550453310 1400.0 107000
1681550453513 1500.0 107500
1681550453718 1600.0 108000
1681550453948 1700.0 108500
1681550454139 1800.0 109000
1681550454358 1900.0 109500
1681550454569 2000.0 110000
1681550454803 100.0 110500
1681550455038 200.0 111000
1681550455499 300.0 111500
1681550455907 400.0 112000
1681550456503 500.0 112500
1681550456996 600.0 113000
1681550457735 700.0 113500
1681550458070 800.0 114000
1681550458853 900.0 114500
1681550459280 1000.0 115000
1681550460000 1100.0 115500
1681550460401 1200.0 116000
1681550461178 1300.0 116500
1681550461630 1400.0 117000
1681550462514 1500.0 117500
1681550462978 1600.0 118000
1681550463730 1700.0 118500
1681550464143 1800.0 119000
1681550464705 1900.0 119500
1681550465100 2000.0 120000
1681550465980 100.0 120500
1681550466401 200.0 121000
1681550467062 300.0 121500
1681550467447 400.0 122000
1681550468083 500.0 122500
1681550468499 600.0 123000
1681550469747 700.0 123500
1681550470275 800.0 124000
1681550471086 900.0 124500
1681550471512 1000.0 125000
1681550472347 1100.0 125500
1681550472797 1200.0 126000
1681550473694 1300.0 126500
1681550474144 1400.0 127000
1681550474824 1500.0 127500
1681550475220 1600.0 128000
1681550475973 1700.0 128500
1681550476391 1800.0 129000
1681550477168 1900.0 129500
1681550477584 2000.0 130000
1681550478235 100.0 130500
1681550478612 200.0 131000
1681550479382 300.0 131500
1681550479872 400.0 132000
1681550481083 500.0 132500
1681550481800 600.0 133000
1681550482724 700.0 133500
1681550483062 800.0 134000
1681550483603 900.0 134500
1681550484021 1000.0 135000
1681550484640 1100.0 135500
1681550484913 1200.0 136000
1681550485178 1300.0 136500
1681550485460 1400.0 137000
1681550485667 1500.0 137500
1681550486092 1600.0 138000
1681550486417 1700.0 138500
1681550486645 1800.0 139000
1681550486839 1900.0 139500
1681550487056 2000.0 140000
1681550487254 100.0 140500
1681550487551 200.0 141000
1681550487787 300.0 141500
1681550487993 400.0 142000
1681550488183 500.0 142500
1681550488381 600.0 143000
1681550488576 700.0 143500
1681550488889 800.0 144000
1681550489214 900.0 144500
1681550489505 1000.0 145000
1681550489844 1100.0 145500
1681550490085 1200.0 146000
1681550490336 1300.0 146500
1681550490542 1400.0 147000
1681550490746 1500.0 147500
1681550490945 1600.0 148000
1681550491182 1700.0 148500
1681550491422 1800.0 149000
1681550491631 1900.0 149500
1681550491884 2000.0 150000
1681550492074 100.0 150500
1681550492263 200.0 151000
1681550492463 300.0 151500
1681550492659 400.0 152000
1681550492852 500.0 152500
1681550493048 600.0 153000
1681550493238 700.0 153500
1681550493422 800.0 154000
1681550493673 900.0 154500
1681550493860 1000.0 155000
1681550494037 1100.0 155500
1681550494221 1200.0 156000
1681550494395 1300.0 156500
1681550494573 1400.0 157000
1681550494748 1500.0 157500
1681550494919 1600.0 158000
1681550495086 1700.0 158500
1681550495255 1800.0 159000
1681550495429 1900.0 159500
1681550495598 2000.0 160000
1681550495780 100.0 160500
1681550495950 200.0 161000
1681550496113 300.0 161500
1681550496281 400.0 162000
1681550496449 500.0 162500
1681550496647 600.0 163000
1681550496837 700.0 163500
1681550497011 800.0 164000
1681550497186 900.0 164500
1681550497361 1000.0 165000
1681550497538 1100.0 165500
1681550497716 1200.0 166000
1681550497889 1300.0 166500
1681550498063 1400.0 167000
1681550498249 1500.0 167500
1681550498439 1600.0 168000
1681550498614 1700.0 168500
1681550498781 1800.0 169000
1681550498954 1900.0 169500
1681550499139 2000.0 170000
1681550499346 100.0 170500
1681550499520 200.0 171000
1681550499697 300.0 171500
1681550499878 400.0 172000
1681550500052 500.0 172500
1681550500219 600.0 173000
1681550500401 700.0 173500
1681550500585 800.0 174000
1681550500784 900.0 174500
1681550500959 1000.0 175000
1681550501155 1100.0 175500
1681550501344 1200.0 176000
1681550501550 1300.0 176500
1681550501799 1400.0 177000
1681550501992 1500.0 177500
1681550502201 1600.0 178000
1681550502417 1700.0 178500
1681550502644 1800.0 179000
1681550502933 1900.0 179500
1681550503113 2000.0 180000
1681550503300 100.0 180500
1681550503475 200.0 181000
1681550503650 300.0 181500
1681550503832 400.0 182000
1681550504013 500.0 182500
1681550504205 600.0 183000
1681550504477 700.0 183500
1681550504764 800.0 184000
1681550504955 900.0 184500
1681550505144 1000.0 185000
1681550505356 1100.0 185500
1681550505558 1200.0 186000
1681550505740 1300.0 186500
1681550505947 1400.0 187000
1681550506138 1500.0 187500
1681550506328 1600.0 188000
1681550506516 1700.0 188500
1681550506696 1800.0 189000
1681550506875 1900.0 189500
1681550507056 2000.0 190000
1681550507284 100.0 190500
1681550507493 200.0 191000
1681550507691 300.0 191500
1681550507914 400.0 192000
1681550508109 500.0 192500
1681550508300 600.0 193000
1681550508505 700.0 193500
1681550508719 800.0 194000
1681550508988 900.0 194500
1681550509194 1000.0 195000
1681550509403 1100.0 195500
1681550509689 1200.0 196000
1681550510166 1300.0 196500
1681550510410 1400.0 197000
1681550510616 1500.0 197500
1681550510888 1600.0 198000
1681550511117 1700.0 198500
1681550511360 1800.0 199000
1681550511602 1900.0 199500
1681550511911 2000.0 200000
1681550512144 100.0 200500
1681550512387 200.0 201000
1681550512595 300.0 201500
1681550512820 400.0 202000
1681550513011 500.0 202500
1681550513212 600.0 203000
1681550513461 700.0 203500
1681550513668 800.0 204000
1681550513875 900.0 204500
1681550514122 1000.0 205000
1681550514324 1100.0 205500
1681550514531 1200.0 206000
1681550514744 1300.0 206500
1681550514997 1400.0 207000
1681550515252 1500.0 207500
1681550515476 1600.0 208000
1681550515703 1700.0 208500
1681550515893 1800.0 209000
1681550516104 1900.0 209500
1681550516319 2000.0 210000
1681550516576 100.0 210500
1681550516831 200.0 211000
1681550517170 300.0 211500
1681550517448 400.0 212000
1681550517752 500.0 212500
1681550518059 600.0 213000
1681550518276 700.0 213500
1681550518588 800.0 214000
1681550518915 900.0 214500
1681550519168 1000.0 215000
1681550519444 1100.0 215500
1681550519720 1200.0 216000
1681550519944 1300.0 216500
1681550520260 1400.0 217000
1681550520558 1500.0 217500
1681550520835 1600.0 218000
1681550521226 1700.0 218500
1681550521687 1800.0 219000
1681550521993 1900.0 219500
1681550522367 2000.0 220000
1681550522851 100.0 220500
1681550523295 200.0 221000
1681550523678 300.0 221500
1681550524319 400.0 222000
1681550524648 500.0 222500
1681550525184 600.0 223000
1681550525532 700.0 223500
1681550525908 800.0 224000
1681550526314 900.0 224500
1681550526886 1000.0 225000
1681550527337 1100.0 225500
1681550528056 1200.0 226000
1681550528585 1300.0 226500
1681550529033 1400.0 227000
1681550529326 1500.0 227500
1681550529787 1600.0 228000
1681550530080 1700.0 228500
1681550530385 1800.0 229000
1681550530771 1900.0 229500
1681550531108 2000.0 230000
1681550531549 100.0 230500
1681550532024 200.0 231000
1681550532777 300.0 231500
1681550533148 400.0 232000
1681550533588 500.0 232500
1681550533973 600.0 233000
1681550534509 700.0 233500
1681550534932 800.0 234000
1681550535675 900.0 234500
1681550536174 1000.0 235000
1681550536791 1100.0 235500
1681550537209 1200.0 236000
1681550537885 1300.0 236500
1681550538320 1400.0 237000
1681550538833 1500.0 237500
1681550539371 1600.0 238000
1681550540218 1700.0 238500
1681550540649 1800.0 239000
1681550541245 1900.0 239500
1681550541688 2000.0 240000
1681550542536 100.0 240500
1681550543018 200.0 241000
1681550543483 300.0 241500
1681550543993 400.0 242000
1681550544861 500.0 242500
1681550545329 600.0 243000
1681550545842 700.0 243500
1681550546306 800.0 244000
1681550546764 900.0 244500
1681550547592 1000.0 245000
1681550547939 1100.0 245500
1681550548493 1200.0 246000
1681550548820 1300.0 246500
1681550549147 1400.0 247000
1681550550000 1500.0 247500
1681550550369 1600.0 248000
1681550551393 1700.0 248500
1681550551716 1800.0 249000
1681550552332 1900.0 249500
1681550552747 2000.0 250000
1681550553594 100.0 250500
1681550553953 200.0 251000
1681550554690 300.0 251500
1681550555108 400.0 252000
1681550555835 500.0 252500
1681550556282 600.0 253000
1681550557437 700.0 253500
1681550557811 800.0 254000
1681550558653 900.0 254500
1681550559026 1000.0 255000
1681550559566 1100.0 255500
1681550560028 1200.0 256000
1681550560805 1300.0 256500
1681550561232 1400.0 257000
1681550561959 1500.0 257500
1681550562333 1600.0 258000
1681550562706 1700.0 258500
1681550562983 1800.0 259000
1681550563401 1900.0 259500
1681550564026 2000.0 260000
1681550564552 100.0 260500
1681550565243 200.0 261000
1681550565628 300.0 261500
1681550565878 400.0 262000
1681550566437 500.0 262500
1681550566967 600.0 263000
1681550567524 700.0 263500
1681550567885 800.0 264000
1681550568124 900.0 264500
1681550568607 1000.0 265000
1681550569001 1100.0 265500
1681550569595 1200.0 266000
1681550570018 1300.0 266500
1681550570354 1400.0 267000
1681550570827 1500.0 267500
1681550571090 1600.0 268000
1681550571415 1700.0 268500
1681550572079 1800.0 269000
1681550572524 1900.0 269500
1681550572900 2000.0 270000
1681550573253 100.0 270500
1681550573720 200.0 271000
1681550574450 300.0 271500
1681550574752 400.0 272000
1681550575219 500.0 272500
1681550575726 600.0 273000
1681550576240 700.0 273500
1681550576657 800.0 274000
1681550577613 900.0 274500
1681550577914 1000.0 275000
1681550578353 1100.0 275500
1681550578759 1200.0 276000
1681550579343 1300.0 276500
1681550579593 1400.0 277000
1681550579919 1500.0 277500
1681550580603 1600.0 278000
1681550581122 1700.0 278500
1681550581640 1800.0 279000
1681550581947 1900.0 279500
1681550582450 2000.0 280000
1681550583173 100.0 280500
1681550583702 200.0 281000
1681550584592 300.0 281500
1681550584963 400.0 282000
1681550585463 500.0 282500
1681550585700 600.0 283000
1681550585988 700.0 283500
1681550586463 800.0 284000
1681550587027 900.0 284500
1681550587529 1000.0 285000
1681550588135 1100.0 285500
1681550588567 1200.0 286000
1681550589607 1300.0 286500
1681550589933 1400.0 287000
1681550590451 1500.0 287500
1681550590789 1600.0 288000
1681550591349 1700.0 288500
1681550591549 1800.0 289000
1681550591791 1900.0 289500
1681550592123 2000.0 290000
1681550592585 100.0 290500
1681550593023 200.0 291000
1681550593603 300.0 291500
1681550594008 400.0 292000
1681550594291 500.0 292500
1681550594616 600.0 293000
1681550595114 700.0 293500
1681550595791 800.0 294000
1681550596264 900.0 294500
1681550596692 1000.0 295000
1681550597359 1100.0 295500
1681550597879 1200.0 296000
1681550598731 1300.0 296500
1681550599415 1400.0 297000
1681550599848 1500.0 297500
1681550600247 1600.0 298000
1681550600523 1700.0 298500
1681550601068 1800.0 299000
1681550602049 1900.0 299500
1681550602544 2000.0 300000
