1681550400681 0.0 500
1681550400872 0.0 1000
1681550401067 0.0 1500
1681550401249 0.0 2000
1681550401429 0.0 2500
1681550401618 1.0 3000
1681550401830 1.0 3500
1681550402028 1.0 4000
1681550402245 1.0 4500
1681550402458 2.0 5000
1681550402806 2.0 5500
1681550403498 3.0 6000
1681550403816 3.0 6500
1681550404048 3.0 7000
1681550404405 3.0 7500
1681550404648 4.0 8000
1681550404855 4.0 8500
1681550405097 4.0 9000
1681550405325 4.0 9500
1681550405579 5.0 10000
1681550405844 0.0 10500
1681550406161 0.0 11000
1681550406516 0.0 11500
1681550406802 1.0 12000
1681550407080 1.0 12500
1681550407408 1.0 13000
1681550407635 2.0 13500
1681550407867 2.0 14000
1681550408065 2.0 14500
1681550408511 2.0 15000
1681550408972 3.0 15500
1681550409204 3.0 16000
1681550409433 3.0 16500
1681550409634 4.0 17000
1681550409875 4.0 17500
1681550410112 4.0 18000
1681550410583 4.0 18500
1681550410978 5.0 19000
1681550411185 5.0 19500
1681550411383 5.0 20000
1681550411593 0.0 20500
1681550411825 0.0 21000
1681550412016 0.0 21500
1681550412232 0.0 22000
1681550412437 1.0 22500
1681550412625 1.0 23000
1681550412870 1.0 23500
1681550413075 1.0 24000
1681550413282 1.0 24500
1681550413648 2.0 25000
1681550413960 2.0 25500
1681550414198 2.0 26000
1681550414406 3.0 26500
1681550414628 3.0 27000
1681550414881 3.0 27500
1681550415086 3.0 28000
1681550415292 3.0 28500
1681550415517 4.0 29000
1681550415840 4.0 29500
1681550416114 4.0 30000
1681550416317 0.0 30500
1681550416505 0.0 31000
1681550416701 0.0 31500
1681550416898 0.0 32000
1681550417089 0.0 32500
1681550417286 1.0 33000
1681550417490 1.0 33500
1681550417680 1.0 34000
1681550417868 1.0 34500
1681550418115 1.0 35000
1681550418314 2.0 35500
1681550418595 2.0 36000
1681550418799 2.0 36500
1681550419053 2.0 37000
1681550419269 3.0 37500
1681550419493 3.0 38000
1681550419773 3.0 38500
1681550419967 3.0 39000
1681550420159 4.0 39500
1681550420384 4.0 40000
1681550420588 0.0 40500
1681550420782 0.0 41000
1681550420971 0.0 41500
1681550421156 0.0 42000
1681550421375 0.0 42500
1681550421572 1.0 43000
1681550421852 1.0 43500
1681550422121 1.0 44000
1681550422320 1.0 44500
1681550422555 2.0 45000
1681550422841 2.0 45500
1681550423037 2.0 46000
1681550423260 2.0 46500
1681550423451 3.0 47000
1681550423693 3.0 47500
1681550423913 3.0 48000
1681550424095 3.0 48500
1681550424281 3.0 49000
1681550424469 4.0 49500
1681550424656 4.0 50000
1681550424839 0.0 50500
1681550425027 0.0 51000
1681550425207 0.0 51500
1681550425388 0.0 52000
1681550425567 0.0 52500
1681550425743 1.0 53000
1681550425918 1.0 53500
1681550426094 1.0 54000
1681550426276 1.0 54500
1681550426455 1.0 55000
1681550426630 1.0 55500
1681550426813 2.0 56000
1681550426997 2.0 56500
1681550427183 2.0 57000
1681550427373 2.0 57500
1681550427599 2.0 58000
1681550428055 3.0 58500
1681550428948 4.0 59000
1681550429332 4.0 59500
1681550430085 5.0 60000
1681550430414 0.0 60500
1681550430957 0.0 61000
1681550431348 1.0 61500
1681550431974 1.0 62000
1681550432309 2.0 62500
1681550432858 2.0 63000
1681550433133 3.0 63500
1681550433760 3.0 64000
1681550434580 4.0 64500
1681550435022 4.0 65000
1681550435528 5.0 65500
1681550435860 5.0 66000
1681550436106 6.0 66500
1681550436324 6.0 67000
1681550436575 6.0 67500
1681550437033 6.0 68000
1681550438258 8.0 68500
1681550438490 8.0 69000
1681550438705 8.0 69500
1681550439194 9.0 70000
1681550439909 0.0 70500
1681550440101 0.0 71000
1681550440299 1.0 71500
1681550440494 1.0 72000
1681550440687 1.0 72500
1681550440871 1.0 73000
1681550441074 1.0 73500
1681550441262 2.0 74000
1681550441451 2.0 74500
1681550441635 2.0 75000
1681550441827 2.0 75500
1681550442014 2.0 76000
1681550442204 3.0 76500
1681550442388 3.0 77000
1681550442571 3.0 77500
1681550442760 3.0 78000
1681550442944 3.0 78500
1681550443126 3.0 79000
1681550443305 4.0 79500
1681550443486 4.0 80000
1681550443668 0.0 80500
1681550443844 0.0 81000
1681550444023 0.0 81500
1681550444201 0.0 82000
1681550444380 0.0 82500
1681550444555 1.0 83000
1681550444738 1.0 83500
1681550444918 1.0 84000
1681550445097 1.0 84500
1681550445275 1.0 85000
1681550445462 1.0 85500
1681550445647 2.0 86000
1681550445829 2.0 86500
1681550446018 2.0 87000
1681550446196 2.0 87500
1681550446375 2.0 88000
1681550446564 3.0 88500
1681550446742 3.0 89000
1681550446916 3.0 89500
1681550447093 3.0 90000
1681550447270 0.0 90500
1681550447445 0.0 91000
1681550447622 0.0 91500
1681550447795 0.0 92000
1681550447969 0.0 92500
1681550448142 1.0 93000
1681550448317 1.0 93500
1681550448489 1.0 94000
1681550448663 1.0 94500
1681550448835 1.0 95000
1681550449010 1.0 95500
1681550449185 2.0 96000
1681550449362 2.0 96500
1681550449538 2.0 97000
1681550449711 2.0 97500
1681550449884 2.0 98000
1681550450061 2.0 98500
1681550450258 3.0 99000
1681550450439 3.0 99500
1681550450617 3.0 100000
1681550450800 0.0 100500
1681550450984 0.0 101000
1681550451168 0.0 101500
1681550451357 0.0 102000
1681550451547 0.0 102500
1681550451749 1.0 103000
1681550451942 1.0 103500
1681550452134 1.0 104000
1681550452326 1.0 104500
1681550452515 1.0 105000
1681550452703 2.0 105500
1681550452896 2.0 106000
1681550453093 2.0 106500
1681550453310 2.0 107000
1681550453513 2.0 107500
1681550453718 3.0 108000
1681550453949 3.0 108500
1681550454140 3.0 109000
1681550454359 3.0 109500
1681550454569 3.0 110000
1681550454803 0.0 110500
1681550455039 0.0 111000
1681550455499 0.0 111500
1681550455908 1.0 112000
1681550456503 1.0 112500
1681550456997 2.0 113000
1681550457735 3.0 113500
1681550458071 3.0 114000
1681550458853 4.0 114500
1681550459280 4.0 115000
1681550460001 5.0 115500
1681550460401 5.0 116000
1681550461179 6.0 116500
1681550461631 7.0 117000
1681550462514 7.0 117500
1681550462978 8.0 118000
1681550463731 9.0 118500
1681550464143 9.0 119000
1681550464705 10.0 119500
1681550465100 10.0 120000
1681550465980 0.0 120500
1681550466401 1.0 121000
1681550467062 1.0 121500
1681550467447 2.0 122000
1681550468083 2.0 122500
1681550468500 3.0 123000
1681550469747 4.0 123500
1681550470275 5.0 124000
1681550471086 5.0 124500
1681550471512 6.0 125000
1681550472348 7.0 125500
1681550472798 7.0 126000
1681550473694 8.0 126500
1681550474145 9.0 127000
1681550474825 9.0 127500
1681550475220 10.0 128000
1681550475973 10.0 128500
1681550476392 11.0 129000
1681550477169 12.0 129500
1681550477584 12.0 130000
1681550478235 0.0 130500
1681550478613 1.0 131000
1681550479383 1.0 131500
1681550479873 2.0 132000
1681550481084 3.0 132500
1681550481800 4.0 133000
1681550482725 5.0 133500
1681550483062 5.0 134000
1681550483603 6.0 134500
1681550484022 6.0 135000
1681550484640 7.0 135500
1681550484913 7.0 136000
1681550485178 7.0 136500
1681550485460 7.0 137000
1681550485668 8.0 137500
1681550486093 8.0 138000
1681550486417 8.0 138500
1681550486646 9.0 139000
1681550486839 9.0 139500
1681550487057 9.0 140000
1681550487255 0.0 140500
1681550487551 0.0 141000
1681550487788 0.0 141500
1681550487994 0.0 142000
1681550488184 1.0 142500
1681550488381 1.0 143000
1681550488576 1.0 143500
1681550488889 1.0 144000
1681550489215 2.0 144500
1681550489505 2.0 145000
1681550489845 2.0 145500
1681550490085 3.0 146000
1681550490337 3.0 146500
1681550490542 3.0 147000
1681550490747 3.0 147500
1681550490946 3.0 148000
1681550491183 4.0 148500
1681550491423 4.0 149000
1681550491634 4.0 149500
1681550491884 4.0 150000
1681550492074 0.0 150500
1681550492264 0.0 151000
1681550492464 0.0 151500
1681550492660 0.0 152000
1681550492853 0.0 152500
1681550493048 1.0 153000
1681550493238 1.0 153500
1681550493422 1.0 154000
1681550493673 1.0 154500
1681550493860 1.0 155000
1681550494038 2.0 155500
1681550494221 2.0 156000
1681550494396 2.0 156500
1681550494573 2.0 157000
1681550494749 2.0 157500
1681550494920 3.0 158000
1681550495086 3.0 158500
1681550495255 3.0 159000
1681550495430 3.0 159500
1681550495599 3.0 160000
1681550495781 0.0 160500
1681550495951 0.0 161000
1681550496113 0.0 161500
1681550496281 0.0 162000
1681550496449 0.0 162500
1681550496648 1.0 163000
1681550496838 1.0 163500
1681550497011 1.0 164000
1681550497186 1.0 164500
1681550497362 1.0 165000
1681550497539 1.0 165500
1681550497717 2.0 166000
1681550497889 2.0 166500
1681550498064 2.0 167000
1681550498249 2.0 167500
1681550498439 2.0 168000
1681550498615 3.0 168500
1681550498781 3.0 169000
1681550498955 3.0 169500
1681550499140 3.0 170000
1681550499346 0.0 170500
1681550499521 0.0 171000
1681550499697 0.0 171500
1681550499879 0.0 172000
1681550500052 0.0 172500
1681550500220 1.0 173000
1681550500402 1.0 173500
1681550500586 1.0 174000
1681550500784 1.0 174500
1681550500959 1.0 175000
1681550501156 2.0 175500
1681550501345 2.0 176000
1681550501551 2.0 176500
1681550501799 2.0 177000
1681550501992 2.0 177500
1681550502202 3.0 178000
1681550502418 3.0 178500
1681550502645 3.0 179000
1681550502933 3.0 179500
1681550503114 3.0 180000
1681550503301 0.0 180500
1681550503476 0.0 181000
1681550503650 0.0 181500
1681550503832 0.0 182000
1681550504013 0.0 182500
1681550504206 1.0 183000
1681550504477 1.0 183500
1681550504764 1.0 184000
1681550504957 1.0 184500
1681550505145 2.0 185000
1681550505356 2.0 185500
1681550505559 2.0 186000
1681550505741 2.0 186500
1681550505947 2.0 187000
1681550506139 3.0 187500
1681550506328 3.0 188000
1681550506517 3.0 188500
1681550506696 3.0 189000
1681550506876 3.0 189500
1681550507056 3.0 190000
1681550507285 0.0 190500
1681550507493 0.0 191000
1681550507691 0.0 191500
1681550507915 0.0 192000
1681550508110 1.0 192500
1681550508301 1.0 193000
1681550508505 1.0 193500
1681550508719 1.0 194000
1681550508988 1.0 194500
1681550509194 2.0 195000
1681550509403 2.0 195500
1681550509690 2.0 196000
1681550510166 3.0 196500
1681550510410 3.0 197000
1681550510616 3.0 197500
1681550510888 3.0 198000
1681550511117 4.0 198500
1681550511361 4.0 199000
1681550511603 4.0 199500
1681550511912 4.0 200000
1681550512144 0.0 200500
1681550512387 0.0 201000
1681550512595 0.0 201500
1681550512820 0.0 202000
1681550513011 1.0 202500
1681550513213 1.0 203000
1681550513461 1.0 203500
1681550513668 1.0 204000
1681550513875 1.0 204500
1681550514122 2.0 205000
1681550514324 2.0 205500
1681550514532 2.0 206000
1681550514744 2.0 206500
1681550514997 3.0 207000
1681550515253 3.0 207500
1681550515476 3.0 208000
1681550515704 3.0 208500
1681550515894 3.0 209000
1681550516105 4.0 209500
1681550516320 4.0 210000
1681550516576 0.0 210500
1681550516832 0.0 211000
1681550517170 0.0 211500
1681550517448 1.0 212000
1681550517752 1.0 212500
1681550518059 1.0 213000
1681550518276 1.0 213500
1681550518588 2.0 214000
1681550518916 2.0 214500
1681550519169 2.0 215000
1681550519444 3.0 215500
1681550519721 3.0 216000
1681550519945 3.0 216500
1681550520261 3.0 217000
1681550520559 4.0 217500
1681550520835 4.0 218000
1681550521226 4.0 218500
1681550521688 5.0 219000
1681550521994 5.0 219500
1681550522367 6.0 220000
1681550522851 0.0 220500
1681550523296 0.0 221000
1681550523678 1.0 221500
1681550524319 1.0 222000
1681550524649 2.0 222500
1681550525185 2.0 223000
1681550525532 3.0 223500
1681550525909 3.0 224000
1681550526315 3.0 224500
1681550526887 4.0 225000
1681550527338 4.0 225500
1681550528056 5.0 226000
1681550528586 6.0 226500
1681550529033 6.0 227000
1681550529326 6.0 227500
1681550529787 7.0 228000
1681550530080 7.0 228500
1681550530385 8.0 229000
1681550530771 8.0 229500
1681550531108 8.0 230000
1681550531549 0.0 230500
1681550532025 0.0 231000
1681550532777 1.0 231500
1681550533149 2.0 232000
1681550533589 2.0 232500
1681550533973 2.0 233000
1681550534509 3.0 233500
1681550534933 3.0 234000
1681550535675 4.0 234500
1681550536175 5.0 235000
1681550536792 5.0 235500
1681550537210 6.0 236000
1681550537885 6.0 236500
1681550538320 7.0 237000
1681550538834 7.0 237500
1681550539371 8.0 238000
1681550540218 9.0 238500
1681550540649 9.0 239000
1681550541246 10.0 239500
1681550541689 10.0 240000
1681550542536 0.0 240500
1681550543018 1.0 241000
1681550543483 1.0 241500
1681550543993 2.0 242000
1681550544861 3.0 242500
1681550545329 3.0 243000
1681550545842 4.0 243500
1681550546307 4.0 244000
1681550546765 5.0 244500
1681550547593 5.0 245000
1681550547940 6.0 245500
1681550548494 6.0 246000
1681550548821 7.0 246500
1681550549147 7.0 247000
1681550550000 8.0 247500
1681550550369 8.0 248000
1681550551394 9.0 248500
1681550551716 10.0 249000
1681550552332 10.0 249500
1681550552747 11.0 250000
1681550553594 0.0 250500
1681550553954 1.0 251000
1681550554690 1.0 251500
1681550555108 2.0 252000
1681550555835 3.0 252500
1681550556282 3.0 253000
1681550557437 4.0 253500
1681550557812 5.0 254000
1681550558653 5.0 254500
1681550559026 6.0 255000
1681550559566 6.0 255500
1681550560029 7.0 256000
1681550560805 8.0 256500
1681550561232 8.0 257000
1681550561960 9.0 257500
1681550562333 9.0 258000
1681550562706 9.0 258500
1681550562984 10.0 259000
1681550563401 10.0 259500
1681550564027 11.0 260000
1681550564552 0.0 260500
1681550565243 1.0 261000
1681550565628 1.0 261500
1681550565878 1.0 262000
1681550566439 2.0 262500
1681550566967 2.0 263000
1681550567525 3.0 263500
1681550567888 3.0 264000
1681550568125 4.0 264500
1681550568607 4.0 265000
1681550569001 4.0 265500
1681550569595 5.0 266000
1681550570019 5.0 266500
1681550570355 6.0 267000
1681550570827 6.0 267500
1681550571091 7.0 268000
1681550571415 7.0 268500
1681550572080 8.0 269000
1681550572524 8.0 269500
1681550572900 8.0 270000
1681550573254 0.0 270500
1681550573721 0.0 271000
1681550574450 1.0 271500
1681550574752 1.0 272000
1681550575219 2.0 272500
1681550575727 2.0 273000
1681550576241 3.0 273500
1681550576658 3.0 274000
1681550577614 4.0 274500
1681550577914 5.0 275000
1681550578353 5.0 275500
1681550578760 5.0 276000
1681550579344 6.0 276500
1681550579593 6.0 277000
1681550579920 7.0 277500
1681550580604 7.0 278000
1681550581123 8.0 278500
1681550581641 8.0 279000
1681550581947 9.0 279500
1681550582450 9.0 280000
1681550583174 0.0 280500
1681550583702 1.0 281000
1681550584592 2.0 281500
1681550584964 2.0 282000
1681550585463 3.0 282500
1681550585700 3.0 283000
1681550585988 3.0 283500
1681550586463 4.0 284000
1681550587027 4.0 284500
1681550587530 5.0 285000
1681550588136 5.0 285500
1681550588568 6.0 286000
1681550589608 7.0 286500
1681550589933 7.0 287000
1681550590451 7.0 287500
1681550590790 8.0 288000
1681550591349 8.0 288500
1681550591549 9.0 289000
1681550591791 9.0 289500
1681550592124 9.0 290000
1681550592585 0.0 290500
1681550593024 0.0 291000
1681550593604 1.0 291500
1681550594008 1.0 292000
1681550594291 2.0 292500
1681550594616 2.0 293000
1681550595114 2.0 293500
1681550595791 3.0 294000
1681550596265 4.0 294500
1681550596693 4.0 295000
1681550597359 5.0 295500
1681550597880 5.0 296000
1681550598732 6.0 296500
1681550599416 7.0 297000
1681550599848 7.0 297500
1681550600247 8.0 298000
1681550600523 8.0 298500
1681550601068 8.0 299000
1681550602050 9.0 299500
1681550602545 10.0 300000
