1681550400682 500.0 500
1681550400873 1000.0 1000
1681550401068 1500.0 1500
1681550401249 2000.0 2000
1681550401430 2500.0 2500
1681550401618 3000.0 3000
1681550401831 3500.0 3500
1681550402029 4000.0 4000
1681550402245 4500.0 4500
1681550402459 5000.0 5000
1681550402806 5500.0 5500
1681550403498 6000.0 6000
1681550403817 6500.0 6500
1681550404048 7000.0 7000
1681550404405 7500.0 7500
1681550404648 8000.0 8000
1681550404855 8500.0 8500
1681550405098 9000.0 9000
1681550405325 9500.0 9500
1681550405579 10000.0 10000
1681550405845 10500.0 10500
1681550406162 11000.0 11000
1681550406517 11500.0 11500
1681550406803 12000.0 12000
1681550407080 12500.0 12500
1681550407409 13000.0 13000
1681550407636 13500.0 13500
1681550407868 14000.0 14000
1681550408066 14500.0 14500
1681550408512 15000.0 15000
1681550408973 15500.0 15500
1681550409205 16000.0 16000
1681550409433 16500.0 16500
1681550409635 17000.0 17000
1681550409875 17500.0 17500
1681550410113 18000.0 18000
1681550410584 18500.0 18500
1681550410978 19000.0 19000
1681550411185 19500.0 19500
1681550411383 20000.0 20000
1681550411593 20500.0 20500
1681550411825 21000.0 21000
1681550412017 21500.0 21500
1681550412232 22000.0 22000
1681550412438 22500.0 22500
1681550412625 23000.0 23000
1681550412871 23500.0 23500
1681550413076 24000.0 24000
1681550413283 24500.0 24500
1681550413648 25000.0 25000
1681550413961 25500.0 25500
1681550414198 26000.0 26000
1681550414406 26500.0 26500
1681550414629 27000.0 27000
1681550414882 27500.0 27500
1681550415087 28000.0 28000
1681550415292 28500.0 28500
1681550415518 29000.0 29000
1681550415840 29500.0 29500
1681550416114 30000.0 30000
1681550416317 30500.0 30500
1681550416505 31000.0 31000
1681550416701 31500.0 31500
1681550416899 32000.0 32000
1681550417089 32500.0 32500
1681550417287 33000.0 33000
1681550417490 33500.0 33500
1681550417680 34000.0 34000
1681550417869 34500.0 34500
1681550418116 35000.0 35000
1681550418315 35500.0 35500
1681550418596 36000.0 36000
1681550418799 36500.0 36500
1681550419053 37000.0 37000
1681550419269 37500.0 37500
1681550419493 38000.0 38000
1681550419773 38500.0 38500
1681550419968 39000.0 39000
1681550420159 39500.0 39500
1681550420384 40000.0 40000
1681550420588 40500.0 40500
1681550420782 41000.0 41000
1681550420971 41500.0 41500
1681550421157 42000.0 42000
1681550421376 42500.0 42500
1681550421572 43000.0 43000
1681550421852 43500.0 43500
1681550422122 44000.0 44000
1681550422321 44500.0 44500
1681550422555 45000.0 45000
1681550422841 45500.0 45500
1681550423038 46000.0 46000
1681550423260 46500.0 46500
1681550423451 47000.0 47000
1681550423694 47500.0 47500
1681550423913 48000.0 48000
1681550424095 48500.0 48500
1681550424282 49000.0 49000
1681550424469 49500.0 49500
1681550424657 50000.0 50000
1681550424840 50500.0 50500
1681550425027 51000.0 51000
1681550425208 51500.0 51500
1681550425388 52000.0 52000
1681550425568 52500.0 52500
1681550425743 53000.0 53000
1681550425919 53500.0 53500
1681550426095 54000.0 54000
1681550426276 54500.0 54500
1681550426455 55000.0 55000
1681550426631 55500.0 55500
1681550426813 56000.0 56000
1681550426998 56500.0 56500
1681550427183 57000.0 57000
1681550427374 57500.0 57500
1681550427599 58000.0 58000
1681550428055 58500.0 58500
1681550428949 59000.0 59000
1681550429333 59500.0 59500
1681550430085 60000.0 60000
1681550430415 60500.0 60500
1681550430958 61000.0 61000
1681550431349 61500.0 61500
1681550431974 62000.0 62000
1681550432310 62500.0 62500
1681550432858 63000.0 63000
1681550433133 63500.0 63500
1681550433761 64000.0 64000
1681550434580 64500.0 64500
1681550435023 65000.0 65000
1681550435529 65500.0 65500
1681550435860 66000.0 66000
1681550436106 66500.0 66500
1681550436325 67000.0 67000
1681550436576 67500.0 67500
1681550437033 68000.0 68000
1681550438259 68500.0 68500
1681550438490 69000.0 69000
1681550438706 69500.0 69500
1681550439194 70000.0 70000
1681550439909 70500.0 70500
1681550440101 71000.0 71000
1681550440300 71500.0 71500
1681550440494 72000.0 72000
1681550440687 72500.0 72500
1681550440871 73000.0 73000
1681550441075 73500.0 73500
1681550441262 74000.0 74000
1681550441451 74500.0 74500
1681550441635 75000.0 75000
1681550441827 75500.0 75500
1681550442014 76000.0 76000
1681550442205 76500.0 76500
1681550442388 77000.0 77000
1681550442572 77500.0 77500
1681550442760 78000.0 78000
1681550442944 78500.0 78500
1681550443126 79000.0 79000
1681550443306 79500.0 79500
1681550443487 80000.0 80000
1681550443669 80500.0 80500
1681550443845 81000.0 81000
1681550444024 81500.0 81500
1681550444201 82000.0 82000
1681550444380 82500.0 82500
1681550444555 83000.0 83000
1681550444738 83500.0 83500
1681550444919 84000.0 84000
1681550445097 84500.0 84500
1681550445275 85000.0 85000
1681550445462 85500.0 85500
1681550445648 86000.0 86000
1681550445829 86500.0 86500
1681550446019 87000.0 87000
1681550446197 87500.0 87500
1681550446375 88000.0 88000
1681550446564 88500.0 88500
1681550446742 89000.0 89000
1681550446917 89500.0 89500
1681550447094 90000.0 90000
1681550447270 90500.0 90500
1681550447445 91000.0 91000
1681550447622 91500.0 91500
1681550447796 92000.0 92000
1681550447969 92500.0 92500
1681550448142 93000.0 93000
1681550448318 93500.0 93500
1681550448490 94000.0 94000
1681550448663 94500.0 94500
1681550448836 95000.0 95000
1681550449011 95500.0 95500
1681550449185 96000.0 96000
1681550449363 96500.0 96500
1681550449539 97000.0 97000
1681550449712 97500.0 97500
1681550449884 98000.0 98000
1681550450061 98500.0 98500
1681550450259 99000.0 99000
1681550450440 99500.0 99500
1681550450618 100000.0 100000
1681550450801 100500.0 100500
1681550450985 101000.0 101000
1681550451169 101500.0 101500
1681550451357 102000.0 102000
1681550451547 102500.0 102500
1681550451749 103000.0 103000
1681550451942 103500.0 103500
1681550452135 104000.0 104000
1681550452326 104500.0 104500
1681550452515 105000.0 105000
1681550452703 105500.0 105500
1681550452897 106000.0 106000
1681550453094 106500.0 106500
1681550453310 107000.0 107000
1681550453514 107500.0 107500
1681550453719 108000.0 108000
1681550453949 108500.0 108500
1681550454140 109000.0 109000
1681550454359 109500.0 109500
1681550454570 110000.0 110000
1681550454804 110500.0 110500
1681550455039 111000.0 111000
1681550455500 111500.0 111500
1681550455908 112000.0 112000
1681550456504 112500.0 112500
1681550456997 113000.0 113000
1681550457736 113500.0 113500
1681550458071 114000.0 114000
1681550458854 114500.0 114500
1681550459281 115000.0 115000
1681550460001 115500.0 115500
1681550460401 116000.0 116000
1681550461179 116500.0 116500
1681550461631 117000.0 117000
1681550462515 117500.0 117500
1681550462978 118000.0 118000
1681550463731 118500.0 118500
1681550464144 119000.0 119000
1681550464706 119500.0 119500
1681550465101 120000.0 120000
1681550465980 120500.0 120500
1681550466402 121000.0 121000
1681550467063 121500.0 121500
1681550467448 122000.0 122000
1681550468083 122500.0 122500
1681550468500 123000.0 123000
1681550469748 123500.0 123500
1681550470276 124000.0 124000
1681550471087 124500.0 124500
1681550471513 125000.0 125000
1681550472348 125500.0 125500
1681550472798 126000.0 126000
1681550473695 126500.0 126500
1681550474145 127000.0 127000
1681550474825 127500.0 127500
1681550475221 128000.0 128000
1681550475974 128500.0 128500
1681550476392 129000.0 129000
1681550477169 129500.0 129500
1681550477584 130000.0 130000
1681550478236 130500.0 130500
1681550478613 131000.0 131000
1681550479383 131500.0 131500
1681550479873 132000.0 132000
1681550481084 132500.0 132500
1681550481800 133000.0 133000
1681550482725 133500.0 133500
1681550483063 134000.0 134000
1681550483604 134500.0 134500
1681550484022 135000.0 135000
1681550484641 135500.0 135500
1681550484914 136000.0 136000
1681550485178 136500.0 136500
1681550485461 137000.0 137000
1681550485668 137500.0 137500
1681550486093 138000.0 138000
1681550486418 138500.0 138500
1681550486646 139000.0 139000
1681550486840 139500.0 139500
1681550487057 140000.0 140000
1681550487255 140500.0 140500
1681550487552 141000.0 141000
1681550487788 141500.0 141500
1681550487994 142000.0 142000
1681550488184 142500.0 142500
1681550488382 143000.0 143000
1681550488577 143500.0 143500
1681550488890 144000.0 144000
1681550489216 144500.0 144500
1681550489506 145000.0 145000
1681550489845 145500.0 145500
1681550490086 146000.0 146000
1681550490337 146500.0 146500
1681550490543 147000.0 147000
1681550490747 147500.0 147500
1681550490946 148000.0 148000
1681550491183 148500.0 148500
1681550491423 149000.0 149000
1681550491635 149500.0 149500
1681550491885 150000.0 150000
1681550492075 150500.0 150500
1681550492264 151000.0 151000
1681550492464 151500.0 151500
1681550492660 152000.0 152000
1681550492853 152500.0 152500
1681550493049 153000.0 153000
1681550493239 153500.0 153500
1681550493423 154000.0 154000
1681550493674 154500.0 154500
1681550493861 155000.0 155000
1681550494038 155500.0 155500
1681550494222 156000.0 156000
1681550494396 156500.0 156500
1681550494574 157000.0 157000
1681550494749 157500.0 157500
1681550494920 158000.0 158000
1681550495086 158500.0 158500
1681550495255 159000.0 159000
1681550495430 159500.0 159500
1681550495599 160000.0 160000
1681550495781 160500.0 160500
1681550495951 161000.0 161000
1681550496114 161500.0 161500
1681550496282 162000.0 162000
1681550496449 162500.0 162500
1681550496648 163000.0 163000
1681550496838 163500.0 163500
1681550497011 164000.0 164000
1681550497187 164500.0 164500
1681550497362 165000.0 165000
1681550497539 165500.0 165500
1681550497717 166000.0 166000
1681550497890 166500.0 166500
1681550498064 167000.0 167000
1681550498250 167500.0 167500
1681550498439 168000.0 168000
1681550498615 168500.0 168500
1681550498781 169000.0 169000
1681550498956 169500.0 169500
1681550499140 170000.0 170000
1681550499347 170500.0 170500
1681550499521 171000.0 171000
1681550499697 171500.0 171500
1681550499879 172000.0 172000
1681550500052 172500.0 172500
1681550500220 173000.0 173000
1681550500402 173500.0 173500
1681550500586 174000.0 174000
1681550500785 174500.0 174500
1681550500959 175000.0 175000
1681550501156 175500.0 175500
1681550501345 176000.0 176000
1681550501551 176500.0 176500
1681550501800 177000.0 177000
1681550501992 177500.0 177500
1681550502202 178000.0 178000
1681550502418 178500.0 178500
1681550502647 179000.0 179000
1681550502933 179500.0 179500
1681550503114 180000.0 180000
1681550503301 180500.0 180500
1681550503476 181000.0 181000
1681550503651 181500.0 181500
1681550503832 182000.0 182000
1681550504014 182500.0 182500
1681550504206 183000.0 183000
1681550504478 183500.0 183500
1681550504765 184000.0 184000
1681550504958 184500.0 184500
1681550505145 185000.0 185000
1681550505357 185500.0 185500
1681550505559 186000.0 186000
1681550505741 186500.0 186500
1681550505948 187000.0 187000
1681550506139 187500.0 187500
1681550506329 188000.0 188000
1681550506517 188500.0 188500
1681550506697 189000.0 189000
1681550506876 189500.0 189500
1681550507057 190000.0 190000
1681550507285 190500.0 190500
1681550507494 191000.0 191000
1681550507692 191500.0 191500
1681550507915 192000.0 192000
1681550508110 192500.0 192500
1681550508301 193000.0 193000
1681550508506 193500.0 193500
1681550508720 194000.0 194000
1681550508989 194500.0 194500
1681550509195 195000.0 195000
1681550509404 195500.0 195500
1681550509690 196000.0 196000
1681550510166 196500.0 196500
1681550510411 197000.0 197000
1681550510617 197500.0 197500
1681550510889 198000.0 198000
1681550511118 198500.0 198500
1681550511361 199000.0 199000
1681550511603 199500.0 199500
1681550511912 200000.0 200000
1681550512145 200500.0 200500
1681550512387 201000.0 201000
1681550512596 201500.0 201500
1681550512821 202000.0 202000
1681550513012 202500.0 202500
1681550513213 203000.0 203000
1681550513462 203500.0 203500
1681550513669 204000.0 204000
1681550513875 204500.0 204500
1681550514123 205000.0 205000
1681550514325 205500.0 205500
1681550514532 206000.0 206000
1681550514745 206500.0 206500
1681550514998 207000.0 207000
1681550515253 207500.0 207500
1681550515477 208000.0 208000
1681550515704 208500.0 208500
1681550515894 209000.0 209000
1681550516105 209500.0 209500
1681550516320 210000.0 210000
1681550516577 210500.0 210500
1681550516832 211000.0 211000
1681550517171 211500.0 211500
1681550517448 212000.0 212000
1681550517753 212500.0 212500
1681550518060 213000.0 213000
1681550518277 213500.0 213500
1681550518589 214000.0 214000
1681550518916 214500.0 214500
1681550519169 215000.0 215000
1681550519445 215500.0 215500
1681550519721 216000.0 216000
1681550519945 216500.0 216500
1681550520261 217000.0 217000
1681550520559 217500.0 217500
1681550520836 218000.0 218000
1681550521227 218500.0 218500
1681550521688 219000.0 219000
1681550521994 219500.0 219500
1681550522368 220000.0 220000
1681550522852 220500.0 220500
1681550523296 221000.0 221000
1681550523679 221500.0 221500
1681550524320 222000.0 222000
1681550524649 222500.0 222500
1681550525185 223000.0 223000
1681550525533 223500.0 223500
1681550525909 224000.0 224000
1681550526315 224500.0 224500
1681550526887 225000.0 225000
1681550527338 225500.0 225500
1681550528056 226000.0 226000
1681550528586 226500.0 226500
1681550529034 227000.0 227000
1681550529327 227500.0 227500
1681550529788 228000.0 228000
1681550530081 228500.0 228500
1681550530386 229000.0 229000
1681550530772 229500.0 229500
1681550531109 230000.0 230000
1681550531549 230500.0 230500
1681550532025 231000.0 231000
1681550532778 231500.0 231500
1681550533149 232000.0 232000
1681550533589 232500.0 232500
1681550533974 233000.0 233000
1681550534510 233500.0 233500
1681550534933 234000.0 234000
1681550535676 234500.0 234500
1681550536175 235000.0 235000
1681550536792 235500.0 235500
1681550537210 236000.0 236000
1681550537886 236500.0 236500
1681550538321 237000.0 237000
1681550538834 237500.0 237500
1681550539372 238000.0 238000
1681550540219 238500.0 238500
1681550540650 239000.0 239000
1681550541246 239500.0 239500
1681550541689 240000.0 240000
1681550542536 240500.0 240500
1681550543018 241000.0 241000
1681550543484 241500.0 241500
1681550543993 242000.0 242000
1681550544861 242500.0 242500
1681550545330 243000.0 243000
1681550545843 243500.0 243500
1681550546307 244000.0 244000
1681550546765 244500.0 244500
1681550547593 245000.0 245000
1681550547940 245500.0 245500
1681550548494 246000.0 246000
1681550548821 246500.0 246500
1681550549148 247000.0 247000
1681550550001 247500.0 247500
1681550550370 248000.0 248000
1681550551394 248500.0 248500
1681550551716 249000.0 249000
1681550552333 249500.0 249500
1681550552748 250000.0 250000
1681550553594 250500.0 250500
1681550553954 251000.0 251000
1681550554691 251500.0 251500
1681550555109 252000.0 252000
1681550555836 252500.0 252500
1681550556282 253000.0 253000
1681550557438 253500.0 253500
1681550557812 254000.0 254000
1681550558654 254500.0 254500
1681550559027 255000.0 255000
1681550559567 255500.0 255500
1681550560029 256000.0 256000
1681550560806 256500.0 256500
1681550561233 257000.0 257000
1681550561960 257500.0 257500
1681550562334 258000.0 258000
1681550562707 258500.0 258500
1681550562984 259000.0 259000
1681550563401 259500.0 259500
1681550564028 260000.0 260000
1681550564553 260500.0 260500
1681550565244 261000.0 261000
1681550565629 261500.0 261500
1681550565878 262000.0 262000
1681550566440 262500.0 262500
1681550566968 263000.0 263000
1681550567525 263500.0 263500
1681550567888 264000.0 264000
1681550568125 264500.0 264500
1681550568608 265000.0 265000
1681550569001 265500.0 265500
1681550569596 266000.0 266000
1681550570019 266500.0 266500
1681550570355 267000.0 267000
1681550570828 267500.0 267500
1681550571091 268000.0 268000
1681550571416 268500.0 268500
1681550572080 269000.0 269000
1681550572525 269500.0 269500
1681550572901 270000.0 270000
1681550573254 270500.0 270500
1681550573721 271000.0 271000
1681550574450 271500.0 271500
1681550574753 272000.0 272000
1681550575220 272500.0 272500
1681550575727 273000.0 273000
1681550576241 273500.0 273500
1681550576658 274000.0 274000
1681550577614 274500.0 274500
1681550577915 275000.0 275000
1681550578354 275500.0 275500
1681550578761 276000.0 276000
1681550579344 276500.0 276500
1681550579594 277000.0 277000
1681550579920 277500.0 277500
1681550580604 278000.0 278000
1681550581123 278500.0 278500
1681550581641 279000.0 279000
1681550581947 279500.0 279500
1681550582451 280000.0 280000
1681550583174 280500.0 280500
1681550583703 281000.0 281000
1681550584593 281500.0 281500
1681550584964 282000.0 282000
1681550585464 282500.0 282500
1681550585701 283000.0 283000
1681550585989 283500.0 283500
1681550586464 284000.0 284000
1681550587028 284500.0 284500
1681550587530 285000.0 285000
1681550588136 285500.0 285500
1681550588568 286000.0 286000
1681550589608 286500.0 286500
1681550589934 287000.0 287000
1681550590451 287500.0 287500
1681550590790 288000.0 288000
1681550591350 288500.0 288500
1681550591550 289000.0 289000
1681550591792 289500.0 289500
1681550592124 290000.0 290000
1681550592586 290500.0 290500
1681550593024 291000.0 291000
1681550593604 291500.0 291500
1681550594009 292000.0 292000
1681550594292 292500.0 292500
1681550594617 293000.0 293000
1681550595115 293500.0 293500
1681550595792 294000.0 294000
1681550596265 294500.0 294500
1681550596693 295000.0 295000
1681550597360 295500.0 295500
1681550597880 296000.0 296000
1681550598734 296500.0 296500
1681550599417 297000.0 297000
1681550599849 297500.0 297500
1681550600248 298000.0 298000
1681550600524 298500.0 298500
1681550601068 299000.0 299000
1681550602050 299500.0 299500
1681550602545 300000.0 300000
