1681551219316 4921.0 2048
1681551220005 3682.0 4096
1681551220646 3504.0 6144
1681551221292 3414.0 8192
1681551221944 3356.0 10240
1681551222601 5222.0 12288
1681551223253 3924.0 14336
1681551223920 3591.0 16384
1681551224627 3387.0 18432
1681551225310 3302.0 20480
1681551226010 4546.0 22528
1681551227273 2389.0 24576
1681551228404 2159.0 26624
1681551229328 2173.0 28672
1681551230660 2007.0 30720
1681551231791 2326.0 32768
1681551232953 2005.0 34816
1681551234156 1893.0 36864
1681551235679 1717.0 38912
1681551237656 1518.0 40960
1681551240212 891.0 43008
1681551241899 1027.0 45056
1681551244134 987.0 47104
1681551245611 1064.0 49152
1681551247584 1058.0 51200
1681551249912 986.0 53248
1681551252350 907.0 55296
1681551253511 1082.0 57344
1681551255525 1065.0 59392
1681551257518 1057.0 61440
1681551259405 1252.0 63488
1681551261306 1158.0 65536
1681551263071 1159.0 67584
1681551265190 1104.0 69632
1681551267109 1096.0 71680
1681551269008 1249.0 73728
1681551270975 1135.0 75776
1681551273285 1038.0 77824
1681551276133 934.0 79872
1681551278208 944.0 81920
1681551280996 807.0 83968
1681551283256 854.0 86016
1681551285102 925.0 88064
1681551286944 965.0 90112
1681551289290 945.0 92160
1681551291438 1080.0 94208
1681551293168 1129.0 96256
1681551295793 983.0 98304
1681551298378 927.0 100352
1681551300420 941.0 102400
1681551302255 1296.0 104448
1681551303929 1258.0 106496
1681551305654 1234.0 108544
1681551307981 1121.0 110592
1681551309873 1113.0 112640
1681551312223 976.0 114688
1681551314585 918.0 116736
1681551316426 975.0 118784
1681551318709 954.0 120832
1681551320431 993.0 122880
1681551322781 978.0 124928
1681551324695 1022.0 126976
1681551326577 1043.0 129024
1681551329062 978.0 131072
1681551331425 953.0 133120
1681551333949 903.0 135168
1681551336213 904.0 137216
1681551338527 897.0 139264
1681551341002 878.0 141312
1681551343465 868.0 143360
1681551345811 981.0 145408
1681551348084 939.0 147456
1681551350619 891.0 149504
1681551352909 891.0 151552
1681551355143 896.0 153600
1681551356749 1513.0 155648
1681551359258 1060.0 157696
1681551361113 1074.0 159744
1681551363139 1057.0 161792
1681551364834 1084.0 163840
1681551366690 1281.0 165888
1681551369037 1038.0 167936
1681551371294 990.0 169984
1681551373665 955.0 172032
1681551376255 917.0 174080
1681551860062 4.0 176128
1681551862328 8.0 178176
1681551865163 12.0 180224
1681551867638 16.0 182272
1681551869731 20.0 184320
1681551872792 736.0 186368
1681551874913 835.0 188416
1681551876741 912.0 190464
1681551878773 934.0 192512
1681551881269 909.0 194560
1681551883819 896.0 196608
1681551886077 901.0 198656
1681551888648 863.0 200704
1681551890424 921.0 202752
1681551893208 877.0 204800
1681551895077 1274.0 206848
1681551897123 1121.0 208896
1681551898804 1152.0 210944
1681551901982 962.0 212992
1681551903906 981.0 215040
1681551905836 1226.0 217088
1681551908109 1038.0 219136
1681551910049 1044.0 221184
1681551912025 1042.0 223232
1681551914299 1010.0 225280
1681551916228 1226.0 227328
1681551917988 1194.0 229376
1681551919890 1152.0 231424
1681551922176 1075.0 233472
1681551924101 1073.0 235520
1681551927052 802.0 237568
1681551928874 936.0 239616
1681551930271 1064.0 241664
1681551932619 1008.0 243712
1681551934650 1008.0 245760
1681551936270 1507.0 247808
1681551938332 1197.0 249856
1681551940204 1160.0 251904
1681551941869 1177.0 253952
1681551943337 1215.0 256000
1681551945885 893.0 258048
1681551947727 990.0 260096
1681551949684 1008.0 262144
1681551951827 994.0 264192
1681551953878 995.0 266240
1681551956634 818.0 268288
1681551959242 801.0 270336
1681551960962 899.0 272384
1681551962749 950.0 274432
1681551964651 973.0 276480
1681551966837 1088.0 278528
1681551969122 982.0 280576
1681551970878 1037.0 282624
1681551972444 1093.0 284672
1681551974159 1112.0 286720
1681551975498 1896.0 288768
1681551977696 1249.0 290816
1681551979825 1136.0 292864
1681551981437 1167.0 294912
1681551983540 1122.0 296960
1681551985223 1436.0 299008
1681551986991 1282.0 301056
1681551989250 1126.0 303104
1681551990725 1182.0 305152
1681551992737 1145.0 307200
