1681551219317 1.0 2048
1681551220006 2.0 4096
1681551220647 3.0 6144
1681551221293 4.0 8192
1681551221944 5.0 10240
1681551222602 1.0 12288
1681551223253 2.0 14336
1681551223920 3.0 16384
1681551224628 4.0 18432
1681551225310 5.0 20480
1681551226010 1.0 22528
1681551227273 2.0 24576
1681551228404 3.0 26624
1681551229328 4.0 28672
1681551230660 5.0 30720
1681551231791 1.0 32768
1681551232953 2.0 34816
1681551234157 3.0 36864
1681551235680 4.0 38912
1681551237656 5.0 40960
1681551240212 1.0 43008
1681551241900 2.0 45056
1681551244134 3.0 47104
1681551245612 4.0 49152
1681551247584 5.0 51200
1681551249913 1.0 53248
1681551252351 2.0 55296
1681551253511 3.0 57344
1681551255525 4.0 59392
1681551257519 5.0 61440
1681551259405 1.0 63488
1681551261307 2.0 65536
1681551263072 3.0 67584
1681551265190 4.0 69632
1681551267110 5.0 71680
1681551269008 1.0 73728
1681551270976 2.0 75776
1681551273285 3.0 77824
1681551276133 4.0 79872
1681551278209 5.0 81920
1681551280997 1.0 83968
1681551283257 2.0 86016
1681551285102 3.0 88064
1681551286944 4.0 90112
1681551289290 5.0 92160
1681551291439 1.0 94208
1681551293168 2.0 96256
1681551295794 3.0 98304
1681551298379 4.0 100352
1681551300421 5.0 102400
1681551302255 1.0 104448
1681551303929 2.0 106496
1681551305654 3.0 108544
1681551307982 4.0 110592
1681551309873 5.0 112640
1681551312224 1.0 114688
1681551314585 2.0 116736
1681551316427 3.0 118784
1681551318709 4.0 120832
1681551320432 5.0 122880
1681551322781 1.0 124928
1681551324695 2.0 126976
1681551326577 3.0 129024
1681551329062 4.0 131072
1681551331425 5.0 133120
1681551333949 1.0 135168
1681551336213 2.0 137216
1681551338527 3.0 139264
1681551341003 4.0 141312
1681551343466 5.0 143360
1681551345811 1.0 145408
1681551348085 2.0 147456
1681551350619 3.0 149504
1681551352909 4.0 151552
1681551355144 5.0 153600
1681551356749 1.0 155648
1681551359258 2.0 157696
1681551361114 3.0 159744
1681551363140 4.0 161792
1681551364835 5.0 163840
1681551366690 1.0 165888
1681551369038 2.0 167936
1681551371294 3.0 169984
1681551373665 4.0 172032
1681551376255 5.0 174080
1681551860063 1.0 176128
1681551862328 2.0 178176
1681551865163 3.0 180224
1681551867639 4.0 182272
1681551869731 5.0 184320
1681551872793 1.0 186368
1681551874914 2.0 188416
1681551876742 3.0 190464
1681551878773 4.0 192512
1681551881270 5.0 194560
1681551883819 1.0 196608
1681551886078 2.0 198656
1681551888649 3.0 200704
1681551890424 4.0 202752
1681551893208 5.0 204800
1681551895079 1.0 206848
1681551897124 2.0 208896
1681551898805 3.0 210944
1681551901982 4.0 212992
1681551903907 5.0 215040
1681551905836 1.0 217088
1681551908110 2.0 219136
1681551910050 3.0 221184
1681551912026 4.0 223232
1681551914300 5.0 225280
1681551916228 1.0 227328
1681551917988 2.0 229376
1681551919890 3.0 231424
1681551922176 4.0 233472
1681551924101 5.0 235520
1681551927052 1.0 237568
1681551928874 2.0 239616
1681551930271 3.0 241664
1681551932620 4.0 243712
1681551934651 5.0 245760
1681551936270 1.0 247808
1681551938333 2.0 249856
1681551940204 3.0 251904
1681551941870 4.0 253952
1681551943337 5.0 256000
1681551945886 1.0 258048
1681551947727 2.0 260096
1681551949685 3.0 262144
1681551951828 4.0 264192
1681551953878 5.0 266240
1681551956634 1.0 268288
1681551959242 2.0 270336
1681551960962 3.0 272384
1681551962750 4.0 274432
1681551964652 5.0 276480
1681551966838 1.0 278528
1681551969122 2.0 280576
1681551970879 3.0 282624
1681551972444 4.0 284672
1681551974159 5.0 286720
1681551975498 1.0 288768
1681551977696 2.0 290816
1681551979825 3.0 292864
1681551981438 4.0 294912
1681551983541 5.0 296960
1681551985224 1.0 299008
1681551986991 2.0 301056
1681551989251 3.0 303104
1681551990726 4.0 305152
1681551992738 5.0 307200
