1681551219317 0.0 2048
1681551220006 1.0 4096
1681551220647 1.0 6144
1681551221293 2.0 8192
1681551221945 3.0 10240
1681551222602 0.0 12288
1681551223254 1.0 14336
1681551223921 1.0 16384
1681551224628 2.0 18432
1681551225311 3.0 20480
1681551226010 0.0 22528
1681551227274 1.0 24576
1681551228405 2.0 26624
1681551229329 3.0 28672
1681551230661 5.0 30720
1681551231792 0.0 32768
1681551232954 2.0 34816
1681551234157 3.0 36864
1681551235680 4.0 38912
1681551237656 6.0 40960
1681551240212 2.0 43008
1681551241900 3.0 45056
1681551244135 6.0 47104
1681551245612 7.0 49152
1681551247585 9.0 51200
1681551249913 2.0 53248
1681551252351 4.0 55296
1681551253511 5.0 57344
1681551255526 7.0 59392
1681551257519 9.0 61440
1681551259406 1.0 63488
1681551261307 3.0 65536
1681551263072 5.0 67584
1681551265191 7.0 69632
1681551267110 9.0 71680
1681551269008 1.0 73728
1681551270976 3.0 75776
1681551273286 5.0 77824
1681551276134 8.0 79872
1681551278209 10.0 81920
1681551280997 2.0 83968
1681551283257 4.0 86016
1681551285102 6.0 88064
1681551286945 8.0 90112
1681551289291 10.0 92160
1681551291439 1.0 94208
1681551293169 3.0 96256
1681551295794 6.0 98304
1681551298379 8.0 100352
1681551300421 10.0 102400
1681551302256 1.0 104448
1681551303930 3.0 106496
1681551305654 4.0 108544
1681551307982 7.0 110592
1681551309873 9.0 112640
1681551312224 2.0 114688
1681551314586 4.0 116736
1681551316427 6.0 118784
1681551318710 8.0 120832
1681551320432 10.0 122880
1681551322782 2.0 124928
1681551324696 4.0 126976
1681551326577 5.0 129024
1681551329063 8.0 131072
1681551331426 10.0 133120
1681551333950 2.0 135168
1681551336214 4.0 137216
1681551338528 6.0 139264
1681551341003 9.0 141312
1681551343466 11.0 143360
1681551345812 2.0 145408
1681551348085 4.0 147456
1681551350620 6.0 149504
1681551352910 9.0 151552
1681551355144 11.0 153600
1681551356750 1.0 155648
1681551359259 3.0 157696
1681551361114 5.0 159744
1681551363140 7.0 161792
1681551364835 9.0 163840
1681551366691 1.0 165888
1681551369038 3.0 167936
1681551371295 6.0 169984
1681551373666 8.0 172032
1681551376255 11.0 174080
1681551860063 483.0 176128
1681551862329 485.0 178176
1681551865163 488.0 180224
1681551867639 491.0 182272
1681551869732 493.0 184320
1681551872793 2.0 186368
1681551874915 4.0 188416
1681551876742 6.0 190464
1681551878774 8.0 192512
1681551881270 11.0 194560
1681551883820 2.0 196608
1681551886078 4.0 198656
1681551888650 7.0 200704
1681551890425 8.0 202752
1681551893208 11.0 204800
1681551895080 1.0 206848
1681551897125 3.0 208896
1681551898805 5.0 210944
1681551901983 8.0 212992
1681551903908 10.0 215040
1681551905837 1.0 217088
1681551908110 3.0 219136
1681551910050 5.0 221184
1681551912026 7.0 223232
1681551914300 10.0 225280
1681551916229 1.0 227328
1681551917988 3.0 229376
1681551919890 5.0 231424
1681551922177 7.0 233472
1681551924102 9.0 235520
1681551927052 2.0 237568
1681551928875 4.0 239616
1681551930271 5.0 241664
1681551932620 8.0 243712
1681551934651 10.0 245760
1681551936271 1.0 247808
1681551938333 3.0 249856
1681551940205 5.0 251904
1681551941870 6.0 253952
1681551943338 8.0 256000
1681551945886 2.0 258048
1681551947728 4.0 260096
1681551949685 6.0 262144
1681551951828 8.0 264192
1681551953879 10.0 266240
1681551956635 2.0 268288
1681551959243 5.0 270336
1681551960962 6.0 272384
1681551962750 8.0 274432
1681551964652 10.0 276480
1681551966838 1.0 278528
1681551969123 4.0 280576
1681551970879 5.0 282624
1681551972445 7.0 284672
1681551974160 9.0 286720
1681551975499 1.0 288768
1681551977696 3.0 290816
1681551979826 5.0 292864
1681551981438 7.0 294912
1681551983541 9.0 296960
1681551985224 1.0 299008
1681551986992 3.0 301056
1681551989251 5.0 303104
1681551990726 6.0 305152
1681551992738 8.0 307200
