1681551219318 2048.0 2048
1681551220007 4096.0 4096
1681551220648 6144.0 6144
1681551221293 8192.0 8192
1681551221945 10240.0 10240
1681551222603 12288.0 12288
1681551223254 14336.0 14336
1681551223921 16384.0 16384
1681551224629 18432.0 18432
1681551225311 20480.0 20480
1681551226011 22528.0 22528
1681551227274 24576.0 24576
1681551228405 26624.0 26624
1681551229329 28672.0 28672
1681551230661 30720.0 30720
1681551231792 32768.0 32768
1681551232954 34816.0 34816
1681551234157 36864.0 36864
1681551235680 38912.0 38912
1681551237657 40960.0 40960
1681551240213 43008.0 43008
1681551241901 45056.0 45056
1681551244135 47104.0 47104
1681551245613 49152.0 49152
1681551247585 51200.0 51200
1681551249913 53248.0 53248
1681551252352 55296.0 55296
1681551253512 57344.0 57344
1681551255526 59392.0 59392
1681551257520 61440.0 61440
1681551259406 63488.0 63488
1681551261308 65536.0 65536
1681551263073 67584.0 67584
1681551265191 69632.0 69632
1681551267110 71680.0 71680
1681551269009 73728.0 73728
1681551270977 75776.0 75776
1681551273286 77824.0 77824
1681551276134 79872.0 79872
1681551278210 81920.0 81920
1681551280998 83968.0 83968
1681551283258 86016.0 86016
1681551285103 88064.0 88064
1681551286945 90112.0 90112
1681551289291 92160.0 92160
1681551291440 94208.0 94208
1681551293169 96256.0 96256
1681551295794 98304.0 98304
1681551298380 100352.0 100352
1681551300422 102400.0 102400
1681551302256 104448.0 104448
1681551303930 106496.0 106496
1681551305655 108544.0 108544
1681551307983 110592.0 110592
1681551309874 112640.0 112640
1681551312224 114688.0 114688
1681551314586 116736.0 116736
1681551316428 118784.0 118784
1681551318710 120832.0 120832
1681551320432 122880.0 122880
1681551322782 124928.0 124928
1681551324696 126976.0 126976
1681551326578 129024.0 129024
1681551329063 131072.0 131072
1681551331426 133120.0 133120
1681551333950 135168.0 135168
1681551336214 137216.0 137216
1681551338528 139264.0 139264
1681551341004 141312.0 141312
1681551343466 143360.0 143360
1681551345812 145408.0 145408
1681551348086 147456.0 147456
1681551350620 149504.0 149504
1681551352910 151552.0 151552
1681551355144 153600.0 153600
1681551356750 155648.0 155648
1681551359259 157696.0 157696
1681551361115 159744.0 159744
1681551363141 161792.0 161792
1681551364836 163840.0 163840
1681551366691 165888.0 165888
1681551369039 167936.0 167936
1681551371295 169984.0 169984
1681551373667 172032.0 172032
1681551376256 174080.0 174080
1681551860064 176128.0 176128
1681551862329 178176.0 178176
1681551865164 180224.0 180224
1681551867640 182272.0 182272
1681551869732 184320.0 184320
1681551872794 186368.0 186368
1681551874915 188416.0 188416
1681551876743 190464.0 190464
1681551878774 192512.0 192512
1681551881271 194560.0 194560
1681551883820 196608.0 196608
1681551886078 198656.0 198656
1681551888651 200704.0 200704
1681551890425 202752.0 202752
1681551893209 204800.0 204800
1681551895080 206848.0 206848
1681551897125 208896.0 208896
1681551898806 210944.0 210944
1681551901983 212992.0 212992
1681551903908 215040.0 215040
1681551905837 217088.0 217088
1681551908110 219136.0 219136
1681551910051 221184.0 221184
1681551912027 223232.0 223232
1681551914301 225280.0 225280
1681551916229 227328.0 227328
1681551917989 229376.0 229376
1681551919891 231424.0 231424
1681551922177 233472.0 233472
1681551924102 235520.0 235520
1681551927053 237568.0 237568
1681551928875 239616.0 239616
1681551930272 241664.0 241664
1681551932621 243712.0 243712
1681551934652 245760.0 245760
1681551936271 247808.0 247808
1681551938334 249856.0 249856
1681551940205 251904.0 251904
1681551941871 253952.0 253952
1681551943338 256000.0 256000
1681551945886 258048.0 258048
1681551947728 260096.0 260096
1681551949686 262144.0 262144
1681551951829 264192.0 264192
1681551953879 266240.0 266240
1681551956635 268288.0 268288
1681551959243 270336.0 270336
1681551960963 272384.0 272384
1681551962751 274432.0 274432
1681551964653 276480.0 276480
1681551966839 278528.0 278528
1681551969123 280576.0 280576
1681551970880 282624.0 282624
1681551972445 284672.0 284672
1681551974160 286720.0 286720
1681551975499 288768.0 288768
1681551977697 290816.0 290816
1681551979826 292864.0 292864
1681551981439 294912.0 294912
1681551983542 296960.0 296960
1681551985224 299008.0 299008
1681551986992 301056.0 301056
1681551989251 303104.0 303104
1681551990726 305152.0 305152
1681551992739 307200.0 307200
