1681549275297 -1.0492347478866577 500
1681549275502 -1.3504738807678223 1000
1681549275678 -1.2130380868911743 1500
1681549275856 -1.2959388494491577 2000
1681549276038 -1.320920705795288 2500
1681549276227 -1.3018320798873901 3000
1681549276418 -1.3272854089736938 3500
1681549276618 -0.9618295431137085 4000
1681549276828 -0.7631974816322327 4500
1681549277080 -1.24235200881958 5000
1681549277337 -0.9041611552238464 5500
1681549277694 -0.8655170202255249 6000
1681549278102 -0.6373307704925537 6500
1681549278428 -0.7569272518157959 7000
1681549278712 -0.7576286792755127 7500
1681549279039 -0.7930188775062561 8000
1681549279271 -1.0491220951080322 8500
1681549279651 -0.94190913438797 9000
1681549280074 -0.6348881721496582 9500
1681549280714 -0.6854923367500305 10000
