1681549275298 -0.21245825290679932 500
1681549275503 0.0006319880485534668 1000
1681549275679 -0.019886493682861328 1500
1681549275856 0.033211350440979004 2000
1681549276038 0.002698540687561035 2500
1681549276228 -0.0010625123977661133 3000
1681549276419 -0.003092646598815918 3500
1681549276618 0.007917046546936035 4000
1681549276829 0.0016713142395019531 4500
1681549277081 1.3232231140136719e-05 5000
1681549277337 -1.8596649169921875e-05 5500
1681549277695 0.00022262334823608398 6000
1681549278102 0.012647926807403564 6500
1681549278429 -0.012636303901672363 7000
1681549278712 -0.00572359561920166 7500
1681549279039 -0.012796998023986816 8000
1681549279272 -0.010605812072753906 8500
1681549279651 -0.0009497404098510742 9000
1681549280074 -0.4245978593826294 9500
1681549280714 0.03121846914291382 10000
