1681549275298 0.0007 500
1681549275503 0.0007 1000
1681549275679 0.0007 1500
1681549275857 0.0007 2000
1681549276039 0.0007 2500
1681549276228 0.0007 3000
1681549276419 0.0007 3500
1681549276619 0.0007 4000
1681549276829 0.0007 4500
1681549277081 0.0007 5000
1681549277337 0.0007 5500
1681549277695 0.0007 6000
1681549278103 0.0007 6500
1681549278429 0.0007 7000
1681549278713 0.0007 7500
1681549279040 0.0007 8000
1681549279272 0.0007 8500
1681549279652 0.0007 9000
1681549280075 0.0007 9500
1681549280715 0.0007 10000
