1681549275299 99.0 500
1681549275504 199.0 1000
1681549275680 299.0 1500
1681549275857 399.0 2000
1681549276039 499.0 2500
1681549276229 599.0 3000
1681549276419 699.0 3500
1681549276619 799.0 4000
1681549276829 899.0 4500
1681549277082 999.0 5000
1681549277338 1099.0 5500
1681549277696 1199.0 6000
1681549278103 1299.0 6500
1681549278430 1399.0 7000
1681549278713 1499.0 7500
1681549279040 1599.0 8000
1681549279273 1699.0 8500
1681549279652 1799.0 9000
1681549280075 1899.0 9500
1681549280715 1999.0 10000
