1681549275300 -0.9166687726974487 500
1681549275504 157.43368530273438 1000
1681549275680 -4.551696300506592 1500
1681549275858 0.8722854852676392 2000
1681549276040 -2.325528621673584 2500
1681549276229 -17.50992774963379 3000
1681549276420 -9.662123680114746 3500
1681549276620 -1.457684874534607 4000
1681549276830 -0.8254793286323547 4500
1681549277082 -11.842761039733887 5000
1681549277338 -7.209784030914307 5500
1681549277696 -4.4148688316345215 6000
1681549278104 0.28641313314437866 6500
1681549278430 -0.9143720865249634 7000
1681549278714 2.941429376602173 7500
1681549279041 -7.3664960861206055 8000
1681549279273 -0.23123249411582947 8500
1681549279652 5.720644474029541 9000
1681549280076 -0.29794394969940186 9500
1681549280716 -0.15991981327533722 10000
