1681549275301 5.166319847106934 500
1681549275504 13772.4736328125 1000
1681549275680 37.69965362548828 1500
1681549275858 6.112290382385254 2000
1681549276040 6.043105125427246 2500
1681549276230 160.9235382080078 3000
1681549276420 47.03001403808594 3500
1681549276620 2.2876029014587402 4000
1681549276830 0.7256032228469849 4500
1681549277083 180.5551300048828 5000
1681549277339 44.30400085449219 5500
1681549277697 15.844522476196289 6000
1681549278104 0.30578333139419556 6500
1681549278431 4.099201202392578 7000
1681549278714 28.41975975036621 7500
1681549279041 122.1157455444336 8000
1681549279274 1.0469715595245361 8500
1681549279653 80.71485137939453 9000
1681549280076 2.900195598602295 9500
1681549280716 0.6837251782417297 10000
