1681550291523 -1.177100419998169 500
1681550291703 -1.3677036762237549 1000
1681550291877 -1.0985584259033203 1500
1681550292066 -0.7079421281814575 2000
1681550292268 -0.8272875547409058 2500
1681550292492 -1.118901014328003 3000
1681550292687 -1.0812069177627563 3500
1681550292885 -0.9636064767837524 4000
1681550293107 -0.771547794342041 4500
1681550293328 -0.8519687652587891 5000
1681550293579 -0.9786264300346375 5500
1681550293862 -1.2178913354873657 6000
1681550294436 -1.0742487907409668 6500
1681550294793 -1.040374755859375 7000
1681550295042 -0.44388285279273987 7500
1681550295306 -1.1825072765350342 8000
1681550295667 -0.2319660186767578 8500
1681550295875 -1.1247541904449463 9000
1681550296196 -0.9362856149673462 9500
1681550296413 -0.49446266889572144 10000
