1681550291523 -0.16206741333007812 500
1681550291703 -0.03431904315948486 1000
1681550291877 -0.004080653190612793 1500
1681550292067 -0.02937483787536621 2000
1681550292269 0.00025725364685058594 2500
1681550292493 0.00012344121932983398 3000
1681550292687 0.0002529621124267578 3500
1681550292886 0.0008401274681091309 4000
1681550293107 0.0009356141090393066 4500
1681550293328 -0.003759026527404785 5000
1681550293580 -9.691715240478516e-05 5500
1681550293862 -0.008215904235839844 6000
1681550294436 0.09476089477539062 6500
1681550294793 0.00032448768615722656 7000
1681550295043 0.0072623491287231445 7500
1681550295306 -0.003000020980834961 8000
1681550295667 -0.0355755090713501 8500
1681550295876 0.00030666589736938477 9000
1681550296196 -0.0009427070617675781 9500
1681550296413 -0.0006073713302612305 10000
