1681550291524 0.0007 500
1681550291704 0.0007 1000
1681550291877 0.0007 1500
1681550292067 0.0007 2000
1681550292269 0.0007 2500
1681550292493 0.0007 3000
1681550292688 0.0007 3500
1681550292886 0.0007 4000
1681550293107 0.0007 4500
1681550293329 0.0007 5000
1681550293580 0.0007 5500
1681550293863 0.0007 6000
1681550294436 0.0007 6500
1681550294793 0.0007 7000
1681550295043 0.0007 7500
1681550295306 0.0007 8000
1681550295668 0.0007 8500
1681550295876 0.0007 9000
1681550296197 0.0007 9500
1681550296414 0.0007 10000
