1681550291524 99.0 500
1681550291704 199.0 1000
1681550291878 299.0 1500
1681550292068 399.0 2000
1681550292270 499.0 2500
1681550292494 599.0 3000
1681550292688 699.0 3500
1681550292887 799.0 4000
1681550293108 899.0 4500
1681550293329 999.0 5000
1681550293580 1099.0 5500
1681550293863 1199.0 6000
1681550294437 1299.0 6500
1681550294794 1399.0 7000
1681550295043 1499.0 7500
1681550295307 1599.0 8000
1681550295668 1699.0 8500
1681550295877 1799.0 9000
1681550296197 1899.0 9500
1681550296414 1999.0 10000
