1681550291525 -5.222352981567383 500
1681550291705 -3.7321293354034424 1000
1681550291878 -3.690228223800659 1500
1681550292068 0.5526291728019714 2000
1681550292270 -3.029998302459717 2500
1681550292494 -2.5721349716186523 3000
1681550292688 -4.40655517578125 3500
1681550292887 2.975461721420288 4000
1681550293108 3.6195874214172363 4500
1681550293329 1.0915305614471436 5000
1681550293581 -7.625982761383057 5500
1681550293864 8.190790176391602 6000
1681550294437 -0.10296652466058731 6500
1681550294794 -6.6476850509643555 7000
1681550295044 -0.3134174048900604 7500
1681550295307 -5.723213195800781 8000
1681550295668 -65.11597442626953 8500
1681550295877 -5.363254070281982 9000
1681550296198 -1.8849433660507202 9500
1681550296415 2.281665325164795 10000
