1681550291525 34.90877914428711 500
1681550291705 10.099560737609863 1000
1681550291879 8.268604278564453 1500
1681550292068 8.878768920898438 2000
1681550292270 84.43992614746094 2500
1681550292495 3.4058899879455566 3000
1681550292689 29.273193359375 3500
1681550292887 20.91966438293457 4000
1681550293109 7.605860233306885 4500
1681550293330 4.8950042724609375 5000
1681550293581 37.755592346191406 5500
1681550293864 38.91350555419922 6000
1681550294438 0.07583390176296234 6500
1681550294795 29.151153564453125 7000
1681550295044 9.338521957397461 7500
1681550295308 58.11931610107422 8000
1681550295669 4560.4619140625 8500
1681550295878 33.57318878173828 9000
1681550296198 16.576969146728516 9500
1681550296415 149.49862670898438 10000
