1681629982448 4808.0 2048
1681629983141 3582.0 4096
1681629983795 3417.0 6144
1681629984453 3336.0 8192
1681629985122 3276.0 10240
1681629985828 4754.0 12288
1681629986511 3677.0 14336
1681629987204 3399.0 16384
1681629987930 3234.0 18432
1681629988674 3125.0 20480
1681629990217 1601.0 22528
1681629991003 1982.0 24576
1681629991996 2008.0 26624
1681629993157 1941.0 28672
1681629994273 1919.0 30720
1681629995082 3696.0 32768
1681629996026 2734.0 34816
1681629996931 2557.0 36864
1681629998309 2166.0 38912
1681629999788 1946.0 40960
1681630000811 2672.0 43008
1681630002207 1894.0 45056
1681630004000 1553.0 47104
1681630005477 1507.0 49152
1681630006884 1497.0 51200
1681630008276 1806.0 53248
1681630010173 1351.0 55296
1681630011571 1387.0 57344
1681630013010 1396.0 59392
1681630014608 1371.0 61440
1681630017120 909.0 63488
1681630018541 1114.0 65536
1681630020500 1090.0 67584
1681630022303 1101.0 69632
1681630024592 1052.0 71680
1681630027099 911.0 73728
1681630029357 909.0 75776
1681630031877 874.0 77824
1681630034860 818.0 79872
1681630037980 779.0 81920
1681630040634 856.0 83968
1681630043209 825.0 86016
1681630045477 849.0 88064
1681630047818 855.0 90112
1681630050399 842.0 92160
1681630052572 1073.0 94208
1681630054713 1011.0 96256
1681630057316 923.0 98304
1681630059553 921.0 100352
1681630061616 935.0 102400
1681630064262 858.0 104448
1681630066239 938.0 106496
1681630068321 953.0 108544
1681630069944 1015.0 110592
1681630071419 1072.0 112640
1681630072891 1687.0 114688
1681630074571 1415.0 116736
1681630076604 1247.0 118784
1681630078263 1244.0 120832
1681630079976 1234.0 122880
1681630081754 1359.0 124928
1681630083754 1167.0 126976
1681630085486 1172.0 129024
1681630087546 1122.0 131072
1681630089133 1152.0 133120
1681630091670 899.0 135168
1681630094651 779.0 137216
1681630096794 830.0 139264
1681630098280 921.0 141312
1681630100337 935.0 143360
1681630102425 1122.0 145408
1681630104559 1034.0 147456
1681630106351 1068.0 149504
1681630109005 974.0 151552
1681630111294 957.0 153600
1681630113102 1325.0 155648
1681630115303 1093.0 157696
1681630117365 1057.0 159744
1681630119704 1005.0 161792
1681630121462 1033.0 163840
1681630123315 1286.0 165888
1681630125664 1039.0 167936
1681630127471 1069.0 169984
1681630129406 1066.0 172032
1681630131717 1024.0 174080
1681630133579 1292.0 176128
1681630135219 1270.0 178176
1681630136880 1257.0 180224
1681630138519 1255.0 182272
1681630140397 1218.0 184320
1681630142998 883.0 186368
1681630144839 984.0 188416
1681630147235 937.0 190464
1681630149837 894.0 192512
1681630152144 893.0 194560
1681630154252 1198.0 196608
1681630156021 1177.0 198656
1681630157718 1187.0 200704
1681630159531 1172.0 202752
1681630161013 1208.0 204800
1681630162465 1752.0 206848
1681630164669 1214.0 208896
1681630166241 1242.0 210944
1681630168073 1208.0 212992
1681630169924 1186.0 215040
1681630172019 1129.0 217088
1681630173608 1203.0 219136
1681630175239 1220.0 221184
1681630177066 1193.0 223232
1681630178566 1224.0 225280
1681630180172 1544.0 227328
1681630181940 1323.0 229376
1681630183800 1240.0 231424
1681630185257 1277.0 233472
1681630186995 1256.0 235520
1681630188730 1438.0 237568
1681630190398 1324.0 239616
1681630192759 1126.0 241664
1681630194589 1124.0 243712
1681630196492 1114.0 245760
1681630198843 1002.0 247808
1681630200956 985.0 249856
1681630202871 1011.0 251904
1681630205040 994.0 253952
1681630206804 1023.0 256000
1681630208745 1233.0 258048
1681630210404 1234.0 260096
1681630212315 1174.0 262144
1681630214107 1166.0 264192
1681630215868 1165.0 266240
1681630217754 1274.0 268288
1681630219858 1103.0 270336
1681630221590 1128.0 272384
1681630223335 1139.0 274432
1681630225206 1130.0 276480
1681630227353 1097.0 278528
1681630229357 1058.0 280576
1681630230802 1155.0 282624
1681630232573 1155.0 284672
1681630234133 1184.0 286720
1681630235781 1514.0 288768
1681630237486 1339.0 290816
1681630239054 1328.0 292864
1681630240696 1306.0 294912
1681630242725 1234.0 296960
1681630244855 1117.0 299008
1681630246821 1077.0 301056
1681630248906 1043.0 303104
1681630250485 1097.0 305152
1681630252492 1081.0 307200
1681630254261 1385.0 309248
1681630255889 1319.0 311296
1681630257689 1252.0 313344
1681630259707 1183.0 315392
1681630261172 1220.0 317440
1681630263242 1142.0 319488
1681630264974 1162.0 321536
1681630266573 1199.0 323584
1681630268712 1128.0 325632
1681630270366 1148.0 327680
1681630272563 1071.0 329728
1681630273918 1254.0 331776
1681630275158 1363.0 333824
1681630276738 1346.0 335872
1681630278652 1280.0 337920
1681630280389 1403.0 339968
1681630281875 1390.0 342016
1681630283744 1275.0 344064
1681630286481 1084.0 346112
1681630287980 1131.0 348160
1681630289863 1277.0 350208
1681630291542 1248.0 352256
1681630293391 1197.0 354304
1681630294992 1216.0 356352
1681630296449 1250.0 358400
1681630298578 1105.0 360448
1681630300595 1058.0 362496
1681630302338 1094.0 364544
1681630304125 1107.0 366592
1681630305757 1133.0 368640
1681630307785 1171.0 370688
1681630309795 1089.0 372736
1681630311305 1166.0 374784
1681630313374 1116.0 376832
1681630315378 1096.0 378880
1681630316962 1571.0 380928
1681630318716 1339.0 382976
1681630321205 1107.0 385024
1681630323090 1102.0 387072
1681630325064 1088.0 389120
1681630326681 1526.0 391168
1681630328346 1362.0 393216
1681630329934 1337.0 395264
1681630331636 1300.0 397312
1681630333220 1299.0 399360
1681630334802 1568.0 401408
1681630336215 1506.0 403456
1681630337627 1487.0 405504
1681630339061 1471.0 407552
1681630340722 1416.0 409600
1681630342317 1558.0 411648
1681630343882 1422.0 413696
1681630345717 1303.0 415744
1681630347056 1353.0 417792
1681630348653 1338.0 419840
1681630350931 1024.0 421888
1681630352929 1024.0 423936
1681630354586 1086.0 425984
1681630356205 1126.0 428032
1681630357611 1179.0 430080
1681630359272 1479.0 432128
1681630361089 1279.0 434176
1681630363134 1171.0 436224
1681630364603 1219.0 438272
1681630366230 1227.0 440320
1681630367797 1589.0 442368
1681630369295 1470.0 444416
1681630371377 1261.0 446464
1681630372923 1277.0 448512
1681630374286 1316.0 450560
1681630375975 1453.0 452608
1681630377443 1423.0 454656
1681630379097 1356.0 456704
1681630380707 1334.0 458752
1681630382268 1329.0 460800
1681630383705 1777.0 462848
1681630385012 1665.0 464896
1681630386437 1581.0 466944
1681630387951 1517.0 468992
1681630389303 1517.0 471040
1681630390554 2106.0 473088
1681630391908 1761.0 475136
1681630393380 1617.0 477184
1681630394966 1521.0 479232
1681630396611 1456.0 481280
1681630397908 2008.0 483328
1681630399223 1754.0 485376
1681630400760 1586.0 487424
1681630402475 1466.0 489472
1681630403795 1482.0 491520
1681630405060 2076.0 493568
1681630406315 1827.0 495616
1681630407562 1761.0 497664
1681630408909 1694.0 499712
1681630410433 1610.0 501760
1681630412045 1532.0 503808
1681630413244 1615.0 505856
1681630414495 1622.0 507904
1681630415802 1608.0 509952
1681630417183 1581.0 512000
1681630418727 1618.0 514048
1681630420202 1495.0 516096
1681630421638 1471.0 518144
1681630423208 1425.0 520192
1681630424463 1462.0 522240
1681630425586 2429.0 524288
1681630426933 1871.0 526336
1681630428313 1721.0 528384
1681630429602 1686.0 530432
1681630431010 1634.0 532480
1681630432341 1947.0 534528
1681630433658 1729.0 536576
1681630434857 1722.0 538624
1681630436276 1642.0 540672
1681630437682 1602.0 542720
1681630439158 1751.0 544768
1681630440872 1420.0 546816
1681630442721 1298.0 548864
1681630444227 1313.0 550912
1681630445476 1367.0 552960
1681630446984 1667.0 555008
1681630448331 1590.0 557056
1681630449854 1499.0 559104
1681630451259 1488.0 561152
1681630452645 1486.0 563200
1681630454082 1772.0 565248
1681630455716 1468.0 567296
1681630457097 1473.0 569344
1681630458718 1414.0 571392
1681630460363 1378.0 573440
1681630462131 1459.0 575488
1681630463492 1481.0 577536
1681630464887 1477.0 579584
1681630466528 1412.0 581632
1681630468376 1338.0 583680
1681630470011 1606.0 585728
1681630472242 1168.0 587776
1681630473689 1240.0 589824
1681630475090 1289.0 591872
1681630476425 1331.0 593920
1681630477770 1957.0 595968
1681630479425 1515.0 598016
1681630480994 1438.0 600064
1681630482331 1460.0 602112
1681630484375 1338.0 604160
1681630485743 1994.0 606208
1681630487185 1659.0 608256
1681630488513 1618.0 610304
1681630490080 1527.0 612352
1681630491440 1523.0 614400
1681630492892 1809.0 616448
1681630494356 1577.0 618496
1681630496075 1423.0 620544
1681630497516 1423.0 622592
1681630498864 1441.0 624640
1681630500622 1409.0 626688
1681630502128 1384.0 628736
1681630503628 1377.0 630784
1681630505215 1354.0 632832
1681630506850 1333.0 634880
1681630508598 1476.0 636928
1681630510046 1444.0 638976
1681630511633 1389.0 641024
1681630513348 1334.0 643072
1681630514656 1375.0 645120
1681630516280 1528.0 647168
1681630517663 1504.0 649216
1681630519001 1513.0 651264
1681630520475 1480.0 653312
1681630521926 1465.0 655360
1681630523212 2027.0 657408
1681630524945 1493.0 659456
1681630526287 1504.0 661504
1681630527963 1422.0 663552
1681630529332 1436.0 665600
1681630530706 1865.0 667648
1681630532352 1492.0 669696
1681630533516 1572.0 671744
1681630535215 1460.0 673792
1681630536908 1402.0 675840
1681630538250 1922.0 677888
1681630540001 1454.0 679936
1681630542111 1247.0 681984
1681630543634 1270.0 684032
1681630544950 1318.0 686080
1681630546372 1788.0 688128
1681630547928 1516.0 690176
1681630549583 1410.0 692224
1681630551116 1391.0 694272
1681630552892 1336.0 696320
1681630554273 1854.0 698368
1681630555491 1763.0 700416
1681630557209 1520.0 702464
1681630558614 1504.0 704512
1681630559807 1542.0 706560
1681630561306 1682.0 708608
1681630562981 1416.0 710656
1681630564528 1384.0 712704
1681630566073 1368.0 714752
1681630567778 1331.0 716800
1681630569125 1917.0 718848
1681630570416 1736.0 720896
1681630571895 1601.0 722944
1681630573697 1452.0 724992
1681630575136 1446.0 727040
1681630576778 1508.0 729088
1681630578345 1400.0 731136
1681630579880 1377.0 733184
1681630581406 1368.0 735232
1681630582927 1363.0 737280
1681630584958 1166.0 739328
1681630586213 1360.0 741376
1681630587625 1389.0 743424
1681630588920 1432.0 745472
1681630590271 1448.0 747520
1681630591462 2257.0 749568
1681630592980 1688.0 751616
1681630594302 1639.0 753664
1681630595571 1633.0 755712
1681630596968 1596.0 757760
1681630598189 2174.0 759808
1681630599524 1799.0 761856
1681630600878 1692.0 763904
1681630602582 1535.0 765952
1681630604524 1407.0 768000
1681630605952 1778.0 770048
1681630607390 1581.0 772096
1681630608644 1598.0 774144
1681630609928 1597.0 776192
1681630611234 1591.0 778240
1681630612676 1769.0 780288
1681630614031 1630.0 782336
1681630615693 1471.0 784384
1681630617060 1478.0 786432
1681630618754 1415.0 788480
1681630620480 1421.0 790528
1681630622924 1054.0 792576
1681630624317 1164.0 794624
1681630626062 1166.0 796672
1681630627649 1189.0 798720
1681630629161 1660.0 800768
1681630630640 1509.0 802816
1681630631793 1589.0 804864
1681630633442 1485.0 806912
1681630635159 1416.0 808960
1681630637131 1210.0 811008
1681630638457 1357.0 813056
1681630640626 1184.0 815104
1681630642016 1245.0 817152
1681630643346 1294.0 819200
1681630644824 1709.0 821248
1681630646249 1561.0 823296
1681630647477 1595.0 825344
1681630649098 1496.0 827392
1681630650828 1421.0 829440
1681630652018 2241.0 831488
1681630653632 1621.0 833536
1681630655060 1553.0 835584
1681630656782 1443.0 837632
1681630658122 1459.0 839680
1681630659475 1908.0 841728
1681630660862 1664.0 843776
1681630663179 1286.0 845824
1681630664901 1260.0 847872
1681630666438 1274.0 849920
1681630667824 1851.0 851968
1681630669247 1619.0 854016
1681630670497 1625.0 856064
1681630671793 1614.0 858112
1681630673223 1574.0 860160
1681630674946 1423.0 862208
1681630676111 1573.0 864256
1681630677534 1525.0 866304
1681630679043 1479.0 868352
1681630680645 1434.0 870400
1681630682244 1554.0 872448
1681630683568 1550.0 874496
1681630685302 1404.0 876544
1681630687118 1322.0 878592
1681630688519 1348.0 880640
1681630689959 1766.0 882688
1681630691302 1636.0 884736
1681630692915 1493.0 886784
1681630694474 1443.0 888832
1681630695989 1424.0 890880
1681630697472 1702.0 892928
1681630699072 1461.0 894976
1681630700350 1505.0 897024
1681630701844 1469.0 899072
1681630703356 1444.0 901120
1681630704862 1674.0 903168
1681630706287 1546.0 905216
1681630707768 1488.0 907264
1681630709713 1348.0 909312
1681630711511 1300.0 911360
1681630713019 1670.0 913408
1681630714247 1670.0 915456
1681630715650 1593.0 917504
1681630717175 1522.0 919552
1681630719338 1357.0 921600
1681630720707 1877.0 923648
1681630722035 1693.0 925696
1681630724031 1391.0 927744
1681630725477 1397.0 929792
1681630726786 1428.0 931840
1681630728283 1687.0 933888
1681630729699 1557.0 935936
1681630731141 1508.0 937984
1681630732421 1530.0 940032
1681630734399 1397.0 942080
1681630736030 1517.0 944128
1681630737680 1365.0 946176
1681630739256 1342.0 948224
1681630741004 1295.0 950272
1681630743017 1228.0 952320
1681630744330 1978.0 954368
1681630745837 1611.0 956416
1681630747549 1444.0 958464
1681630749118 1406.0 960512
1681630750314 1458.0 962560
1681630751827 1665.0 964608
1681630753467 1427.0 966656
1681630754711 1493.0 968704
1681630756181 1467.0 970752
1681630757595 1463.0 972800
1681630759242 1498.0 974848
1681630761066 1283.0 976896
1681630762833 1239.0 978944
1681630764362 1262.0 980992
1681630765611 1323.0 983040
1681630767266 1493.0 985088
1681630769312 1198.0 987136
1681630771071 1186.0 989184
1681630772772 1191.0 991232
1681630774351 1210.0 993280
1681630775827 1711.0 995328
1681630777364 1498.0 997376
1681630778676 1518.0 999424
1681630780345 1433.0 1001472
1681630782373 1322.0 1003520
1681630784318 1230.0 1005568
1681630786208 1152.0 1007616
1681630787601 1241.0 1009664
1681630789645 1171.0 1011712
1681630791260 1189.0 1013760
1681630792609 1919.0 1015808
1681630794604 1337.0 1017856
1681630796441 1254.0 1019904
1681630798214 1227.0 1021952
1681630799826 1236.0 1024000
