1681629982449 1.0 2048
1681629983141 2.0 4096
1681629983796 3.0 6144
1681629984453 4.0 8192
1681629985123 5.0 10240
1681629985828 1.0 12288
1681629986511 2.0 14336
1681629987205 3.0 16384
1681629987930 4.0 18432
1681629988674 5.0 20480
1681629990217 1.0 22528
1681629991004 2.0 24576
1681629991996 3.0 26624
1681629993158 4.0 28672
1681629994273 5.0 30720
1681629995082 1.0 32768
1681629996026 2.0 34816
1681629996931 3.0 36864
1681629998310 4.0 38912
1681629999788 5.0 40960
1681630000812 1.0 43008
1681630002207 2.0 45056
1681630004000 3.0 47104
1681630005478 4.0 49152
1681630006885 5.0 51200
1681630008277 1.0 53248
1681630010174 2.0 55296
1681630011572 3.0 57344
1681630013010 4.0 59392
1681630014608 5.0 61440
1681630017121 1.0 63488
1681630018542 2.0 65536
1681630020501 3.0 67584
1681630022303 4.0 69632
1681630024593 5.0 71680
1681630027099 1.0 73728
1681630029357 2.0 75776
1681630031877 3.0 77824
1681630034860 4.0 79872
1681630037980 5.0 81920
1681630040635 1.0 83968
1681630043210 2.0 86016
1681630045477 3.0 88064
1681630047819 4.0 90112
1681630050399 5.0 92160
1681630052572 1.0 94208
1681630054713 2.0 96256
1681630057317 3.0 98304
1681630059553 4.0 100352
1681630061616 5.0 102400
1681630064263 1.0 104448
1681630066240 2.0 106496
1681630068322 3.0 108544
1681630069945 4.0 110592
1681630071420 5.0 112640
1681630072892 1.0 114688
1681630074572 2.0 116736
1681630076605 3.0 118784
1681630078263 4.0 120832
1681630079976 5.0 122880
1681630081754 1.0 124928
1681630083755 2.0 126976
1681630085487 3.0 129024
1681630087546 4.0 131072
1681630089133 5.0 133120
1681630091670 1.0 135168
1681630094651 2.0 137216
1681630096794 3.0 139264
1681630098280 4.0 141312
1681630100337 5.0 143360
1681630102425 1.0 145408
1681630104559 2.0 147456
1681630106352 3.0 149504
1681630109007 4.0 151552
1681630111294 5.0 153600
1681630113102 1.0 155648
1681630115303 2.0 157696
1681630117365 3.0 159744
1681630119704 4.0 161792
1681630121462 5.0 163840
1681630123315 1.0 165888
1681630125665 2.0 167936
1681630127471 3.0 169984
1681630129407 4.0 172032
1681630131717 5.0 174080
1681630133579 1.0 176128
1681630135219 2.0 178176
1681630136880 3.0 180224
1681630138520 4.0 182272
1681630140397 5.0 184320
1681630143000 1.0 186368
1681630144839 2.0 188416
1681630147235 3.0 190464
1681630149837 4.0 192512
1681630152144 5.0 194560
1681630154252 1.0 196608
1681630156021 2.0 198656
1681630157718 3.0 200704
1681630159531 4.0 202752
1681630161013 5.0 204800
1681630162465 1.0 206848
1681630164670 2.0 208896
1681630166241 3.0 210944
1681630168073 4.0 212992
1681630169925 5.0 215040
1681630172020 1.0 217088
1681630173609 2.0 219136
1681630175239 3.0 221184
1681630177067 4.0 223232
1681630178566 5.0 225280
1681630180172 1.0 227328
1681630181940 2.0 229376
1681630183801 3.0 231424
1681630185257 4.0 233472
1681630186995 5.0 235520
1681630188731 1.0 237568
1681630190399 2.0 239616
1681630192759 3.0 241664
1681630194590 4.0 243712
1681630196492 5.0 245760
1681630198844 1.0 247808
1681630200957 2.0 249856
1681630202872 3.0 251904
1681630205041 4.0 253952
1681630206805 5.0 256000
1681630208745 1.0 258048
1681630210404 2.0 260096
1681630212316 3.0 262144
1681630214107 4.0 264192
1681630215869 5.0 266240
1681630217754 1.0 268288
1681630219858 2.0 270336
1681630221590 3.0 272384
1681630223335 4.0 274432
1681630225206 5.0 276480
1681630227353 1.0 278528
1681630229357 2.0 280576
1681630230803 3.0 282624
1681630232573 4.0 284672
1681630234134 5.0 286720
1681630235781 1.0 288768
1681630237487 2.0 290816
1681630239054 3.0 292864
1681630240697 4.0 294912
1681630242726 5.0 296960
1681630244855 1.0 299008
1681630246822 2.0 301056
1681630248907 3.0 303104
1681630250485 4.0 305152
1681630252492 5.0 307200
1681630254262 1.0 309248
1681630255889 2.0 311296
1681630257689 3.0 313344
1681630259707 4.0 315392
1681630261173 5.0 317440
1681630263243 1.0 319488
1681630264974 2.0 321536
1681630266573 3.0 323584
1681630268712 4.0 325632
1681630270367 5.0 327680
1681630272564 1.0 329728
1681630273919 2.0 331776
1681630275158 3.0 333824
1681630276739 4.0 335872
1681630278652 5.0 337920
1681630280389 1.0 339968
1681630281875 2.0 342016
1681630283745 3.0 344064
1681630286481 4.0 346112
1681630287981 5.0 348160
1681630289864 1.0 350208
1681630291542 2.0 352256
1681630293391 3.0 354304
1681630294993 4.0 356352
1681630296450 5.0 358400
1681630298578 1.0 360448
1681630300596 2.0 362496
1681630302339 3.0 364544
1681630304125 4.0 366592
1681630305757 5.0 368640
1681630307785 1.0 370688
1681630309796 2.0 372736
1681630311305 3.0 374784
1681630313375 4.0 376832
1681630315378 5.0 378880
1681630316962 1.0 380928
1681630318717 2.0 382976
1681630321205 3.0 385024
1681630323090 4.0 387072
1681630325064 5.0 389120
1681630326681 1.0 391168
1681630328347 2.0 393216
1681630329934 3.0 395264
1681630331637 4.0 397312
1681630333220 5.0 399360
1681630334802 1.0 401408
1681630336215 2.0 403456
1681630337628 3.0 405504
1681630339062 4.0 407552
1681630340723 5.0 409600
1681630342317 1.0 411648
1681630343883 2.0 413696
1681630345717 3.0 415744
1681630347056 4.0 417792
1681630348654 5.0 419840
1681630350932 1.0 421888
1681630352929 2.0 423936
1681630354587 3.0 425984
1681630356205 4.0 428032
1681630357612 5.0 430080
1681630359273 1.0 432128
1681630361089 2.0 434176
1681630363135 3.0 436224
1681630364603 4.0 438272
1681630366230 5.0 440320
1681630367797 1.0 442368
1681630369296 2.0 444416
1681630371378 3.0 446464
1681630372923 4.0 448512
1681630374286 5.0 450560
1681630375976 1.0 452608
1681630377443 2.0 454656
1681630379097 3.0 456704
1681630380707 4.0 458752
1681630382268 5.0 460800
1681630383705 1.0 462848
1681630385012 2.0 464896
1681630386438 3.0 466944
1681630387951 4.0 468992
1681630389303 5.0 471040
1681630390554 1.0 473088
1681630391908 2.0 475136
1681630393380 3.0 477184
1681630394966 4.0 479232
1681630396611 5.0 481280
1681630397909 1.0 483328
1681630399224 2.0 485376
1681630400761 3.0 487424
1681630402475 4.0 489472
1681630403795 5.0 491520
1681630405060 1.0 493568
1681630406315 2.0 495616
1681630407562 3.0 497664
1681630408909 4.0 499712
1681630410434 5.0 501760
1681630412046 1.0 503808
1681630413245 2.0 505856
1681630414495 3.0 507904
1681630415803 4.0 509952
1681630417184 5.0 512000
1681630418728 1.0 514048
1681630420202 2.0 516096
1681630421638 3.0 518144
1681630423208 4.0 520192
1681630424463 5.0 522240
1681630425587 1.0 524288
1681630426933 2.0 526336
1681630428313 3.0 528384
1681630429602 4.0 530432
1681630431010 5.0 532480
1681630432341 1.0 534528
1681630433658 2.0 536576
1681630434858 3.0 538624
1681630436277 4.0 540672
1681630437682 5.0 542720
1681630439159 1.0 544768
1681630440872 2.0 546816
1681630442721 3.0 548864
1681630444227 4.0 550912
1681630445476 5.0 552960
1681630446985 1.0 555008
1681630448331 2.0 557056
1681630449854 3.0 559104
1681630451259 4.0 561152
1681630452646 5.0 563200
1681630454082 1.0 565248
1681630455717 2.0 567296
1681630457097 3.0 569344
1681630458719 4.0 571392
1681630460364 5.0 573440
1681630462131 1.0 575488
1681630463492 2.0 577536
1681630464888 3.0 579584
1681630466529 4.0 581632
1681630468377 5.0 583680
1681630470011 1.0 585728
1681630472242 2.0 587776
1681630473690 3.0 589824
1681630475090 4.0 591872
1681630476426 5.0 593920
1681630477770 1.0 595968
1681630479426 2.0 598016
1681630480995 3.0 600064
1681630482332 4.0 602112
1681630484375 5.0 604160
1681630485744 1.0 606208
1681630487185 2.0 608256
1681630488513 3.0 610304
1681630490080 4.0 612352
1681630491440 5.0 614400
1681630492893 1.0 616448
1681630494357 2.0 618496
1681630496076 3.0 620544
1681630497516 4.0 622592
1681630498864 5.0 624640
1681630500623 1.0 626688
1681630502128 2.0 628736
1681630503629 3.0 630784
1681630505216 4.0 632832
1681630506851 5.0 634880
1681630508598 1.0 636928
1681630510047 2.0 638976
1681630511633 3.0 641024
1681630513348 4.0 643072
1681630514656 5.0 645120
1681630516281 1.0 647168
1681630517663 2.0 649216
1681630519002 3.0 651264
1681630520475 4.0 653312
1681630521926 5.0 655360
1681630523213 1.0 657408
1681630524945 2.0 659456
1681630526288 3.0 661504
1681630527963 4.0 663552
1681630529332 5.0 665600
1681630530706 1.0 667648
1681630532353 2.0 669696
1681630533516 3.0 671744
1681630535216 4.0 673792
1681630536908 5.0 675840
1681630538251 1.0 677888
1681630540001 2.0 679936
1681630542111 3.0 681984
1681630543634 4.0 684032
1681630544951 5.0 686080
1681630546373 1.0 688128
1681630547928 2.0 690176
1681630549583 3.0 692224
1681630551117 4.0 694272
1681630552892 5.0 696320
1681630554274 1.0 698368
1681630555492 2.0 700416
1681630557210 3.0 702464
1681630558614 4.0 704512
1681630559807 5.0 706560
1681630561306 1.0 708608
1681630562981 2.0 710656
1681630564528 3.0 712704
1681630566073 4.0 714752
1681630567779 5.0 716800
1681630569126 1.0 718848
1681630570417 2.0 720896
1681630571895 3.0 722944
1681630573697 4.0 724992
1681630575136 5.0 727040
1681630576778 1.0 729088
1681630578345 2.0 731136
1681630579880 3.0 733184
1681630581406 4.0 735232
1681630582928 5.0 737280
1681630584959 1.0 739328
1681630586213 2.0 741376
1681630587626 3.0 743424
1681630588921 4.0 745472
1681630590271 5.0 747520
1681630591462 1.0 749568
1681630592981 2.0 751616
1681630594302 3.0 753664
1681630595571 4.0 755712
1681630596968 5.0 757760
1681630598190 1.0 759808
1681630599525 2.0 761856
1681630600879 3.0 763904
1681630602582 4.0 765952
1681630604524 5.0 768000
1681630605953 1.0 770048
1681630607391 2.0 772096
1681630608645 3.0 774144
1681630609928 4.0 776192
1681630611235 5.0 778240
1681630612676 1.0 780288
1681630614032 2.0 782336
1681630615694 3.0 784384
1681630617060 4.0 786432
1681630618754 5.0 788480
1681630620480 1.0 790528
1681630622925 2.0 792576
1681630624318 3.0 794624
1681630626062 4.0 796672
1681630627650 5.0 798720
1681630629161 1.0 800768
1681630630641 2.0 802816
1681630631794 3.0 804864
1681630633442 4.0 806912
1681630635159 5.0 808960
1681630637131 1.0 811008
1681630638457 2.0 813056
1681630640626 3.0 815104
1681630642017 4.0 817152
1681630643347 5.0 819200
1681630644824 1.0 821248
1681630646250 2.0 823296
1681630647478 3.0 825344
1681630649099 4.0 827392
1681630650828 5.0 829440
1681630652019 1.0 831488
1681630653632 2.0 833536
1681630655061 3.0 835584
1681630656782 4.0 837632
1681630658122 5.0 839680
1681630659476 1.0 841728
1681630660863 2.0 843776
1681630663179 3.0 845824
1681630664902 4.0 847872
1681630666438 5.0 849920
1681630667824 1.0 851968
1681630669247 2.0 854016
1681630670498 3.0 856064
1681630671793 4.0 858112
1681630673223 5.0 860160
1681630674946 1.0 862208
1681630676111 2.0 864256
1681630677534 3.0 866304
1681630679043 4.0 868352
1681630680645 5.0 870400
1681630682244 1.0 872448
1681630683568 2.0 874496
1681630685302 3.0 876544
1681630687119 4.0 878592
1681630688519 5.0 880640
1681630689960 1.0 882688
1681630691303 2.0 884736
1681630692915 3.0 886784
1681630694474 4.0 888832
1681630695990 5.0 890880
1681630697473 1.0 892928
1681630699072 2.0 894976
1681630700350 3.0 897024
1681630701844 4.0 899072
1681630703357 5.0 901120
1681630704862 1.0 903168
1681630706288 2.0 905216
1681630707768 3.0 907264
1681630709713 4.0 909312
1681630711512 5.0 911360
1681630713020 1.0 913408
1681630714247 2.0 915456
1681630715651 3.0 917504
1681630717175 4.0 919552
1681630719338 5.0 921600
1681630720708 1.0 923648
1681630722035 2.0 925696
1681630724031 3.0 927744
1681630725478 4.0 929792
1681630726787 5.0 931840
1681630728283 1.0 933888
1681630729699 2.0 935936
1681630731141 3.0 937984
1681630732421 4.0 940032
1681630734399 5.0 942080
1681630736030 1.0 944128
1681630737680 2.0 946176
1681630739257 3.0 948224
1681630741004 4.0 950272
1681630743017 5.0 952320
1681630744331 1.0 954368
1681630745837 2.0 956416
1681630747550 3.0 958464
1681630749118 4.0 960512
1681630750315 5.0 962560
1681630751827 1.0 964608
1681630753467 2.0 966656
1681630754711 3.0 968704
1681630756182 4.0 970752
1681630757595 5.0 972800
1681630759242 1.0 974848
1681630761066 2.0 976896
1681630762834 3.0 978944
1681630764362 4.0 980992
1681630765612 5.0 983040
1681630767267 1.0 985088
1681630769312 2.0 987136
1681630771072 3.0 989184
1681630772773 4.0 991232
1681630774351 5.0 993280
1681630775827 1.0 995328
1681630777364 2.0 997376
1681630778676 3.0 999424
1681630780346 4.0 1001472
1681630782373 5.0 1003520
1681630784318 1.0 1005568
1681630786209 2.0 1007616
1681630787602 3.0 1009664
1681630789645 4.0 1011712
1681630791261 5.0 1013760
1681630792609 1.0 1015808
1681630794605 2.0 1017856
1681630796441 3.0 1019904
1681630798214 4.0 1021952
1681630799826 5.0 1024000
