1681629982449 0.0 2048
1681629983142 1.0 4096
1681629983796 1.0 6144
1681629984454 2.0 8192
1681629985123 3.0 10240
1681629985829 0.0 12288
1681629986512 1.0 14336
1681629987205 1.0 16384
1681629987930 2.0 18432
1681629988675 3.0 20480
1681629990217 1.0 22528
1681629991004 2.0 24576
1681629991997 3.0 26624
1681629993158 4.0 28672
1681629994274 5.0 30720
1681629995083 0.0 32768
1681629996027 1.0 34816
1681629996931 2.0 36864
1681629998311 3.0 38912
1681629999788 5.0 40960
1681630000812 0.0 43008
1681630002208 2.0 45056
1681630004000 3.0 47104
1681630005478 5.0 49152
1681630006885 6.0 51200
1681630008277 1.0 53248
1681630010174 3.0 55296
1681630011572 4.0 57344
1681630013010 5.0 59392
1681630014608 7.0 61440
1681630017121 2.0 63488
1681630018542 3.0 65536
1681630020501 5.0 67584
1681630022304 7.0 69632
1681630024593 9.0 71680
1681630027100 2.0 73728
1681630029358 4.0 75776
1681630031877 7.0 77824
1681630034861 10.0 79872
1681630037981 13.0 81920
1681630040635 2.0 83968
1681630043210 4.0 86016
1681630045478 7.0 88064
1681630047819 9.0 90112
1681630050399 12.0 92160
1681630052573 1.0 94208
1681630054714 4.0 96256
1681630057317 6.0 98304
1681630059553 8.0 100352
1681630061617 10.0 102400
1681630064263 2.0 104448
1681630066240 4.0 106496
1681630068322 6.0 108544
1681630069945 8.0 110592
1681630071420 9.0 112640
1681630072892 1.0 114688
1681630074572 2.0 116736
1681630076605 4.0 118784
1681630078263 6.0 120832
1681630079976 8.0 122880
1681630081755 1.0 124928
1681630083755 3.0 126976
1681630085487 5.0 129024
1681630087547 7.0 131072
1681630089133 8.0 133120
1681630091671 2.0 135168
1681630094652 5.0 137216
1681630096795 7.0 139264
1681630098281 8.0 141312
1681630100338 10.0 143360
1681630102425 1.0 145408
1681630104559 3.0 147456
1681630106352 5.0 149504
1681630109007 8.0 151552
1681630111295 10.0 153600
1681630113103 1.0 155648
1681630115304 3.0 157696
1681630117365 5.0 159744
1681630119704 8.0 161792
1681630121462 9.0 163840
1681630123316 1.0 165888
1681630125665 3.0 167936
1681630127471 5.0 169984
1681630129407 7.0 172032
1681630131717 9.0 174080
1681630133579 1.0 176128
1681630135220 3.0 178176
1681630136881 4.0 180224
1681630138520 6.0 182272
1681630140398 8.0 184320
1681630143000 2.0 186368
1681630144839 4.0 188416
1681630147236 6.0 190464
1681630149838 9.0 192512
1681630152144 11.0 194560
1681630154253 1.0 196608
1681630156022 3.0 198656
1681630157718 5.0 200704
1681630159532 6.0 202752
1681630161014 8.0 204800
1681630162465 1.0 206848
1681630164670 3.0 208896
1681630166242 4.0 210944
1681630168074 6.0 212992
1681630169925 8.0 215040
1681630172020 1.0 217088
1681630173609 3.0 219136
1681630175239 5.0 221184
1681630177067 6.0 223232
1681630178566 8.0 225280
1681630180173 1.0 227328
1681630181941 3.0 229376
1681630183801 4.0 231424
1681630185257 6.0 233472
1681630186995 8.0 235520
1681630188731 1.0 237568
1681630190399 3.0 239616
1681630192760 5.0 241664
1681630194590 7.0 243712
1681630196492 9.0 245760
1681630198844 2.0 247808
1681630200957 4.0 249856
1681630202872 6.0 251904
1681630205041 8.0 253952
1681630206805 10.0 256000
1681630208746 1.0 258048
1681630210405 3.0 260096
1681630212316 5.0 262144
1681630214108 7.0 264192
1681630215869 8.0 266240
1681630217755 1.0 268288
1681630219859 3.0 270336
1681630221591 5.0 272384
1681630223336 7.0 274432
1681630225206 9.0 276480
1681630227353 1.0 278528
1681630229357 3.0 280576
1681630230803 5.0 282624
1681630232573 7.0 284672
1681630234135 8.0 286720
1681630235782 1.0 288768
1681630237487 3.0 290816
1681630239054 4.0 292864
1681630240697 6.0 294912
1681630242726 8.0 296960
1681630244856 1.0 299008
1681630246823 3.0 301056
1681630248907 5.0 303104
1681630250485 7.0 305152
1681630252492 9.0 307200
1681630254262 1.0 309248
1681630255890 3.0 311296
1681630257689 4.0 313344
1681630259707 6.0 315392
1681630261173 8.0 317440
1681630263243 1.0 319488
1681630264975 3.0 321536
1681630266574 5.0 323584
1681630268713 7.0 325632
1681630270367 8.0 327680
1681630272564 1.0 329728
1681630273921 3.0 331776
1681630275159 4.0 333824
1681630276739 6.0 335872
1681630278652 7.0 337920
1681630280389 1.0 339968
1681630281876 2.0 342016
1681630283745 4.0 344064
1681630286482 7.0 346112
1681630287981 9.0 348160
1681630289864 1.0 350208
1681630291543 3.0 352256
1681630293391 5.0 354304
1681630294993 6.0 356352
1681630296450 8.0 358400
1681630298579 1.0 360448
1681630300596 3.0 362496
1681630302339 5.0 364544
1681630304125 7.0 366592
1681630305758 9.0 368640
1681630307786 1.0 370688
1681630309796 3.0 372736
1681630311306 5.0 374784
1681630313375 7.0 376832
1681630315378 9.0 378880
1681630316962 1.0 380928
1681630318717 3.0 382976
1681630321206 5.0 385024
1681630323090 7.0 387072
1681630325065 9.0 389120
1681630326682 1.0 391168
1681630328347 3.0 393216
1681630329934 4.0 395264
1681630331637 6.0 397312
1681630333220 7.0 399360
1681630334803 1.0 401408
1681630336216 2.0 403456
1681630337628 4.0 405504
1681630339062 5.0 407552
1681630340723 7.0 409600
1681630342317 1.0 411648
1681630343883 2.0 413696
1681630345718 4.0 415744
1681630347056 6.0 417792
1681630348654 7.0 419840
1681630350932 1.0 421888
1681630352929 3.0 423936
1681630354587 5.0 425984
1681630356206 7.0 428032
1681630357612 8.0 430080
1681630359273 1.0 432128
1681630361090 3.0 434176
1681630363135 5.0 436224
1681630364604 6.0 438272
1681630366231 8.0 440320
1681630367797 1.0 442368
1681630369296 2.0 444416
1681630371378 4.0 446464
1681630372923 6.0 448512
1681630374287 7.0 450560
1681630375976 1.0 452608
1681630377444 2.0 454656
1681630379098 4.0 456704
1681630380708 6.0 458752
1681630382268 7.0 460800
1681630383706 1.0 462848
1681630385012 2.0 464896
1681630386438 3.0 466944
1681630387951 5.0 468992
1681630389304 6.0 471040
1681630390555 0.0 473088
1681630391908 2.0 475136
1681630393380 3.0 477184
1681630394967 5.0 479232
1681630396612 7.0 481280
1681630397909 1.0 483328
1681630399224 2.0 485376
1681630400761 3.0 487424
1681630402476 5.0 489472
1681630403796 6.0 491520
1681630405060 0.0 493568
1681630406316 2.0 495616
1681630407563 3.0 497664
1681630408910 4.0 499712
1681630410434 6.0 501760
1681630412046 1.0 503808
1681630413245 2.0 505856
1681630414496 3.0 507904
1681630415803 5.0 509952
1681630417184 6.0 512000
1681630418728 1.0 514048
1681630420202 2.0 516096
1681630421639 4.0 518144
1681630423208 5.0 520192
1681630424464 7.0 522240
1681630425587 0.0 524288
1681630426933 2.0 526336
1681630428314 3.0 528384
1681630429603 4.0 530432
1681630431011 6.0 532480
1681630432342 1.0 534528
1681630433658 2.0 536576
1681630434858 3.0 538624
1681630436277 4.0 540672
1681630437683 6.0 542720
1681630439159 1.0 544768
1681630440873 2.0 546816
1681630442722 4.0 548864
1681630444228 6.0 550912
1681630445477 7.0 552960
1681630446985 1.0 555008
1681630448331 2.0 557056
1681630449855 4.0 559104
1681630451260 5.0 561152
1681630452646 6.0 563200
1681630454083 1.0 565248
1681630455717 2.0 567296
1681630457098 4.0 569344
1681630458720 5.0 571392
1681630460364 7.0 573440
1681630462131 1.0 575488
1681630463493 2.0 577536
1681630464889 4.0 579584
1681630466529 5.0 581632
1681630468377 7.0 583680
1681630470012 1.0 585728
1681630472243 3.0 587776
1681630473690 4.0 589824
1681630475090 6.0 591872
1681630476426 7.0 593920
1681630477771 1.0 595968
1681630479426 2.0 598016
1681630480995 4.0 600064
1681630482332 5.0 602112
1681630484376 7.0 604160
1681630485744 1.0 606208
1681630487186 2.0 608256
1681630488514 3.0 610304
1681630490081 5.0 612352
1681630491441 6.0 614400
1681630492893 1.0 616448
1681630494357 2.0 618496
1681630496077 4.0 620544
1681630497516 5.0 622592
1681630498867 7.0 624640
1681630500623 1.0 626688
1681630502129 2.0 628736
1681630503629 4.0 630784
1681630505216 6.0 632832
1681630506852 7.0 634880
1681630508599 1.0 636928
1681630510047 2.0 638976
1681630511634 4.0 641024
1681630513349 6.0 643072
1681630514656 7.0 645120
1681630516281 1.0 647168
1681630517664 2.0 649216
1681630519002 4.0 651264
1681630520476 5.0 653312
1681630521927 6.0 655360
1681630523213 1.0 657408
1681630524946 2.0 659456
1681630526288 4.0 661504
1681630527964 5.0 663552
1681630529333 7.0 665600
1681630530706 1.0 667648
1681630532353 2.0 669696
1681630533517 3.0 671744
1681630535216 5.0 673792
1681630536909 7.0 675840
1681630538251 1.0 677888
1681630540002 2.0 679936
1681630542112 4.0 681984
1681630543635 6.0 684032
1681630544951 7.0 686080
1681630546373 1.0 688128
1681630547929 2.0 690176
1681630549584 4.0 692224
1681630551117 5.0 694272
1681630552893 7.0 696320
1681630554274 1.0 698368
1681630555492 2.0 700416
1681630557210 4.0 702464
1681630558614 5.0 704512
1681630559808 6.0 706560
1681630561307 1.0 708608
1681630562982 2.0 710656
1681630564528 4.0 712704
1681630566074 5.0 714752
1681630567779 7.0 716800
1681630569126 1.0 718848
1681630570417 2.0 720896
1681630571896 3.0 722944
1681630573698 5.0 724992
1681630575136 7.0 727040
1681630576779 1.0 729088
1681630578346 2.0 731136
1681630579880 4.0 733184
1681630581407 5.0 735232
1681630582928 7.0 737280
1681630584959 1.0 739328
1681630586214 3.0 741376
1681630587626 4.0 743424
1681630588921 5.0 745472
1681630590271 7.0 747520
1681630591462 0.0 749568
1681630592981 2.0 751616
1681630594303 3.0 753664
1681630595572 5.0 755712
1681630596969 6.0 757760
1681630598190 0.0 759808
1681630599525 2.0 761856
1681630600879 3.0 763904
1681630602583 5.0 765952
1681630604525 7.0 768000
1681630605953 1.0 770048
1681630607391 2.0 772096
1681630608645 3.0 774144
1681630609928 5.0 776192
1681630611235 6.0 778240
1681630612677 1.0 780288
1681630614032 2.0 782336
1681630615694 4.0 784384
1681630617060 5.0 786432
1681630618755 7.0 788480
1681630620480 1.0 790528
1681630622925 3.0 792576
1681630624318 5.0 794624
1681630626062 7.0 796672
1681630627650 8.0 798720
1681630629162 1.0 800768
1681630630641 2.0 802816
1681630631794 3.0 804864
1681630633443 5.0 806912
1681630635160 7.0 808960
1681630637131 1.0 811008
1681630638457 3.0 813056
1681630640627 5.0 815104
1681630642017 6.0 817152
1681630643347 7.0 819200
1681630644824 1.0 821248
1681630646250 2.0 823296
1681630647478 3.0 825344
1681630649099 5.0 827392
1681630650829 7.0 829440
1681630652019 0.0 831488
1681630653632 2.0 833536
1681630655061 3.0 835584
1681630656783 5.0 837632
1681630658123 7.0 839680
1681630659476 1.0 841728
1681630660863 2.0 843776
1681630663179 4.0 845824
1681630664902 6.0 847872
1681630666438 8.0 849920
1681630667824 1.0 851968
1681630669248 2.0 854016
1681630670498 3.0 856064
1681630671793 5.0 858112
1681630673224 6.0 860160
1681630674946 1.0 862208
1681630676111 2.0 864256
1681630677535 4.0 866304
1681630679044 5.0 868352
1681630680646 7.0 870400
1681630682245 1.0 872448
1681630683568 2.0 874496
1681630685303 4.0 876544
1681630687119 6.0 878592
1681630688520 7.0 880640
1681630689960 1.0 882688
1681630691303 2.0 884736
1681630692916 4.0 886784
1681630694475 5.0 888832
1681630695990 7.0 890880
1681630697473 1.0 892928
1681630699073 2.0 894976
1681630700351 4.0 897024
1681630701845 5.0 899072
1681630703357 7.0 901120
1681630704863 1.0 903168
1681630706288 2.0 905216
1681630707768 4.0 907264
1681630709714 6.0 909312
1681630711512 7.0 911360
1681630713020 1.0 913408
1681630714247 2.0 915456
1681630715651 3.0 917504
1681630717175 5.0 919552
1681630719338 7.0 921600
1681630720708 1.0 923648
1681630722036 2.0 925696
1681630724032 4.0 927744
1681630725478 5.0 929792
1681630726787 7.0 931840
1681630728283 1.0 933888
1681630729700 2.0 935936
1681630731142 4.0 937984
1681630732422 5.0 940032
1681630734399 7.0 942080
1681630736031 1.0 944128
1681630737681 2.0 946176
1681630739257 4.0 948224
1681630741005 6.0 950272
1681630743017 8.0 952320
1681630744331 1.0 954368
1681630745838 2.0 956416
1681630747550 4.0 958464
1681630749119 5.0 960512
1681630750315 7.0 962560
1681630751828 1.0 964608
1681630753468 2.0 966656
1681630754712 4.0 968704
1681630756182 5.0 970752
1681630757596 6.0 972800
1681630759243 1.0 974848
1681630761067 3.0 976896
1681630762834 4.0 978944
1681630764362 6.0 980992
1681630765612 7.0 983040
1681630767267 1.0 985088
1681630769313 3.0 987136
1681630771072 5.0 989184
1681630772773 6.0 991232
1681630774352 8.0 993280
1681630775828 1.0 995328
1681630777365 2.0 997376
1681630778677 4.0 999424
1681630780346 5.0 1001472
1681630782374 7.0 1003520
1681630784319 1.0 1005568
1681630786209 3.0 1007616
1681630787602 4.0 1009664
1681630789645 6.0 1011712
1681630791261 8.0 1013760
1681630792610 1.0 1015808
1681630794605 3.0 1017856
1681630796442 4.0 1019904
1681630798215 6.0 1021952
1681630799827 8.0 1024000
