1681629982450 2048.0 2048
1681629983142 4096.0 4096
1681629983797 6144.0 6144
1681629984454 8192.0 8192
1681629985124 10240.0 10240
1681629985829 12288.0 12288
1681629986512 14336.0 14336
1681629987205 16384.0 16384
1681629987931 18432.0 18432
1681629988675 20480.0 20480
1681629990218 22528.0 22528
1681629991005 24576.0 24576
1681629991997 26624.0 26624
1681629993158 28672.0 28672
1681629994274 30720.0 30720
1681629995083 32768.0 32768
1681629996027 34816.0 34816
1681629996932 36864.0 36864
1681629998311 38912.0 38912
1681629999789 40960.0 40960
1681630000813 43008.0 43008
1681630002208 45056.0 45056
1681630004001 47104.0 47104
1681630005479 49152.0 49152
1681630006885 51200.0 51200
1681630008278 53248.0 53248
1681630010174 55296.0 55296
1681630011572 57344.0 57344
1681630013011 59392.0 59392
1681630014609 61440.0 61440
1681630017121 63488.0 63488
1681630018543 65536.0 65536
1681630020501 67584.0 67584
1681630022304 69632.0 69632
1681630024593 71680.0 71680
1681630027100 73728.0 73728
1681630029358 75776.0 75776
1681630031878 77824.0 77824
1681630034861 79872.0 79872
1681630037981 81920.0 81920
1681630040636 83968.0 83968
1681630043210 86016.0 86016
1681630045478 88064.0 88064
1681630047819 90112.0 90112
1681630050400 92160.0 92160
1681630052573 94208.0 94208
1681630054714 96256.0 96256
1681630057317 98304.0 98304
1681630059554 100352.0 100352
1681630061617 102400.0 102400
1681630064263 104448.0 104448
1681630066241 106496.0 106496
1681630068323 108544.0 108544
1681630069945 110592.0 110592
1681630071421 112640.0 112640
1681630072892 114688.0 114688
1681630074573 116736.0 116736
1681630076605 118784.0 118784
1681630078264 120832.0 120832
1681630079977 122880.0 122880
1681630081755 124928.0 124928
1681630083755 126976.0 126976
1681630085488 129024.0 129024
1681630087547 131072.0 131072
1681630089134 133120.0 133120
1681630091671 135168.0 135168
1681630094652 137216.0 137216
1681630096795 139264.0 139264
1681630098281 141312.0 141312
1681630100338 143360.0 143360
1681630102426 145408.0 145408
1681630104560 147456.0 147456
1681630106352 149504.0 149504
1681630109007 151552.0 151552
1681630111295 153600.0 153600
1681630113103 155648.0 155648
1681630115304 157696.0 157696
1681630117366 159744.0 159744
1681630119705 161792.0 161792
1681630121463 163840.0 163840
1681630123316 165888.0 165888
1681630125665 167936.0 167936
1681630127472 169984.0 169984
1681630129407 172032.0 172032
1681630131718 174080.0 174080
1681630133580 176128.0 176128
1681630135220 178176.0 178176
1681630136881 180224.0 180224
1681630138520 182272.0 182272
1681630140398 184320.0 184320
1681630143001 186368.0 186368
1681630144840 188416.0 188416
1681630147236 190464.0 190464
1681630149838 192512.0 192512
1681630152145 194560.0 194560
1681630154253 196608.0 196608
1681630156022 198656.0 198656
1681630157719 200704.0 200704
1681630159532 202752.0 202752
1681630161014 204800.0 204800
1681630162466 206848.0 206848
1681630164670 208896.0 208896
1681630166242 210944.0 210944
1681630168074 212992.0 212992
1681630169926 215040.0 215040
1681630172020 217088.0 217088
1681630173609 219136.0 219136
1681630175240 221184.0 221184
1681630177068 223232.0 223232
1681630178567 225280.0 225280
1681630180173 227328.0 227328
1681630181941 229376.0 229376
1681630183802 231424.0 231424
1681630185258 233472.0 233472
1681630186996 235520.0 235520
1681630188732 237568.0 237568
1681630190399 239616.0 239616
1681630192760 241664.0 241664
1681630194590 243712.0 243712
1681630196493 245760.0 245760
1681630198844 247808.0 247808
1681630200957 249856.0 249856
1681630202872 251904.0 251904
1681630205042 253952.0 253952
1681630206805 256000.0 256000
1681630208746 258048.0 258048
1681630210405 260096.0 260096
1681630212316 262144.0 262144
1681630214108 264192.0 264192
1681630215870 266240.0 266240
1681630217755 268288.0 268288
1681630219859 270336.0 270336
1681630221591 272384.0 272384
1681630223336 274432.0 274432
1681630225207 276480.0 276480
1681630227354 278528.0 278528
1681630229358 280576.0 280576
1681630230804 282624.0 282624
1681630232574 284672.0 284672
1681630234135 286720.0 286720
1681630235782 288768.0 288768
1681630237487 290816.0 290816
1681630239055 292864.0 292864
1681630240697 294912.0 294912
1681630242727 296960.0 296960
1681630244856 299008.0 299008
1681630246823 301056.0 301056
1681630248908 303104.0 303104
1681630250486 305152.0 305152
1681630252493 307200.0 307200
1681630254262 309248.0 309248
1681630255890 311296.0 311296
1681630257690 313344.0 313344
1681630259708 315392.0 315392
1681630261173 317440.0 317440
1681630263244 319488.0 319488
1681630264975 321536.0 321536
1681630266574 323584.0 323584
1681630268713 325632.0 325632
1681630270368 327680.0 327680
1681630272565 329728.0 329728
1681630273922 331776.0 331776
1681630275159 333824.0 333824
1681630276739 335872.0 335872
1681630278653 337920.0 337920
1681630280390 339968.0 339968
1681630281876 342016.0 342016
1681630283746 344064.0 344064
1681630286482 346112.0 346112
1681630287982 348160.0 348160
1681630289864 350208.0 350208
1681630291543 352256.0 352256
1681630293392 354304.0 354304
1681630294994 356352.0 356352
1681630296450 358400.0 358400
1681630298579 360448.0 360448
1681630300597 362496.0 362496
1681630302339 364544.0 364544
1681630304126 366592.0 366592
1681630305758 368640.0 368640
1681630307786 370688.0 370688
1681630309796 372736.0 372736
1681630311306 374784.0 374784
1681630313375 376832.0 376832
1681630315379 378880.0 378880
1681630316963 380928.0 380928
1681630318718 382976.0 382976
1681630321206 385024.0 385024
1681630323091 387072.0 387072
1681630325065 389120.0 389120
1681630326682 391168.0 391168
1681630328348 393216.0 393216
1681630329935 395264.0 395264
1681630331637 397312.0 397312
1681630333221 399360.0 399360
1681630334803 401408.0 401408
1681630336216 403456.0 403456
1681630337629 405504.0 405504
1681630339062 407552.0 407552
1681630340724 409600.0 409600
1681630342318 411648.0 411648
1681630343884 413696.0 413696
1681630345718 415744.0 415744
1681630347057 417792.0 417792
1681630348654 419840.0 419840
1681630350932 421888.0 421888
1681630352930 423936.0 423936
1681630354588 425984.0 425984
1681630356206 428032.0 428032
1681630357612 430080.0 430080
1681630359273 432128.0 432128
1681630361090 434176.0 434176
1681630363135 436224.0 436224
1681630364604 438272.0 438272
1681630366231 440320.0 440320
1681630367798 442368.0 442368
1681630369297 444416.0 444416
1681630371379 446464.0 446464
1681630372924 448512.0 448512
1681630374287 450560.0 450560
1681630375976 452608.0 452608
1681630377444 454656.0 454656
1681630379098 456704.0 456704
1681630380709 458752.0 458752
1681630382269 460800.0 460800
1681630383706 462848.0 462848
1681630385013 464896.0 464896
1681630386438 466944.0 466944
1681630387952 468992.0 468992
1681630389304 471040.0 471040
1681630390555 473088.0 473088
1681630391909 475136.0 475136
1681630393381 477184.0 477184
1681630394967 479232.0 479232
1681630396612 481280.0 481280
1681630397910 483328.0 483328
1681630399224 485376.0 485376
1681630400762 487424.0 487424
1681630402476 489472.0 489472
1681630403796 491520.0 491520
1681630405061 493568.0 493568
1681630406316 495616.0 495616
1681630407564 497664.0 497664
1681630408910 499712.0 499712
1681630410434 501760.0 501760
1681630412046 503808.0 503808
1681630413245 505856.0 505856
1681630414496 507904.0 507904
1681630415803 509952.0 509952
1681630417184 512000.0 512000
1681630418728 514048.0 514048
1681630420203 516096.0 516096
1681630421639 518144.0 518144
1681630423209 520192.0 520192
1681630424464 522240.0 522240
1681630425588 524288.0 524288
1681630426934 526336.0 526336
1681630428314 528384.0 528384
1681630429603 530432.0 530432
1681630431011 532480.0 532480
1681630432342 534528.0 534528
1681630433659 536576.0 536576
1681630434858 538624.0 538624
1681630436278 540672.0 540672
1681630437683 542720.0 542720
1681630439160 544768.0 544768
1681630440873 546816.0 546816
1681630442722 548864.0 548864
1681630444228 550912.0 550912
1681630445477 552960.0 552960
1681630446985 555008.0 555008
1681630448332 557056.0 557056
1681630449855 559104.0 559104
1681630451260 561152.0 561152
1681630452646 563200.0 563200
1681630454083 565248.0 565248
1681630455717 567296.0 567296
1681630457098 569344.0 569344
1681630458721 571392.0 571392
1681630460365 573440.0 573440
1681630462132 575488.0 575488
1681630463493 577536.0 577536
1681630464889 579584.0 579584
1681630466530 581632.0 581632
1681630468377 583680.0 583680
1681630470012 585728.0 585728
1681630472243 587776.0 587776
1681630473690 589824.0 589824
1681630475091 591872.0 591872
1681630476427 593920.0 593920
1681630477771 595968.0 595968
1681630479426 598016.0 598016
1681630480995 600064.0 600064
1681630482333 602112.0 602112
1681630484376 604160.0 604160
1681630485745 606208.0 606208
1681630487186 608256.0 608256
1681630488514 610304.0 610304
1681630490081 612352.0 612352
1681630491441 614400.0 614400
1681630492893 616448.0 616448
1681630494357 618496.0 618496
1681630496077 620544.0 620544
1681630497517 622592.0 622592
1681630498867 624640.0 624640
1681630500624 626688.0 626688
1681630502129 628736.0 628736
1681630503630 630784.0 630784
1681630505217 632832.0 632832
1681630506852 634880.0 634880
1681630508599 636928.0 636928
1681630510048 638976.0 638976
1681630511634 641024.0 641024
1681630513349 643072.0 643072
1681630514657 645120.0 645120
1681630516282 647168.0 647168
1681630517664 649216.0 649216
1681630519003 651264.0 651264
1681630520476 653312.0 653312
1681630521927 655360.0 655360
1681630523214 657408.0 657408
1681630524946 659456.0 659456
1681630526289 661504.0 661504
1681630527964 663552.0 663552
1681630529333 665600.0 665600
1681630530707 667648.0 667648
1681630532353 669696.0 669696
1681630533517 671744.0 671744
1681630535216 673792.0 673792
1681630536909 675840.0 675840
1681630538252 677888.0 677888
1681630540002 679936.0 679936
1681630542112 681984.0 681984
1681630543635 684032.0 684032
1681630544951 686080.0 686080
1681630546374 688128.0 688128
1681630547929 690176.0 690176
1681630549584 692224.0 692224
1681630551117 694272.0 694272
1681630552893 696320.0 696320
1681630554274 698368.0 698368
1681630555492 700416.0 700416
1681630557211 702464.0 702464
1681630558615 704512.0 704512
1681630559808 706560.0 706560
1681630561307 708608.0 708608
1681630562982 710656.0 710656
1681630564529 712704.0 712704
1681630566074 714752.0 714752
1681630567780 716800.0 716800
1681630569127 718848.0 718848
1681630570418 720896.0 720896
1681630571896 722944.0 722944
1681630573698 724992.0 724992
1681630575137 727040.0 727040
1681630576779 729088.0 729088
1681630578346 731136.0 731136
1681630579881 733184.0 733184
1681630581407 735232.0 735232
1681630582929 737280.0 737280
1681630584959 739328.0 739328
1681630586214 741376.0 741376
1681630587626 743424.0 743424
1681630588922 745472.0 745472
1681630590272 747520.0 747520
1681630591463 749568.0 749568
1681630592982 751616.0 751616
1681630594303 753664.0 753664
1681630595572 755712.0 755712
1681630596969 757760.0 757760
1681630598190 759808.0 759808
1681630599525 761856.0 761856
1681630600879 763904.0 763904
1681630602583 765952.0 765952
1681630604525 768000.0 768000
1681630605954 770048.0 770048
1681630607392 772096.0 772096
1681630608645 774144.0 774144
1681630609929 776192.0 776192
1681630611236 778240.0 778240
1681630612677 780288.0 780288
1681630614032 782336.0 782336
1681630615695 784384.0 784384
1681630617061 786432.0 786432
1681630618755 788480.0 788480
1681630620481 790528.0 790528
1681630622926 792576.0 792576
1681630624318 794624.0 794624
1681630626063 796672.0 796672
1681630627651 798720.0 798720
1681630629162 800768.0 800768
1681630630641 802816.0 802816
1681630631794 804864.0 804864
1681630633443 806912.0 806912
1681630635160 808960.0 808960
1681630637132 811008.0 811008
1681630638458 813056.0 813056
1681630640627 815104.0 815104
1681630642017 817152.0 817152
1681630643347 819200.0 819200
1681630644825 821248.0 821248
1681630646250 823296.0 823296
1681630647479 825344.0 825344
1681630649099 827392.0 827392
1681630650829 829440.0 829440
1681630652020 831488.0 831488
1681630653633 833536.0 833536
1681630655062 835584.0 835584
1681630656783 837632.0 837632
1681630658123 839680.0 839680
1681630659476 841728.0 841728
1681630660864 843776.0 843776
1681630663180 845824.0 845824
1681630664902 847872.0 847872
1681630666439 849920.0 849920
1681630667825 851968.0 851968
1681630669248 854016.0 854016
1681630670499 856064.0 856064
1681630671794 858112.0 858112
1681630673224 860160.0 860160
1681630674947 862208.0 862208
1681630676112 864256.0 864256
1681630677535 866304.0 866304
1681630679044 868352.0 868352
1681630680646 870400.0 870400
1681630682245 872448.0 872448
1681630683569 874496.0 874496
1681630685303 876544.0 876544
1681630687119 878592.0 878592
1681630688520 880640.0 880640
1681630689961 882688.0 882688
1681630691303 884736.0 884736
1681630692916 886784.0 886784
1681630694475 888832.0 888832
1681630695990 890880.0 890880
1681630697473 892928.0 892928
1681630699073 894976.0 894976
1681630700351 897024.0 897024
1681630701845 899072.0 899072
1681630703358 901120.0 901120
1681630704863 903168.0 903168
1681630706288 905216.0 905216
1681630707769 907264.0 907264
1681630709714 909312.0 909312
1681630711513 911360.0 911360
1681630713021 913408.0 913408
1681630714248 915456.0 915456
1681630715652 917504.0 917504
1681630717176 919552.0 919552
1681630719339 921600.0 921600
1681630720709 923648.0 923648
1681630722036 925696.0 925696
1681630724032 927744.0 927744
1681630725478 929792.0 929792
1681630726788 931840.0 931840
1681630728284 933888.0 933888
1681630729700 935936.0 935936
1681630731142 937984.0 937984
1681630732422 940032.0 940032
1681630734400 942080.0 942080
1681630736031 944128.0 944128
1681630737681 946176.0 946176
1681630739257 948224.0 948224
1681630741005 950272.0 950272
1681630743018 952320.0 952320
1681630744332 954368.0 954368
1681630745838 956416.0 956416
1681630747551 958464.0 958464
1681630749119 960512.0 960512
1681630750315 962560.0 962560
1681630751828 964608.0 964608
1681630753468 966656.0 966656
1681630754712 968704.0 968704
1681630756183 970752.0 970752
1681630757596 972800.0 972800
1681630759243 974848.0 974848
1681630761067 976896.0 976896
1681630762834 978944.0 978944
1681630764363 980992.0 980992
1681630765613 983040.0 983040
1681630767268 985088.0 985088
1681630769313 987136.0 987136
1681630771072 989184.0 989184
1681630772773 991232.0 991232
1681630774352 993280.0 993280
1681630775828 995328.0 995328
1681630777365 997376.0 997376
1681630778677 999424.0 999424
1681630780347 1001472.0 1001472
1681630782374 1003520.0 1003520
1681630784319 1005568.0 1005568
1681630786209 1007616.0 1007616
1681630787602 1009664.0 1009664
1681630789646 1011712.0 1011712
1681630791261 1013760.0 1013760
1681630792610 1015808.0 1015808
1681630794605 1017856.0 1017856
1681630796442 1019904.0 1019904
1681630798215 1021952.0 1021952
1681630799827 1024000.0 1024000
