1681549275294 1967.0 500
1681549275500 1602.0 1000
1681549275676 1876.0 1500
1681549275854 2046.0 2000
1681549276036 2155.0 2500
1681549276225 2224.0 3000
1681549276416 2273.0 3500
1681549276616 2299.0 4000
1681549276826 2307.0 4500
1681549277079 2270.0 5000
1681549277335 2237.0 5500
1681549277693 2130.0 6000
1681549278100 2016.0 6500
1681549278426 1972.0 7000
1681549278710 1956.0 7500
1681549279037 1923.0 8000
1681549279270 1934.0 8500
1681549279649 1885.0 9000
1681549280072 1828.0 9500
1681549280711 1713.0 10000
