1681549275295 100.0 500
1681549275501 200.0 1000
1681549275677 300.0 1500
1681549275854 400.0 2000
1681549276037 500.0 2500
1681549276226 600.0 3000
1681549276417 700.0 3500
1681549276616 800.0 4000
1681549276827 900.0 4500
1681549277079 1000.0 5000
1681549277335 1100.0 5500
1681549277693 1200.0 6000
1681549278101 1300.0 6500
1681549278427 1400.0 7000
1681549278711 1500.0 7500
1681549279037 1600.0 8000
1681549279270 1700.0 8500
1681549279649 1800.0 9000
1681549280073 1900.0 9500
1681549280712 2000.0 10000
