1681549275296 500.0 500
1681549275502 1000.0 1000
1681549275678 1500.0 1500
1681549275855 2000.0 2000
1681549276038 2500.0 2500
1681549276227 3000.0 3000
1681549276418 3500.0 3500
1681549276617 4000.0 4000
1681549276828 4500.0 4500
1681549277080 5000.0 5000
1681549277336 5500.0 5500
1681549277694 6000.0 6000
1681549278101 6500.0 6500
1681549278428 7000.0 7000
1681549278712 7500.0 7500
1681549279038 8000.0 8000
1681549279271 8500.0 8500
1681549279650 9000.0 9000
1681549280074 9500.0 9500
1681549280713 10000.0 10000
