1681629983143 0.007739207241684198 4096
1681629983797 0.003376813605427742 6144
1681629984455 0.007855843752622604 8192
1681629985124 0.013513011857867241 10240
1681629985829 0.014652425423264503 12288
1681629986512 0.00960178580135107 14336
1681629987206 0.009958170354366302 16384
1681629987931 0.012071034871041775 18432
1681629988676 0.007532971911132336 20480
1681629990218 0.005381901748478413 22528
1681629991005 0.005699713248759508 24576
1681629991997 0.007356168702244759 26624
1681629993159 0.007504171226173639 28672
1681629994274 0.010998597368597984 30720
1681629995083 0.011902691796422005 32768
1681629996027 0.008572543039917946 34816
1681629996932 0.004327444359660149 36864
1681629998312 0.0066732000559568405 38912
1681629999789 0.0068892911076545715 40960
1681630000813 0.007425894029438496 43008
1681630002209 0.008307733573019505 45056
1681630004001 0.009115167893469334 47104
1681630005479 0.00551866227760911 49152
1681630006886 0.007398924790322781 51200
1681630008278 0.010875734500586987 53248
1681630010175 0.009332161396741867 55296
1681630011573 0.010095437988638878 57344
1681630013011 0.008623054251074791 59392
1681630014609 0.004056411795318127 61440
1681630017122 0.009327195584774017 63488
1681630018543 0.00819957535713911 65536
1681630020502 0.009070663712918758 67584
1681630022305 0.00769053166732192 69632
1681630024594 0.004774937871843576 71680
1681630027100 0.013297216035425663 73728
1681630029359 0.006592904217541218 75776
1681630031878 0.005109667778015137 77824
1681630034861 0.011562506668269634 79872
1681630037982 0.013581358827650547 81920
1681630040636 0.007241236977279186 83968
1681630043211 0.0037506078369915485 86016
1681630045479 0.004343501292169094 88064
1681630047820 0.008766524493694305 90112
1681630050400 0.005150356329977512 92160
1681630052573 0.005545426160097122 94208
1681630054714 0.004826837219297886 96256
1681630057318 0.0034904521889984608 98304
1681630059554 0.010222772136330605 100352
1681630061617 0.012499358505010605 102400
1681630064264 0.015774959698319435 104448
1681630066241 0.012081893160939217 106496
1681630068323 0.007893994450569153 108544
1681630069946 0.01646808162331581 110592
1681630071421 0.0030664263758808374 112640
1681630072893 0.0048917075619101524 114688
1681630074573 0.005268792621791363 116736
1681630076606 0.0021648567635565996 118784
1681630078264 0.00660349428653717 120832
1681630079977 0.005056080408394337 122880
1681630081756 0.006665755994617939 124928
1681630083756 0.007157989777624607 126976
1681630085488 0.008438695222139359 129024
1681630087547 0.004093171562999487 131072
1681630089134 0.007343584671616554 133120
1681630091671 0.0048056310042738914 135168
1681630094653 0.009007913060486317 137216
1681630096796 0.0048402780666947365 139264
1681630098282 0.0037889527156949043 141312
1681630100338 0.0036027897149324417 143360
1681630102426 0.008495920337736607 145408
1681630104560 0.003284310922026634 147456
1681630106353 0.005592720117419958 149504
1681630109008 0.0038767410442233086 151552
1681630111295 0.006928595248609781 153600
1681630113103 0.006158336065709591 155648
1681630115304 0.007105319760739803 157696
1681630117366 0.006720873527228832 159744
1681630119705 0.0035334527492523193 161792
1681630121463 0.004530182108283043 163840
1681630123316 0.014411265030503273 165888
1681630125666 0.004852441139519215 167936
1681630127472 0.006374307908117771 169984
1681630129408 0.004847988020628691 172032
1681630131718 0.0060874102637171745 174080
1681630133580 0.006351122632622719 176128
1681630135220 0.004462750628590584 178176
1681630136881 0.004020020831376314 180224
1681630138521 0.006505015306174755 182272
1681630140399 0.004005955066531897 184320
1681630143001 0.007931818254292011 186368
1681630144840 0.004788751248270273 188416
1681630147236 0.009587021544575691 190464
1681630149838 0.007011830806732178 192512
1681630152145 0.005317166447639465 194560
1681630154253 0.0044608283787965775 196608
1681630156022 0.007660397328436375 198656
1681630157719 0.006823551841080189 200704
1681630159533 0.0048921974375844 202752
1681630161014 0.0028524002991616726 204800
1681630162466 0.007586371153593063 206848
1681630164671 0.004007313400506973 208896
1681630166242 0.006688689813017845 210944
1681630168075 0.00785740651190281 212992
1681630169926 0.003434643382206559 215040
1681630172021 0.0029255864210426807 217088
1681630173610 0.0037861422169953585 219136
1681630175240 0.006064244545996189 221184
1681630177068 0.006882716901600361 223232
1681630178567 0.004535096697509289 225280
1681630180174 0.006003096699714661 227328
1681630181941 0.009369706735014915 229376
1681630183802 0.0044916849583387375 231424
1681630185258 0.009256767109036446 233472
1681630186996 0.00856742449104786 235520
1681630188732 0.007931247353553772 237568
1681630190400 0.007820420898497105 239616
1681630192760 0.008733042515814304 241664
1681630194591 0.006981992162764072 243712
1681630196493 0.009561548009514809 245760
1681630198845 0.00888541154563427 247808
1681630200958 0.00809030793607235 249856
1681630202873 0.00809321366250515 251904
1681630205042 0.006367320194840431 253952
1681630206806 0.0022844127379357815 256000
1681630208747 0.00673598051071167 258048
1681630210406 0.006877719424664974 260096
1681630212317 0.0037377774715423584 262144
1681630214109 0.009109102189540863 264192
1681630215870 0.013973177410662174 266240
1681630217755 0.0037904412019997835 268288
1681630219860 0.0065515125170350075 270336
1681630221591 0.005864466540515423 272384
1681630223336 0.0032353282440453768 274432
1681630225207 0.0031642389949411154 276480
1681630227354 0.0025269347243010998 278528
1681630229358 0.0065598818473517895 280576
1681630230804 0.005822381936013699 282624
1681630232574 0.0046979645267128944 284672
1681630234136 0.005715992301702499 286720
1681630235782 0.004922411870211363 288768
1681630237488 0.004646960645914078 290816
1681630239055 0.005405626259744167 292864
1681630240698 0.006241830065846443 294912
1681630242727 0.0030779382213950157 296960
1681630244856 0.005577616393566132 299008
1681630246823 0.0030824909918010235 301056
1681630248908 0.008517077192664146 303104
1681630250486 0.010783884674310684 305152
1681630252493 0.005819076206535101 307200
1681630254263 0.004472747445106506 309248
1681630255891 0.005128432996571064 311296
1681630257690 0.0043890392407774925 313344
1681630259708 0.0029169467743486166 315392
1681630261174 0.009014079347252846 317440
1681630263244 0.003720634849742055 319488
1681630264976 0.004297853447496891 321536
1681630266574 0.007932786829769611 323584
1681630268714 0.004010372329503298 325632
1681630270368 0.01393214613199234 327680
1681630272565 0.004983749706298113 329728
1681630273923 0.00935488659888506 331776
1681630275160 0.006161765195429325 333824
1681630276740 0.0047356486320495605 335872
1681630278653 0.007924014702439308 337920
1681630280390 0.006443512625992298 339968
1681630281877 0.007982857525348663 342016
1681630283746 0.014673191122710705 344064
1681630286482 0.004816462751477957 346112
1681630287982 0.010942928493022919 348160
1681630289865 0.0050343358889222145 350208
1681630291543 0.00292521296069026 352256
1681630293392 0.0026635946705937386 354304
1681630294994 0.0028514063451439142 356352
1681630296451 0.0076530915684998035 358400
1681630298580 0.0055864653550088406 360448
1681630300597 0.005767992697656155 362496
1681630302340 0.004339504521340132 364544
1681630304126 0.006721367593854666 366592
1681630305758 0.004057498183101416 368640
1681630307786 0.004161273129284382 370688
1681630309797 0.0054507870227098465 372736
1681630311306 0.005238579586148262 374784
1681630313376 0.004092114977538586 376832
1681630315379 0.008316487073898315 378880
1681630316963 0.004109004512429237 380928
1681630318718 0.006840843707323074 382976
1681630321207 0.008532505482435226 385024
1681630323091 0.005694427527487278 387072
1681630325066 0.009487216360867023 389120
1681630326682 0.0038407505489885807 391168
1681630328348 0.006382943131029606 393216
1681630329935 0.004594550468027592 395264
1681630331638 0.006738673429936171 397312
1681630333221 0.008685684762895107 399360
1681630334804 0.005747543647885323 401408
1681630336217 0.006647756323218346 403456
1681630337629 0.006521777715533972 405504
1681630339063 0.012562606483697891 407552
1681630340724 0.005070024635642767 409600
1681630342318 0.013516278937458992 411648
1681630343884 0.0057564424350857735 413696
1681630345719 0.007272705435752869 415744
1681630347057 0.011027272790670395 417792
1681630348655 0.006255704909563065 419840
1681630350933 0.0033685972448438406 421888
1681630352930 0.00400881003588438 423936
1681630354588 0.004337888211011887 425984
1681630356207 0.010588956996798515 428032
1681630357613 0.007593192160129547 430080
1681630359274 0.010955825448036194 432128
1681630361090 0.007129181642085314 434176
1681630363136 0.005691767204552889 436224
1681630364605 0.006189210340380669 438272
1681630366231 0.008874104358255863 440320
1681630367798 0.00838177278637886 442368
1681630369297 0.0032702768221497536 444416
1681630371379 0.005448204465210438 446464
1681630372924 0.00796394981443882 448512
1681630374287 0.007292214781045914 450560
1681630375977 0.00403893506154418 452608
1681630377445 0.004193098284304142 454656
1681630379098 0.005648436024785042 456704
1681630380709 0.0069228303618729115 458752
1681630382270 0.010817768052220345 460800
1681630383706 0.005294757895171642 462848
1681630385013 0.0059255920350551605 464896
1681630386439 0.003689100733026862 466944
1681630387952 0.006894420366734266 468992
1681630389304 0.00481348717585206 471040
1681630390556 0.006247818935662508 473088
1681630391909 0.006419575307518244 475136
1681630393381 0.004900886211544275 477184
1681630394967 0.004231349099427462 479232
1681630396612 0.0051439013332128525 481280
1681630397910 0.0058122603222727776 483328
1681630399225 0.009247183799743652 485376
1681630400762 0.008199299685657024 487424
1681630402477 0.004673170391470194 489472
1681630403797 0.023134659975767136 491520
1681630405061 0.003891056403517723 493568
1681630406317 0.0021595009602606297 495616
1681630407564 0.007286492735147476 497664
1681630408910 0.005390997976064682 499712
1681630410435 0.005536070093512535 501760
1681630412047 0.012412548065185547 503808
1681630413246 0.007650227285921574 505856
1681630414497 0.004820743575692177 507904
1681630415804 0.008688327856361866 509952
1681630417185 0.005852416157722473 512000
1681630418729 0.007758156396448612 514048
1681630420203 0.014228102751076221 516096
1681630421640 0.011030808091163635 518144
1681630423209 0.013600468635559082 520192
1681630424465 0.008388372138142586 522240
1681630425588 0.005528577603399754 524288
1681630426934 0.002444120589643717 526336
1681630428314 0.006196242291480303 528384
1681630429603 0.010115213692188263 530432
1681630431012 0.006892685778439045 532480
1681630432343 0.01793348230421543 534528
1681630433659 0.006145942956209183 536576
1681630434859 0.017574697732925415 538624
1681630436278 0.004731126129627228 540672
1681630437684 0.005812322720885277 542720
1681630439160 0.004991766065359116 544768
1681630440874 0.006910379976034164 546816
1681630442723 0.013272412121295929 548864
1681630444229 0.012786197476089 550912
1681630445478 0.005688935052603483 552960
1681630446986 0.0075592054054141045 555008
1681630448332 0.00689280778169632 557056
1681630449855 0.005108588375151157 559104
1681630451261 0.006083664949983358 561152
1681630452647 0.0038847269024699926 563200
1681630454083 0.013088678009808064 565248
1681630455718 0.01839567720890045 567296
1681630457098 0.00920176226645708 569344
1681630458721 0.010861732065677643 571392
1681630460365 0.004811627324670553 573440
1681630462132 0.003313862020149827 575488
1681630463493 0.005189499352127314 577536
1681630464890 0.0030488125048577785 579584
1681630466530 0.00422655139118433 581632
1681630468378 0.014942393638193607 583680
1681630470013 0.003554190741851926 585728
1681630472243 0.00548045989125967 587776
1681630473691 0.003343074582517147 589824
1681630475091 0.00986015610396862 591872
1681630476427 0.0051996344700455666 593920
1681630477772 0.013279077596962452 595968
1681630479427 0.009531917050480843 598016
1681630480996 0.0030577632132917643 600064
1681630482333 0.004405209794640541 602112
1681630484377 0.005674957297742367 604160
1681630485745 0.006738623604178429 606208
1681630487186 0.00817072857171297 608256
1681630488515 0.004966516979038715 610304
1681630490081 0.009967021644115448 612352
1681630491441 0.006520641501992941 614400
1681630492894 0.0038244195748120546 616448
1681630494358 0.005531656555831432 618496
1681630496078 0.004766762722283602 620544
1681630497517 0.01188487745821476 622592
1681630498868 0.006878555752336979 624640
1681630500624 0.005161728709936142 626688
1681630502130 0.004307382740080357 628736
1681630503630 0.0046621328219771385 630784
1681630505217 0.00404259841889143 632832
1681630506853 0.00520480377599597 634880
1681630508600 0.006177800707519054 636928
1681630510048 0.006018330343067646 638976
1681630511635 0.004707536660134792 641024
1681630513349 0.006079457700252533 643072
1681630514657 0.007981435395777225 645120
1681630516282 0.0063072191551327705 647168
1681630517664 0.008050614967942238 649216
1681630519004 0.006757424212992191 651264
1681630520476 0.004812535829842091 653312
1681630521927 0.00577631127089262 655360
1681630523214 0.009787604212760925 657408
1681630524946 0.003898035502061248 659456
1681630526289 0.006877572275698185 661504
1681630527965 0.011167146265506744 663552
1681630529333 0.005924190394580364 665600
1681630530707 0.00445116451010108 667648
1681630532354 0.006113240960985422 669696
1681630533517 0.004713358823210001 671744
1681630535217 0.005988233257085085 673792
1681630536910 0.009349864907562733 675840
1681630538252 0.006294962018728256 677888
1681630540002 0.006697255186736584 679936
1681630542113 0.0071712820790708065 681984
1681630543635 0.005386353004723787 684032
1681630544952 0.005978677421808243 686080
1681630546374 0.004184892866760492 688128
1681630547930 0.008621170185506344 690176
1681630549584 0.004565772600471973 692224
1681630551118 0.0042471387423574924 694272
1681630552893 0.0028362800367176533 696320
1681630554275 0.004485807381570339 698368
1681630555493 0.004932690411806107 700416
1681630557211 0.007697348017245531 702464
1681630558615 0.007552696391940117 704512
1681630559809 0.004426339641213417 706560
1681630561308 0.0041212840005755424 708608
1681630562982 0.006727288477122784 710656
1681630564529 0.005798057187348604 712704
1681630566074 0.005324330180883408 714752
1681630567780 0.004250217229127884 716800
1681630569127 0.010497229173779488 718848
1681630570418 0.007752506993710995 720896
1681630571897 0.006760966032743454 722944
1681630573699 0.0025603165850043297 724992
1681630575137 0.00799073837697506 727040
1681630576779 0.0022476273588836193 729088
1681630578347 0.0029088840819895267 731136
1681630579881 0.004521508235484362 733184
1681630581407 0.004776747897267342 735232
1681630582929 0.005201719235628843 737280
1681630584960 0.005612364504486322 739328
1681630586215 0.003804081119596958 741376
1681630587627 0.00562681071460247 743424
1681630588922 0.006681995466351509 745472
1681630590272 0.004464125260710716 747520
1681630591463 0.008669096045196056 749568
1681630592982 0.010595177300274372 751616
1681630594304 0.006669342517852783 753664
1681630595573 0.007207655813544989 755712
1681630596969 0.00984677579253912 757760
1681630598191 0.005128090735524893 759808
1681630599526 0.0031553381122648716 761856
1681630600880 0.006192460656166077 763904
1681630602583 0.004452219232916832 765952
1681630604526 0.008147472515702248 768000
1681630605954 0.00867428258061409 770048
1681630607392 0.002322032582014799 772096
1681630608646 0.00558561971411109 774144
1681630609929 0.005002344027161598 776192
1681630611236 0.007582508958876133 778240
1681630612678 0.012201560661196709 780288
1681630614033 0.00567418709397316 782336
1681630615695 0.0035549569875001907 784384
1681630617061 0.005311768501996994 786432
1681630618755 0.004319274798035622 788480
1681630620481 0.0064716096967458725 790528
1681630622926 0.004451553337275982 792576
1681630624319 0.005944665987044573 794624
1681630626063 0.006881603039801121 796672
1681630627651 0.004715971648693085 798720
1681630629162 0.008110035210847855 800768
1681630630642 0.004838583059608936 802816
1681630631795 0.006370617542415857 804864
1681630633444 0.0036712917499244213 806912
1681630635160 0.007771120872348547 808960
1681630637132 0.005852722562849522 811008
1681630638458 0.008139451965689659 813056
1681630640628 0.006510443985462189 815104
1681630642018 0.01207041647285223 817152
1681630643348 0.0027178539894521236 819200
1681630644825 0.0033023280557245016 821248
1681630646251 0.00669130077585578 823296
1681630647479 0.005332806147634983 825344
1681630649100 0.0037352885119616985 827392
1681630650830 0.007602706551551819 829440
1681630652020 0.005314977839589119 831488
1681630653633 0.003175855614244938 833536
1681630655062 0.006292191334068775 835584
1681630656783 0.003130798228085041 837632
1681630658124 0.007693197578191757 839680
1681630659477 0.00834272988140583 841728
1681630660864 0.002675467636436224 843776
1681630663180 0.006600511260330677 845824
1681630664903 0.011560386046767235 847872
1681630666439 0.004712577443569899 849920
1681630667825 0.006308575626462698 851968
1681630669248 0.0034975905437022448 854016
1681630670499 0.0026540399994701147 856064
1681630671794 0.0058034989051520824 858112
1681630673225 0.004576708655804396 860160
1681630674947 0.004898474086076021 862208
1681630676112 0.020300500094890594 864256
1681630677536 0.005333700217306614 866304
1681630679044 0.004042145796120167 868352
1681630680646 0.005650464445352554 870400
1681630682245 0.00657117273658514 872448
1681630683569 0.005003415048122406 874496
1681630685303 0.005950372200459242 876544
1681630687120 0.008176751434803009 878592
1681630688521 0.005221187602728605 880640
1681630689961 0.008642582222819328 882688
1681630691304 0.005232217721641064 884736
1681630692916 0.004545607604086399 886784
1681630694475 0.006739810574799776 888832
1681630695991 0.01081668771803379 890880
1681630697474 0.01076250709593296 892928
1681630699073 0.004705369472503662 894976
1681630700352 0.006993032991886139 897024
1681630701846 0.007263847626745701 899072
1681630703358 0.004334490746259689 901120
1681630704863 0.005790512543171644 903168
1681630706289 0.004624280147254467 905216
1681630707769 0.00784915592521429 907264
1681630709715 0.007992824539542198 909312
1681630711513 0.0046071261167526245 911360
1681630713021 0.005288686603307724 913408
1681630714248 0.004324133507907391 915456
1681630715652 0.011064750142395496 917504
1681630717176 0.005405480973422527 919552
1681630719339 0.0050911447033286095 921600
1681630720709 0.007605493068695068 923648
1681630722036 0.008575867861509323 925696
1681630724033 0.005235882941633463 927744
1681630725479 0.007253306917846203 929792
1681630726788 0.004903614521026611 931840
1681630728284 0.006083767861127853 933888
1681630729701 0.004004678223282099 935936
1681630731143 0.003604013239964843 937984
1681630732423 0.0068711708299815655 940032
1681630734400 0.005295236594974995 942080
1681630736031 0.0025997264310717583 944128
1681630737682 0.007960700429975986 946176
1681630739258 0.006110620219260454 948224
1681630741006 0.005717144813388586 950272
1681630743018 0.003023364581167698 952320
1681630744332 0.00977015309035778 954368
1681630745838 0.0022521878127008677 956416
1681630747551 0.0030506423208862543 958464
1681630749120 0.004619644954800606 960512
1681630750316 0.004030858166515827 962560
1681630751829 0.004845080431550741 964608
1681630753468 0.0037806802429258823 966656
1681630754712 0.003520816098898649 968704
1681630756183 0.006272228434681892 970752
1681630757597 0.01143733225762844 972800
1681630759243 0.005434859544038773 974848
1681630761067 0.005888575688004494 976896
1681630762835 0.007228414062410593 978944
1681630764363 0.006840797606855631 980992
1681630765613 0.013287734240293503 983040
1681630767268 0.016336511820554733 985088
1681630769314 0.004806154407560825 987136
1681630771073 0.007469747215509415 989184
1681630772774 0.006802655756473541 991232
1681630774353 0.00383287132717669 993280
1681630775828 0.006116717122495174 995328
1681630777365 0.006563421338796616 997376
1681630778677 0.006963282823562622 999424
1681630780347 0.007803969085216522 1001472
1681630782375 0.04057900235056877 1003520
1681630784320 0.0070868288166821 1005568
1681630786210 0.006000332534313202 1007616
1681630787603 0.00772367138415575 1009664
1681630789646 0.00700809620320797 1011712
1681630791262 0.008013462647795677 1013760
1681630792610 0.006006496027112007 1015808
1681630794606 0.01068529486656189 1017856
1681630796443 0.005545794032514095 1019904
1681630798215 0.004855522885918617 1021952
1681630799827 0.005623008124530315 1024000
