1681629983143 0.060302734375 4096
1681629983797 0.0001953125 6144
1681629984455 0.02412109375 8192
1681629985125 0.08642578125 10240
1681629985830 0.09541015625 12288
1681629986513 0.089599609375 14336
1681629987206 0.1234375 16384
1681629987932 0.135791015625 18432
1681629988676 0.03486328125 20480
1681629990218 0.01923828125 22528
1681629991005 0.01865234375 24576
1681629991998 0.025634765625 26624
1681629993159 0.03173828125 28672
1681629994275 0.040283203125 30720
1681629995084 0.06416015625 32768
1681629996028 0.06103515625 34816
1681629996933 0.016015625 36864
1681629998312 0.078125 38912
1681629999790 0.036181640625 40960
1681630000813 0.023779296875 43008
1681630002209 0.074609375 45056
1681630004002 0.051220703125 47104
1681630005479 0.040966796875 49152
1681630006886 0.056396484375 51200
1681630008278 0.07548828125 53248
1681630010175 0.079638671875 55296
1681630011573 0.109716796875 57344
1681630013011 0.082763671875 59392
1681630014609 0.046923828125 61440
1681630017122 0.10703125 63488
1681630018543 0.078466796875 65536
1681630020502 0.118896484375 67584
1681630022305 0.10830078125 69632
1681630024594 0.05419921875 71680
1681630027101 0.16240234375 73728
1681630029359 0.02607421875 75776
1681630031879 0.056298828125 77824
1681630034862 0.142529296875 79872
1681630037982 0.19287109375 81920
1681630040636 0.069189453125 83968
1681630043211 0.019287109375 86016
1681630045479 0.067431640625 88064
1681630047820 0.0935546875 90112
1681630050400 0.031591796875 92160
1681630052574 0.05283203125 94208
1681630054715 0.044189453125 96256
1681630057318 0.053759765625 98304
1681630059554 0.043408203125 100352
1681630061618 0.116455078125 102400
1681630064264 0.109716796875 104448
1681630066241 0.125537109375 106496
1681630068323 0.0884765625 108544
1681630069946 0.060986328125 110592
1681630071421 0.027978515625 112640
1681630072893 0.0607421875 114688
1681630074573 0.02890625 116736
1681630076606 0.00595703125 118784
1681630078265 0.061279296875 120832
1681630079978 0.04345703125 122880
1681630081756 0.045263671875 124928
1681630083756 0.0380859375 126976
1681630085488 0.043603515625 129024
1681630087548 0.03125 131072
1681630089135 0.07890625 133120
1681630091672 0.02060546875 135168
1681630094653 0.06123046875 137216
1681630096796 0.0673828125 139264
1681630098282 0.034326171875 141312
1681630100339 0.0515625 143360
1681630102426 0.07021484375 145408
1681630104560 0.0568359375 147456
1681630106353 0.054638671875 149504
1681630109008 0.026220703125 151552
1681630111296 0.083251953125 153600
1681630113104 0.0908203125 155648
1681630115305 0.09013671875 157696
1681630117367 0.06474609375 159744
1681630119705 0.039697265625 161792
1681630121464 0.039208984375 163840
1681630123317 0.097216796875 165888
1681630125666 0.039990234375 167936
1681630127473 0.0728515625 169984
1681630129408 0.059423828125 172032
1681630131719 0.066650390625 174080
1681630133581 0.057275390625 176128
1681630135221 0.0279296875 178176
1681630136882 0.02666015625 180224
1681630138521 0.071533203125 182272
1681630140399 0.022021484375 184320
1681630143002 0.0892578125 186368
1681630144841 0.037744140625 188416
1681630147237 0.05146484375 190464
1681630149839 0.066845703125 192512
1681630152146 0.028955078125 194560
1681630154254 0.040625 196608
1681630156023 0.08427734375 198656
1681630157719 0.075439453125 200704
1681630159533 0.06162109375 202752
1681630161015 0.0169921875 204800
1681630162467 0.0763671875 206848
1681630164671 0.057177734375 208896
1681630166243 0.0478515625 210944
1681630168075 0.05537109375 212992
1681630169926 0.0498046875 215040
1681630172021 0.040087890625 217088
1681630173610 0.032763671875 219136
1681630175241 0.069091796875 221184
1681630177068 0.05244140625 223232
1681630178567 0.06357421875 225280
1681630180174 0.04931640625 227328
1681630181942 0.04990234375 229376
1681630183802 0.028955078125 231424
1681630185259 0.07099609375 233472
1681630186997 0.10986328125 235520
1681630188732 0.095361328125 237568
1681630190400 0.061376953125 239616
1681630192761 0.0865234375 241664
1681630194591 0.074365234375 243712
1681630196493 0.115283203125 245760
1681630198845 0.0892578125 247808
1681630200958 0.0458984375 249856
1681630202873 0.09697265625 251904
1681630205042 0.0435546875 253952
1681630206806 0.040966796875 256000
1681630208747 0.07373046875 258048
1681630210406 0.040869140625 260096
1681630212317 0.015869140625 262144
1681630214109 0.056103515625 264192
1681630215870 0.063671875 266240
1681630217756 0.037060546875 268288
1681630219860 0.060693359375 270336
1681630221592 0.05302734375 272384
1681630223337 0.05068359375 274432
1681630225208 0.0203125 276480
1681630227354 0.04111328125 278528
1681630229358 0.053271484375 280576
1681630230804 0.093017578125 282624
1681630232574 0.046875 284672
1681630234136 0.050146484375 286720
1681630235783 0.042724609375 288768
1681630237488 0.048828125 290816
1681630239056 0.02275390625 292864
1681630240698 0.068505859375 294912
1681630242728 0.048974609375 296960
1681630244857 0.056494140625 299008
1681630246824 0.046484375 301056
1681630248909 0.061962890625 303104
1681630250487 0.054052734375 305152
1681630252494 0.067236328125 307200
1681630254263 0.0744140625 309248
1681630255891 0.040966796875 311296
1681630257691 0.04755859375 313344
1681630259708 0.031640625 315392
1681630261174 0.07236328125 317440
1681630263245 0.04140625 319488
1681630264976 0.05927734375 321536
1681630266575 0.1005859375 323584
1681630268714 0.024755859375 325632
1681630270368 0.05009765625 327680
1681630272565 0.05185546875 329728
1681630273924 0.083154296875 331776
1681630275161 0.04580078125 333824
1681630276740 0.060888671875 335872
1681630278653 0.0767578125 337920
1681630280391 0.0587890625 339968
1681630281877 0.073828125 342016
1681630283746 0.065185546875 344064
1681630286483 0.048193359375 346112
1681630287983 0.0783203125 348160
1681630289865 0.036572265625 350208
1681630291544 0.03466796875 352256
1681630293392 0.03779296875 354304
1681630294994 0.036865234375 356352
1681630296451 0.079150390625 358400
1681630298580 0.06142578125 360448
1681630300597 0.04169921875 362496
1681630302340 0.037939453125 364544
1681630304127 0.04599609375 366592
1681630305759 0.038330078125 368640
1681630307787 0.05166015625 370688
1681630309797 0.037744140625 372736
1681630311307 0.05703125 374784
1681630313376 0.055322265625 376832
1681630315380 0.069091796875 378880
1681630316963 0.034716796875 380928
1681630318719 0.057373046875 382976
1681630321207 0.09609375 385024
1681630323092 0.059814453125 387072
1681630325066 0.091455078125 389120
1681630326683 0.041064453125 391168
1681630328348 0.08056640625 393216
1681630329936 0.052490234375 395264
1681630331638 0.07275390625 397312
1681630333222 0.08076171875 399360
1681630334804 0.114306640625 401408
1681630336217 0.0763671875 403456
1681630337629 0.06591796875 405504
1681630339063 0.10400390625 407552
1681630340724 0.051171875 409600
1681630342318 0.058154296875 411648
1681630343885 0.052734375 413696
1681630345719 0.061572265625 415744
1681630347058 0.083154296875 417792
1681630348655 0.048486328125 419840
1681630350933 0.029248046875 421888
1681630352931 0.025537109375 423936
1681630354588 0.055517578125 425984
1681630356207 0.075439453125 428032
1681630357613 0.069873046875 430080
1681630359274 0.0826171875 432128
1681630361091 0.0587890625 434176
1681630363136 0.05341796875 436224
1681630364605 0.0646484375 438272
1681630366232 0.078515625 440320
1681630367798 0.086767578125 442368
1681630369298 0.030712890625 444416
1681630371379 0.0330078125 446464
1681630372925 0.06240234375 448512
1681630374288 0.04384765625 450560
1681630375977 0.059619140625 452608
1681630377445 0.04853515625 454656
1681630379099 0.050537109375 456704
1681630380710 0.076220703125 458752
1681630382270 0.107470703125 460800
1681630383707 0.04072265625 462848
1681630385013 0.078076171875 464896
1681630386439 0.02490234375 466944
1681630387953 0.107080078125 468992
1681630389305 0.056103515625 471040
1681630390556 0.04208984375 473088
1681630391909 0.0314453125 475136
1681630393382 0.0662109375 477184
1681630394968 0.04453125 479232
1681630396613 0.039404296875 481280
1681630397911 0.040283203125 483328
1681630399225 0.06328125 485376
1681630400762 0.0814453125 487424
1681630402477 0.051513671875 489472
1681630403797 0.058056640625 491520
1681630405062 0.045849609375 493568
1681630406317 0.02119140625 495616
1681630407565 0.0681640625 497664
1681630408911 0.05810546875 499712
1681630410435 0.04443359375 501760
1681630412047 0.13505859375 503808
1681630413246 0.061962890625 505856
1681630414497 0.068017578125 507904
1681630415804 0.061865234375 509952
1681630417185 0.058984375 512000
1681630418729 0.05771484375 514048
1681630420204 0.117578125 516096
1681630421640 0.181884765625 518144
1681630423209 0.0951171875 520192
1681630424465 0.0712890625 522240
1681630425588 0.038671875 524288
1681630426934 0.046142578125 526336
1681630428315 0.0642578125 528384
1681630429604 0.089990234375 530432
1681630431012 0.0677734375 532480
1681630432343 0.105078125 534528
1681630433659 0.068310546875 536576
1681630434859 0.1376953125 538624
1681630436278 0.049560546875 540672
1681630437685 0.0427734375 542720
1681630439160 0.055224609375 544768
1681630440874 0.045166015625 546816
1681630442723 0.09697265625 548864
1681630444229 0.11923828125 550912
1681630445478 0.0712890625 552960
1681630446986 0.060107421875 555008
1681630448333 0.051513671875 557056
1681630449856 0.06494140625 559104
1681630451261 0.04970703125 561152
1681630452647 0.048486328125 563200
1681630454084 0.076123046875 565248
1681630455718 0.086279296875 567296
1681630457099 0.132568359375 569344
1681630458722 0.111181640625 571392
1681630460366 0.0328125 573440
1681630462132 0.058935546875 575488
1681630463494 0.04814453125 577536
1681630464890 0.03740234375 579584
1681630466530 0.068017578125 581632
1681630468379 0.082568359375 583680
1681630470014 0.04482421875 585728
1681630472244 0.038818359375 587776
1681630473691 0.049462890625 589824
1681630475092 0.07763671875 591872
1681630476428 0.041162109375 593920
1681630477772 0.071484375 595968
1681630479427 0.09365234375 598016
1681630480996 0.0359375 600064
1681630482334 0.04736328125 602112
1681630484377 0.0537109375 604160
1681630485745 0.066748046875 606208
1681630487187 0.070166015625 608256
1681630488515 0.037109375 610304
1681630490082 0.033740234375 612352
1681630491442 0.05400390625 614400
1681630492894 0.07353515625 616448
1681630494358 0.0626953125 618496
1681630496078 0.0642578125 620544
1681630497517 0.09970703125 622592
1681630498874 0.0650390625 624640
1681630500624 0.043310546875 626688
1681630502130 0.04296875 628736
1681630503630 0.059716796875 630784
1681630505218 0.056640625 632832
1681630506853 0.07861328125 634880
1681630508601 0.059228515625 636928
1681630510048 0.066552734375 638976
1681630511635 0.078173828125 641024
1681630513350 0.062109375 643072
1681630514658 0.05400390625 645120
1681630516282 0.049169921875 647168
1681630517665 0.086279296875 649216
1681630519004 0.059130859375 651264
1681630520477 0.058984375 653312
1681630521928 0.067822265625 655360
1681630523214 0.101513671875 657408
1681630524947 0.06669921875 659456
1681630526289 0.0865234375 661504
1681630527965 0.122900390625 663552
1681630529334 0.070849609375 665600
1681630530707 0.070556640625 667648
1681630532354 0.0525390625 669696
1681630533518 0.042578125 671744
1681630535217 0.08291015625 673792
1681630536910 0.0734375 675840
1681630538252 0.064501953125 677888
1681630540003 0.0541015625 679936
1681630542113 0.083837890625 681984
1681630543636 0.06982421875 684032
1681630544952 0.039111328125 686080
1681630546374 0.063916015625 688128
1681630547930 0.0751953125 690176
1681630549585 0.072412109375 692224
1681630551118 0.050634765625 694272
1681630552894 0.016259765625 696320
1681630554275 0.04521484375 698368
1681630555493 0.074951171875 700416
1681630557211 0.0765625 702464
1681630558616 0.13408203125 704512
1681630559809 0.058203125 706560
1681630561308 0.040869140625 708608
1681630562983 0.060888671875 710656
1681630564530 0.06376953125 712704
1681630566075 0.0541015625 714752
1681630567780 0.06201171875 716800
1681630569127 0.156201171875 718848
1681630570418 0.08056640625 720896
1681630571897 0.0783203125 722944
1681630573699 0.020947265625 724992
1681630575138 0.16328125 727040
1681630576780 0.04462890625 729088
1681630578347 0.06728515625 731136
1681630579882 0.066357421875 733184
1681630581408 0.0556640625 735232
1681630582929 0.037353515625 737280
1681630584960 0.065576171875 739328
1681630586215 0.04091796875 741376
1681630587627 0.06005859375 743424
1681630588922 0.07607421875 745472
1681630590273 0.042236328125 747520
1681630591464 0.0748046875 749568
1681630592982 0.05751953125 751616
1681630594304 0.038671875 753664
1681630595573 0.043994140625 755712
1681630596970 0.097607421875 757760
1681630598191 0.06240234375 759808
1681630599526 0.064501953125 761856
1681630600880 0.08447265625 763904
1681630602584 0.057568359375 765952
1681630604526 0.096923828125 768000
1681630605954 0.05693359375 770048
1681630607392 0.033447265625 772096
1681630608646 0.07529296875 774144
1681630609930 0.0611328125 776192
1681630611236 0.075146484375 778240
1681630612678 0.08115234375 780288
1681630614033 0.050927734375 782336
1681630615695 0.064892578125 784384
1681630617062 0.041064453125 786432
1681630618756 0.07412109375 788480
1681630620482 0.058349609375 790528
1681630622926 0.06259765625 792576
1681630624319 0.08046875 794624
1681630626064 0.0587890625 796672
1681630627651 0.058837890625 798720
1681630629163 0.083349609375 800768
1681630630642 0.058349609375 802816
1681630631795 0.06123046875 804864
1681630633444 0.05478515625 806912
1681630635161 0.076513671875 808960
1681630637133 0.04921875 811008
1681630638459 0.055029296875 813056
1681630640628 0.066552734375 815104
1681630642018 0.11572265625 817152
1681630643348 0.022998046875 819200
1681630644826 0.04765625 821248
1681630646251 0.05234375 823296
1681630647479 0.055615234375 825344
1681630649100 0.032470703125 827392
1681630650830 0.057470703125 829440
1681630652020 0.1177734375 831488
1681630653634 0.03095703125 833536
1681630655062 0.042529296875 835584
1681630656784 0.0173828125 837632
1681630658124 0.0728515625 839680
1681630659477 0.06337890625 841728
1681630660864 0.028369140625 843776
1681630663181 0.064013671875 845824
1681630664903 0.14541015625 847872
1681630666440 0.052001953125 849920
1681630667826 0.086083984375 851968
1681630669249 0.0453125 854016
1681630670499 0.03759765625 856064
1681630671795 0.065966796875 858112
1681630673225 0.061083984375 860160
1681630674948 0.0505859375 862208
1681630676112 0.11748046875 864256
1681630677536 0.073486328125 866304
1681630679045 0.05009765625 868352
1681630680647 0.068798828125 870400
1681630682246 0.083984375 872448
1681630683570 0.047607421875 874496
1681630685304 0.047021484375 876544
1681630687120 0.049462890625 878592
1681630688521 0.047412109375 880640
1681630689961 0.072900390625 882688
1681630691304 0.041162109375 884736
1681630692917 0.039990234375 886784
1681630694476 0.066015625 888832
1681630695991 0.098193359375 890880
1681630697474 0.08427734375 892928
1681630699074 0.056982421875 894976
1681630700352 0.049267578125 897024
1681630701846 0.080029296875 899072
1681630703359 0.02958984375 901120
1681630704864 0.05439453125 903168
1681630706289 0.0359375 905216
1681630707769 0.049658203125 907264
1681630709715 0.060888671875 909312
1681630711513 0.054345703125 911360
1681630713021 0.0521484375 913408
1681630714249 0.041455078125 915456
1681630715652 0.049755859375 917504
1681630717177 0.0576171875 919552
1681630719339 0.08349609375 921600
1681630720709 0.117236328125 923648
1681630722037 0.075830078125 925696
1681630724033 0.060888671875 927744
1681630725479 0.057275390625 929792
1681630726788 0.05498046875 931840
1681630728284 0.047802734375 933888
1681630729701 0.100341796875 935936
1681630731143 0.029736328125 937984
1681630732423 0.046240234375 940032
1681630734400 0.046533203125 942080
1681630736032 0.046875 944128
1681630737682 0.067919921875 946176
1681630739258 0.0609375 948224
1681630741006 0.048583984375 950272
1681630743019 0.047412109375 952320
1681630744332 0.06455078125 954368
1681630745839 0.0330078125 956416
1681630747551 0.024560546875 958464
1681630749120 0.034423828125 960512
1681630750316 0.05400390625 962560
1681630751829 0.054931640625 964608
1681630753469 0.042626953125 966656
1681630754713 0.06337890625 968704
1681630756183 0.054541015625 970752
1681630757597 0.09794921875 972800
1681630759244 0.0595703125 974848
1681630761068 0.052783203125 976896
1681630762835 0.081298828125 978944
1681630764364 0.083154296875 980992
1681630765613 0.103076171875 983040
1681630767268 0.079931640625 985088
1681630769314 0.0453125 987136
1681630771073 0.091845703125 989184
1681630772774 0.05537109375 991232
1681630774353 0.043212890625 993280
1681630775829 0.0361328125 995328
1681630777366 0.0470703125 997376
1681630778678 0.056982421875 999424
1681630780347 0.086083984375 1001472
1681630782375 0.18115234375 1003520
1681630784320 0.103759765625 1005568
1681630786210 0.08623046875 1007616
1681630787603 0.064013671875 1009664
1681630789647 0.0515625 1011712
1681630791262 0.0544921875 1013760
1681630792611 0.054931640625 1015808
1681630794606 0.1322265625 1017856
1681630796443 0.065234375 1019904
1681630798216 0.06279296875 1021952
1681630799828 0.0662109375 1024000
