1681629983144 0.2 4096
1681629983798 0.2 6144
1681629984455 0.2 8192
1681629985125 0.2 10240
1681629985830 0.2 12288
1681629986513 0.2 14336
1681629987207 0.2 16384
1681629987932 0.2 18432
1681629988676 0.2 20480
1681629990219 0.2 22528
1681629991006 0.2 24576
1681629991998 0.2 26624
1681629993159 0.2 28672
1681629994275 0.2 30720
1681629995084 0.2 32768
1681629996028 0.2 34816
1681629996933 0.2 36864
1681629998313 0.2 38912
1681629999790 0.2 40960
1681630000814 0.2 43008
1681630002209 0.2 45056
1681630004002 0.2 47104
1681630005480 0.2 49152
1681630006887 0.2 51200
1681630008279 0.2 53248
1681630010175 0.2 55296
1681630011573 0.2 57344
1681630013012 0.2 59392
1681630014610 0.2 61440
1681630017123 0.2 63488
1681630018544 0.2 65536
1681630020503 0.2 67584
1681630022305 0.2 69632
1681630024594 0.2 71680
1681630027101 0.2 73728
1681630029359 0.2 75776
1681630031879 0.2 77824
1681630034862 0.2 79872
1681630037982 0.2 81920
1681630040637 0.2 83968
1681630043212 0.2 86016
1681630045479 0.2 88064
1681630047820 0.2 90112
1681630050401 0.2 92160
1681630052574 0.2 94208
1681630054715 0.2 96256
1681630057318 0.2 98304
1681630059555 0.2 100352
1681630061618 0.2 102400
1681630064264 0.2 104448
1681630066242 0.2 106496
1681630068324 0.2 108544
1681630069946 0.2 110592
1681630071422 0.2 112640
1681630072894 0.2 114688
1681630074574 0.2 116736
1681630076606 0.2 118784
1681630078265 0.2 120832
1681630079978 0.2 122880
1681630081756 0.2 124928
1681630083756 0.2 126976
1681630085489 0.2 129024
1681630087548 0.2 131072
1681630089135 0.2 133120
1681630091672 0.2 135168
1681630094653 0.2 137216
1681630096796 0.2 139264
1681630098282 0.2 141312
1681630100339 0.2 143360
1681630102427 0.2 145408
1681630104561 0.2 147456
1681630106353 0.2 149504
1681630109008 0.2 151552
1681630111296 0.2 153600
1681630113104 0.2 155648
1681630115305 0.2 157696
1681630117367 0.2 159744
1681630119706 0.2 161792
1681630121464 0.2 163840
1681630123317 0.2 165888
1681630125666 0.2 167936
1681630127473 0.2 169984
1681630129408 0.2 172032
1681630131719 0.2 174080
1681630133581 0.2 176128
1681630135221 0.2 178176
1681630136882 0.2 180224
1681630138521 0.2 182272
1681630140399 0.2 184320
1681630143002 0.2 186368
1681630144841 0.2 188416
1681630147237 0.2 190464
1681630149839 0.2 192512
1681630152146 0.2 194560
1681630154254 0.2 196608
1681630156023 0.2 198656
1681630157720 0.2 200704
1681630159533 0.2 202752
1681630161015 0.2 204800
1681630162467 0.2 206848
1681630164671 0.2 208896
1681630166243 0.2 210944
1681630168075 0.2 212992
1681630169927 0.2 215040
1681630172021 0.2 217088
1681630173611 0.2 219136
1681630175241 0.2 221184
1681630177069 0.2 223232
1681630178568 0.2 225280
1681630180174 0.2 227328
1681630181942 0.2 229376
1681630183803 0.2 231424
1681630185259 0.2 233472
1681630186997 0.2 235520
1681630188733 0.2 237568
1681630190401 0.2 239616
1681630192761 0.2 241664
1681630194592 0.2 243712
1681630196494 0.2 245760
1681630198846 0.2 247808
1681630200958 0.2 249856
1681630202874 0.2 251904
1681630205043 0.2 253952
1681630206807 0.2 256000
1681630208747 0.2 258048
1681630210406 0.2 260096
1681630212317 0.2 262144
1681630214109 0.2 264192
1681630215871 0.2 266240
1681630217756 0.2 268288
1681630219860 0.2 270336
1681630221592 0.2 272384
1681630223337 0.2 274432
1681630225208 0.2 276480
1681630227355 0.2 278528
1681630229359 0.2 280576
1681630230805 0.2 282624
1681630232575 0.2 284672
1681630234136 0.2 286720
1681630235783 0.2 288768
1681630237489 0.2 290816
1681630239056 0.2 292864
1681630240699 0.2 294912
1681630242729 0.2 296960
1681630244857 0.2 299008
1681630246825 0.2 301056
1681630248909 0.2 303104
1681630250487 0.2 305152
1681630252494 0.2 307200
1681630254264 0.2 309248
1681630255892 0.2 311296
1681630257691 0.2 313344
1681630259709 0.2 315392
1681630261174 0.2 317440
1681630263245 0.2 319488
1681630264976 0.2 321536
1681630266575 0.2 323584
1681630268715 0.2 325632
1681630270369 0.2 327680
1681630272566 0.2 329728
1681630273924 0.2 331776
1681630275161 0.2 333824
1681630276740 0.2 335872
1681630278654 0.2 337920
1681630280391 0.2 339968
1681630281877 0.2 342016
1681630283747 0.2 344064
1681630286483 0.2 346112
1681630287983 0.2 348160
1681630289865 0.2 350208
1681630291544 0.2 352256
1681630293393 0.2 354304
1681630294995 0.2 356352
1681630296452 0.2 358400
1681630298581 0.2 360448
1681630300598 0.2 362496
1681630302341 0.2 364544
1681630304127 0.2 366592
1681630305759 0.2 368640
1681630307787 0.2 370688
1681630309798 0.2 372736
1681630311307 0.2 374784
1681630313377 0.2 376832
1681630315380 0.2 378880
1681630316964 0.2 380928
1681630318719 0.2 382976
1681630321207 0.2 385024
1681630323092 0.2 387072
1681630325066 0.2 389120
1681630326683 0.2 391168
1681630328349 0.2 393216
1681630329936 0.2 395264
1681630331639 0.2 397312
1681630333222 0.2 399360
1681630334805 0.2 401408
1681630336217 0.2 403456
1681630337630 0.2 405504
1681630339064 0.2 407552
1681630340725 0.2 409600
1681630342319 0.2 411648
1681630343885 0.2 413696
1681630345720 0.2 415744
1681630347058 0.2 417792
1681630348656 0.2 419840
1681630350933 0.2 421888
1681630352931 0.2 423936
1681630354589 0.2 425984
1681630356207 0.2 428032
1681630357613 0.2 430080
1681630359275 0.2 432128
1681630361091 0.2 434176
1681630363136 0.2 436224
1681630364605 0.2 438272
1681630366232 0.2 440320
1681630367799 0.2 442368
1681630369298 0.2 444416
1681630371380 0.2 446464
1681630372925 0.2 448512
1681630374288 0.2 450560
1681630375977 0.2 452608
1681630377445 0.2 454656
1681630379099 0.2 456704
1681630380710 0.2 458752
1681630382271 0.2 460800
1681630383707 0.2 462848
1681630385014 0.2 464896
1681630386439 0.2 466944
1681630387953 0.2 468992
1681630389305 0.2 471040
1681630390556 0.2 473088
1681630391910 0.2 475136
1681630393382 0.2 477184
1681630394968 0.2 479232
1681630396613 0.2 481280
1681630397911 0.2 483328
1681630399226 0.2 485376
1681630400763 0.2 487424
1681630402477 0.2 489472
1681630403797 0.2 491520
1681630405062 0.2 493568
1681630406317 0.2 495616
1681630407565 0.2 497664
1681630408911 0.2 499712
1681630410436 0.2 501760
1681630412048 0.2 503808
1681630413247 0.2 505856
1681630414497 0.2 507904
1681630415805 0.2 509952
1681630417186 0.2 512000
1681630418729 0.2 514048
1681630420204 0.2 516096
1681630421640 0.2 518144
1681630423210 0.2 520192
1681630424465 0.2 522240
1681630425589 0.2 524288
1681630426935 0.2 526336
1681630428315 0.2 528384
1681630429604 0.2 530432
1681630431012 0.2 532480
1681630432343 0.2 534528
1681630433660 0.2 536576
1681630434860 0.2 538624
1681630436279 0.2 540672
1681630437685 0.2 542720
1681630439161 0.2 544768
1681630440875 0.2 546816
1681630442724 0.2 548864
1681630444230 0.2 550912
1681630445479 0.2 552960
1681630446987 0.2 555008
1681630448333 0.2 557056
1681630449856 0.2 559104
1681630451261 0.2 561152
1681630452648 0.2 563200
1681630454084 0.2 565248
1681630455719 0.2 567296
1681630457099 0.2 569344
1681630458723 0.2 571392
1681630460367 0.2 573440
1681630462133 0.2 575488
1681630463494 0.2 577536
1681630464891 0.2 579584
1681630466531 0.2 581632
1681630468379 0.2 583680
1681630470014 0.2 585728
1681630472244 0.2 587776
1681630473692 0.2 589824
1681630475092 0.2 591872
1681630476428 0.2 593920
1681630477772 0.2 595968
1681630479428 0.2 598016
1681630480997 0.2 600064
1681630482334 0.2 602112
1681630484377 0.2 604160
1681630485746 0.2 606208
1681630487187 0.2 608256
1681630488515 0.2 610304
1681630490082 0.2 612352
1681630491442 0.2 614400
1681630492895 0.2 616448
1681630494358 0.2 618496
1681630496079 0.2 620544
1681630497518 0.2 622592
1681630498875 0.2 624640
1681630500625 0.2 626688
1681630502131 0.2 628736
1681630503631 0.2 630784
1681630505219 0.2 632832
1681630506853 0.2 634880
1681630508601 0.2 636928
1681630510049 0.2 638976
1681630511635 0.2 641024
1681630513350 0.2 643072
1681630514658 0.2 645120
1681630516283 0.2 647168
1681630517665 0.2 649216
1681630519005 0.2 651264
1681630520477 0.2 653312
1681630521928 0.2 655360
1681630523215 0.2 657408
1681630524947 0.2 659456
1681630526290 0.2 661504
1681630527965 0.2 663552
1681630529334 0.2 665600
1681630530708 0.2 667648
1681630532355 0.2 669696
1681630533518 0.2 671744
1681630535217 0.2 673792
1681630536910 0.2 675840
1681630538253 0.2 677888
1681630540003 0.2 679936
1681630542113 0.2 681984
1681630543636 0.2 684032
1681630544953 0.2 686080
1681630546375 0.2 688128
1681630547930 0.2 690176
1681630549585 0.2 692224
1681630551119 0.2 694272
1681630552894 0.2 696320
1681630554276 0.2 698368
1681630555494 0.2 700416
1681630557212 0.2 702464
1681630558616 0.2 704512
1681630559809 0.2 706560
1681630561309 0.2 708608
1681630562983 0.2 710656
1681630564530 0.2 712704
1681630566075 0.2 714752
1681630567781 0.2 716800
1681630569128 0.2 718848
1681630570419 0.2 720896
1681630571897 0.2 722944
1681630573699 0.2 724992
1681630575138 0.2 727040
1681630576780 0.2 729088
1681630578347 0.2 731136
1681630579882 0.2 733184
1681630581408 0.2 735232
1681630582930 0.2 737280
1681630584961 0.2 739328
1681630586215 0.2 741376
1681630587628 0.2 743424
1681630588923 0.2 745472
1681630590273 0.2 747520
1681630591464 0.2 749568
1681630592983 0.2 751616
1681630594304 0.2 753664
1681630595573 0.2 755712
1681630596970 0.2 757760
1681630598192 0.2 759808
1681630599527 0.2 761856
1681630600881 0.2 763904
1681630602584 0.2 765952
1681630604526 0.2 768000
1681630605955 0.2 770048
1681630607393 0.2 772096
1681630608647 0.2 774144
1681630609930 0.2 776192
1681630611237 0.2 778240
1681630612678 0.2 780288
1681630614034 0.2 782336
1681630615696 0.2 784384
1681630617062 0.2 786432
1681630618756 0.2 788480
1681630620482 0.2 790528
1681630622927 0.2 792576
1681630624319 0.2 794624
1681630626064 0.2 796672
1681630627652 0.2 798720
1681630629163 0.2 800768
1681630630643 0.2 802816
1681630631796 0.2 804864
1681630633444 0.2 806912
1681630635161 0.2 808960
1681630637133 0.2 811008
1681630638459 0.2 813056
1681630640628 0.2 815104
1681630642019 0.2 817152
1681630643349 0.2 819200
1681630644826 0.2 821248
1681630646251 0.2 823296
1681630647480 0.2 825344
1681630649100 0.2 827392
1681630650830 0.2 829440
1681630652021 0.2 831488
1681630653634 0.2 833536
1681630655063 0.2 835584
1681630656784 0.2 837632
1681630658124 0.2 839680
1681630659478 0.2 841728
1681630660865 0.2 843776
1681630663181 0.2 845824
1681630664904 0.2 847872
1681630666440 0.2 849920
1681630667826 0.2 851968
1681630669249 0.2 854016
1681630670500 0.2 856064
1681630671795 0.2 858112
1681630673225 0.2 860160
1681630674948 0.2 862208
1681630676113 0.2 864256
1681630677536 0.2 866304
1681630679045 0.2 868352
1681630680647 0.2 870400
1681630682246 0.2 872448
1681630683570 0.2 874496
1681630685304 0.2 876544
1681630687121 0.2 878592
1681630688521 0.2 880640
1681630689962 0.2 882688
1681630691305 0.2 884736
1681630692917 0.2 886784
1681630694476 0.2 888832
1681630695992 0.2 890880
1681630697475 0.2 892928
1681630699074 0.2 894976
1681630700352 0.2 897024
1681630701846 0.2 899072
1681630703359 0.2 901120
1681630704864 0.2 903168
1681630706290 0.2 905216
1681630707770 0.2 907264
1681630709715 0.2 909312
1681630711514 0.2 911360
1681630713022 0.2 913408
1681630714249 0.2 915456
1681630715653 0.2 917504
1681630717177 0.2 919552
1681630719340 0.2 921600
1681630720710 0.2 923648
1681630722037 0.2 925696
1681630724033 0.2 927744
1681630725480 0.2 929792
1681630726789 0.2 931840
1681630728285 0.2 933888
1681630729701 0.2 935936
1681630731143 0.2 937984
1681630732423 0.2 940032
1681630734401 0.2 942080
1681630736032 0.2 944128
1681630737682 0.2 946176
1681630739259 0.2 948224
1681630741006 0.2 950272
1681630743019 0.2 952320
1681630744333 0.2 954368
1681630745839 0.2 956416
1681630747552 0.2 958464
1681630749120 0.2 960512
1681630750317 0.2 962560
1681630751830 0.2 964608
1681630753469 0.2 966656
1681630754713 0.2 968704
1681630756184 0.2 970752
1681630757597 0.2 972800
1681630759244 0.2 974848
1681630761068 0.2 976896
1681630762836 0.2 978944
1681630764364 0.2 980992
1681630765614 0.2 983040
1681630767269 0.2 985088
1681630769314 0.2 987136
1681630771074 0.2 989184
1681630772774 0.2 991232
1681630774353 0.2 993280
1681630775830 0.2 995328
1681630777366 0.2 997376
1681630778678 0.2 999424
1681630780348 0.2 1001472
1681630782375 0.2 1003520
1681630784320 0.2 1005568
1681630786210 0.2 1007616
1681630787604 0.2 1009664
1681630789647 0.2 1011712
1681630791263 0.2 1013760
1681630792611 0.2 1015808
1681630794606 0.2 1017856
1681630796443 0.2 1019904
1681630798216 0.2 1021952
1681630799828 0.2 1024000
