1681629983144 -1.381088076904416 4096
1681629983798 -1.3775816071778535 6144
1681629984456 -1.3785050623118877 8192
1681629985125 -1.3634794794023037 10240
1681629985831 -1.3396662306040525 12288
1681629986513 -1.3326300371438264 14336
1681629987207 -1.3132264118641614 16384
1681629987932 -1.2639265861362219 18432
1681629988677 -1.2477852001786232 20480
1681629990219 -1.2205865148454904 22528
1681629991006 -1.2815781589597464 24576
1681629991999 -1.1689733546227217 26624
1681629993160 -1.2136104200035334 28672
1681629994275 -1.1435564376413823 30720
1681629995085 -1.10141462944448 32768
1681629996028 -1.0362579986453055 34816
1681629996933 -1.080747853592038 36864
1681629998314 -1.0413752106949687 38912
1681629999790 -1.0854631442576648 40960
1681630000814 -1.0061509013175964 43008
1681630002210 -0.9834249041974544 45056
1681630004002 -1.0461030591279268 47104
1681630005480 -0.9940863465890288 49152
1681630006887 -1.0105194928124548 51200
1681630008279 -0.9646433506160974 53248
1681630010176 -1.017054762132466 55296
1681630011574 -0.9513789178803563 57344
1681630013012 -0.9708772821351885 59392
1681630014610 -0.9860699886456132 61440
1681630017123 -1.0354902977123857 63488
1681630018544 -0.9407802222296595 65536
1681630020503 -1.0202199045568705 67584
1681630022306 -1.00713793002069 69632
1681630024595 -0.9939452918246389 71680
1681630027102 -0.9484639363363385 73728
1681630029360 -0.9205244759097695 75776
1681630031879 -0.9427014153450728 77824
1681630034862 -1.008394511602819 79872
1681630037983 -1.000225041434169 81920
1681630040637 -1.0280000193044543 83968
1681630043212 -0.9710888583213091 86016
1681630045480 -1.0103472104296087 88064
1681630047821 -1.0242994667962193 90112
1681630050401 -0.9604916015639902 92160
1681630052575 -0.9616311889141798 94208
1681630054715 -0.9839859755709768 96256
1681630057319 -0.9681183464825154 98304
1681630059555 -0.9379648484289647 100352
1681630061618 -0.9478610876947642 102400
1681630064265 -0.8904775407165288 104448
1681630066242 -0.8702086132019758 106496
1681630068324 -0.8347865460440517 108544
1681630069947 -0.8819708447903395 110592
1681630071422 -0.8804192634299397 112640
1681630072894 -0.7632811607792973 114688
1681630074574 -0.850819569453597 116736
1681630076607 -0.8703373160213232 118784
1681630078265 -0.8159894188866019 120832
1681630079978 -0.8942980663850904 122880
1681630081757 -0.7927504932507873 124928
1681630083757 -0.8969077652320265 126976
1681630085489 -0.9266157630831003 129024
1681630087549 -0.8531435737386346 131072
1681630089135 -0.7713630484417081 133120
1681630091672 -0.8293601598590612 135168
1681630094654 -0.8525498144328594 137216
1681630096797 -0.8578685635700822 139264
1681630098283 -0.854335025139153 141312
1681630100339 -0.9072079263627529 143360
1681630102427 -0.8374935131520033 145408
1681630104561 -0.9334237510338426 147456
1681630106354 -0.9083982057869434 149504
1681630109009 -0.8035566091537476 151552
1681630111297 -0.9312003219500185 153600
1681630113104 -0.8918794672936201 155648
1681630115305 -0.9243253899738193 157696
1681630117367 -0.9005941912531853 159744
1681630119706 -0.8514943409711122 161792
1681630121464 -0.838196224719286 163840
1681630123318 -0.9184930892661214 165888
1681630125667 -0.8584223991259933 167936
1681630127473 -0.8642330896109343 169984
1681630129409 -0.8126315435394644 172032
1681630131719 -0.8099343663081526 174080
1681630133581 -0.9026857642456889 176128
1681630135222 -0.9268657542765141 178176
1681630136882 -0.88478958401829 180224
1681630138522 -0.7213841084390878 182272
1681630140400 -0.7255974557250738 184320
1681630143003 -0.8892317518591881 186368
1681630144841 -0.8381196463480591 188416
1681630147237 -0.812193738296628 190464
1681630149839 -0.8672558443620801 192512
1681630152146 -0.7855781076475978 194560
1681630154255 -0.7639449486508966 196608
1681630156024 -0.7370648732408881 198656
1681630157720 -0.8291641669347882 200704
1681630159534 -0.8923709768801927 202752
1681630161016 -0.7509667733684182 204800
1681630162467 -0.8589999107643962 206848
1681630164672 -0.8742024328559637 208896
1681630166243 -0.7846562873572112 210944
1681630168076 -0.7582999669015408 212992
1681630169927 -0.824105484969914 215040
1681630172022 -0.7934176575392484 217088
1681630173611 -0.6617217255756259 219136
1681630175241 -0.8603674452751875 221184
1681630177069 -0.7677811246365309 223232
1681630178568 -0.7989049879834056 225280
1681630180175 -0.776803920418024 227328
1681630181943 -0.7908007176592946 229376
1681630183803 -0.7937240831553936 231424
1681630185259 -0.8097552053630352 233472
1681630186998 -0.8431492323055864 235520
1681630188734 -0.8740374851971865 237568
1681630190401 -0.6210524963214994 239616
1681630192762 -0.8105339057743549 241664
1681630194592 -0.7606329414993525 243712
1681630196494 -0.7978677097707987 245760
1681630198846 -0.7868907853960991 247808
1681630200959 -0.7681591572239995 249856
1681630202874 -0.8320035064592958 251904
1681630205043 -0.8233571181073784 253952
1681630206807 -0.7168446173891425 256000
1681630208748 -0.7692905565723777 258048
1681630210407 -0.7887339200824499 260096
1681630212318 -0.8263257743790746 262144
1681630214110 -0.8425096914172172 264192
1681630215871 -0.8038588697090745 266240
1681630217757 -0.8029179450124502 268288
1681630219861 -0.7194713661447167 270336
1681630221592 -0.8591577185317874 272384
1681630223338 -0.7865532606840133 274432
1681630225208 -0.7540503473952412 276480
1681630227355 -0.7634069496765733 278528
1681630229359 -0.7840987995266915 280576
1681630230805 -0.847315969131887 282624
1681630232575 -0.8035887282341718 284672
1681630234137 -0.8522858779877425 286720
1681630235784 -0.8164560865610838 288768
1681630237489 -0.8528013363480568 290816
1681630239056 -0.79958769492805 292864
1681630240699 -0.8647705478593707 294912
1681630242730 -0.8160316217690706 296960
1681630244857 -0.7938629621639848 299008
1681630246825 -0.788674158602953 301056
1681630248909 -0.795177386701107 303104
1681630250487 -0.8158679716289043 305152
1681630252495 -0.888824156485498 307200
1681630254264 -0.8588549291715026 309248
1681630255892 -0.8521837731823325 311296
1681630257691 -0.8363685855641961 313344
1681630259709 -0.779282065294683 315392
1681630261175 -0.7922193214297295 317440
1681630263246 -0.8188002685084939 319488
1681630264977 -0.7322842979803681 321536
1681630266576 -0.7673973299562931 323584
1681630268716 -0.7976159919053316 325632
1681630270369 -0.667712128162384 327680
1681630272566 -0.7454633137211204 329728
1681630273925 -0.8361380500718951 331776
1681630275162 -0.7866099713370204 333824
1681630276741 -0.7663467142730951 335872
1681630278654 -0.7449585219845176 337920
1681630280391 -0.7744372388347983 339968
1681630281878 -0.806545427814126 342016
1681630283747 -0.8106545489281416 344064
1681630286483 -0.821795878186822 346112
1681630287983 -0.8185825617983937 348160
1681630289866 -0.7974581096321345 350208
1681630291545 -0.7778732379898429 352256
1681630293393 -0.8191506402567029 354304
1681630294995 -0.8343590216711163 356352
1681630296452 -0.7923693496733903 358400
1681630298581 -0.7248170968145132 360448
1681630300598 -0.7046725947409869 362496
1681630302341 -0.7219697462394834 364544
1681630304127 -0.6826657431200147 366592
1681630305760 -0.798695027641952 368640
1681630307787 -0.7774894027039408 370688
1681630309798 -0.6789551082998514 372736
1681630311308 -0.7065543871372938 374784
1681630313377 -0.7334776749834419 376832
1681630315381 -0.7343662107363343 378880
1681630316964 -0.7468007922172546 380928
1681630318720 -0.8046538807451725 382976
1681630321208 -0.767208811454475 385024
1681630323092 -0.6984223144128918 387072
1681630325067 -0.685528508387506 389120
1681630326684 -0.71268659979105 391168
1681630328349 -0.7224862109869719 393216
1681630329936 -0.8209303967654705 395264
1681630331639 -0.7469553917646408 397312
1681630333222 -0.7310503486543893 399360
1681630334806 -0.8066662341356278 401408
1681630336218 -0.7631770242005587 403456
1681630337630 -0.6785764185711741 405504
1681630339064 -0.7800063932314515 407552
1681630340725 -0.7892679518088699 409600
1681630342319 -0.749428809992969 411648
1681630343886 -0.7235715117305517 413696
1681630345720 -0.7105677764862776 415744
1681630347058 -0.6820214847102761 417792
1681630348656 -0.72683537453413 419840
1681630350934 -0.6826787807047368 421888
1681630352932 -0.7184901550412178 423936
1681630354589 -0.7328200224786997 425984
1681630356208 -0.6900898370891809 428032
1681630357614 -0.7287339594215154 430080
1681630359275 -0.6634673690423369 432128
1681630361092 -0.6785708054900169 434176
1681630363137 -0.7121767705306411 436224
1681630364606 -0.7173085683956743 438272
1681630366232 -0.712289746850729 440320
1681630367799 -0.60582773424685 442368
1681630369299 -0.6706682991236448 444416
1681630371380 -0.7336405087262392 446464
1681630372926 -0.7387555697932839 448512
1681630374288 -0.6512166051194072 450560
1681630375978 -0.7855398999527097 452608
1681630377446 -0.6844278307631612 454656
1681630379100 -0.6826563624665141 456704
1681630380711 -0.7262159924954176 458752
1681630382271 -0.6466905487701297 460800
1681630383707 -0.6905837435275316 462848
1681630385014 -0.6787606976926327 464896
1681630386440 -0.7646228179335595 466944
1681630387954 -0.681477565318346 468992
1681630389305 -0.6281817071139812 471040
1681630390557 -0.6777429038658738 473088
1681630391910 -0.7581514151766896 475136
1681630393382 -0.7542984008789062 477184
1681630394968 -0.6357733721844852 479232
1681630396614 -0.5382298004813493 481280
1681630397911 -0.5679892328567803 483328
1681630399226 -0.6357551475986838 485376
1681630400763 -0.6170134454034268 487424
1681630402478 -0.6940882222726941 489472
1681630403798 -0.5328605262562632 491520
1681630405062 -0.5471614161506295 493568
1681630406318 -0.6311358385719359 495616
1681630407566 -0.6238093384541571 497664
1681630408912 -0.6533507680520415 499712
1681630410436 -0.5957539818249643 501760
1681630412048 -0.6399506714195013 503808
1681630413247 -0.6402193570509553 505856
1681630414498 -0.7140963407233357 507904
1681630415805 -0.6658582391217351 509952
1681630417186 -0.5975710950791836 512000
1681630418730 -0.6728046089410782 514048
1681630420204 -0.5553373451344669 516096
1681630421641 -0.6326149879023433 518144
1681630423210 -0.6580986967310309 520192
1681630424466 -0.6502345254644751 522240
1681630425589 -0.668750274553895 524288
1681630426935 -0.647733916155994 526336
1681630428315 -0.6728634234517813 528384
1681630429605 -0.6541596723720431 530432
1681630431013 -0.6451859733089804 532480
1681630432344 -0.6133126419968903 534528
1681630433660 -0.654901641048491 536576
1681630434860 -0.6257796794176101 538624
1681630436279 -0.6475901186466217 540672
1681630437686 -0.6376154720783234 542720
1681630439161 -0.6104429686442018 544768
1681630440875 -0.6472182095050811 546816
1681630442724 -0.6047265563160181 548864
1681630444230 -0.6960189502686263 550912
1681630445479 -0.6053294390439987 552960
1681630446987 -0.6433379942551255 555008
1681630448333 -0.6896874764934182 557056
1681630449857 -0.62467534057796 559104
1681630451262 -0.6541409641504288 561152
1681630452648 -0.643901492934674 563200
1681630454085 -0.68537931535393 565248
1681630455719 -0.6179730225354433 567296
1681630457100 -0.661556981690228 569344
1681630458723 -0.6883081752806902 571392
1681630460371 -0.6709875924512744 573440
1681630462133 -0.5215635938569904 575488
1681630463495 -0.690742564573884 577536
1681630464892 -0.6501980688422918 579584
1681630466531 -0.6307931387796998 581632
1681630468379 -0.6773799985647202 583680
1681630470015 -0.641178623586893 585728
1681630472245 -0.6360805165022612 587776
1681630473692 -0.6169915577396751 589824
1681630475093 -0.6922968622297049 591872
1681630476429 -0.6487309386953711 593920
1681630477773 -0.6355911770835518 595968
1681630479428 -0.6429598473012448 598016
1681630480997 -0.6271534690633416 600064
1681630482335 -0.6599664340727032 602112
1681630484378 -0.6642793994396925 604160
1681630485746 -0.6624124536290765 606208
1681630487188 -0.6531855368986725 608256
1681630488516 -0.6336557035334408 610304
1681630490083 -0.5963927667587996 612352
1681630491443 -0.6582457140088082 614400
1681630492895 -0.6544640026986599 616448
1681630494359 -0.6399965075775981 618496
1681630496080 -0.6220226308330894 620544
1681630497518 -0.6277229778468609 622592
1681630498882 -0.6563574865460395 624640
1681630500625 -0.6315973035991191 626688
1681630502131 -0.5505266989581287 628736
1681630503631 -0.5850171603262424 630784
1681630505219 -0.615760887786746 632832
1681630506854 -0.6366815066896379 634880
1681630508602 -0.6818638399243355 636928
1681630510049 -0.64368359670043 638976
1681630511636 -0.6192204616963863 641024
1681630513350 -0.6239256205037236 643072
1681630514658 -0.609195000026375 645120
1681630516283 -0.62516007181257 647168
1681630517665 -0.636333573423326 649216
1681630519005 -0.6459582189098001 651264
1681630520478 -0.6309970783069729 653312
1681630521929 -0.6329956894740463 655360
1681630523215 -0.652393177524209 657408
1681630524948 -0.6341310018673539 659456
1681630526290 -0.5323322161100805 661504
1681630527966 -0.6383246008306742 663552
1681630529334 -0.5184457897208631 665600
1681630530708 -0.5878827643580735 667648
1681630532355 -0.6054275546222925 669696
1681630533518 -0.5906844262965023 671744
1681630535218 -0.618312215898186 673792
1681630536911 -0.5662623479962349 675840
1681630538253 -0.634766591899097 677888
1681630540003 -0.6112522209994495 679936
1681630542114 -0.6350736362859607 681984
1681630543637 -0.661150431074202 684032
1681630544953 -0.6254507133737206 686080
1681630546375 -0.6174146678298712 688128
1681630547931 -0.5875827923417092 690176
1681630549585 -0.5710990867577493 692224
1681630551119 -0.5856535214930773 694272
1681630552895 -0.6312062548473477 696320
1681630554277 -0.5281183558516205 698368
1681630555494 -0.648156913369894 700416
1681630557212 -0.6290577812120318 702464
1681630558616 -0.6819153249263763 704512
1681630559810 -0.6091992072761059 706560
1681630561309 -0.5858729815110564 708608
1681630562984 -0.6094432358630002 710656
1681630564530 -0.6226702403277159 712704
1681630566076 -0.6146743254736066 714752
1681630567781 -0.64393505230546 716800
1681630569128 -0.5549871928058565 718848
1681630570419 -0.5876463513821364 720896
1681630571898 -0.6129091940820217 722944
1681630573700 -0.5593735339120031 724992
1681630575138 -0.6267700286582112 727040
1681630576780 -0.5777776828967035 729088
1681630578348 -0.574876858573407 731136
1681630579882 -0.5917102799750864 733184
1681630581409 -0.6350224891677498 735232
1681630582930 -0.5858279814943671 737280
1681630584961 -0.6568677769973874 739328
1681630586216 -0.6374509904533625 741376
1681630587628 -0.6431325936689973 743424
1681630588923 -0.5435638858005405 745472
1681630590273 -0.5865894332528114 747520
1681630591464 -0.5722707360051572 749568
1681630592983 -0.5754453755915165 751616
1681630594305 -0.5672877753153444 753664
1681630595574 -0.6230368413031101 755712
1681630596971 -0.591422273311764 757760
1681630598192 -0.5739555732347071 759808
1681630599527 -0.614297364000231 761856
1681630600881 -0.5907945676706732 763904
1681630602585 -0.5774244115687907 765952
1681630604527 -0.6262329434975982 768000
1681630605955 -0.551764546893537 770048
1681630607393 -0.5347685007378459 772096
1681630608647 -0.570536096394062 774144
1681630609930 -0.5563554828055203 776192
1681630611237 -0.6044025084935128 778240
1681630612679 -0.5645164889283478 780288
1681630614034 -0.6010515228845179 782336
1681630615696 -0.599725584872067 784384
1681630617062 -0.49354357505217195 786432
1681630618757 -0.5549533551558852 788480
1681630620482 -0.5562944941222667 790528
1681630622927 -0.5411729212850332 792576
1681630624320 -0.5405470953322947 794624
1681630626064 -0.5786321041174233 796672
1681630627652 -0.5104656205512583 798720
1681630629164 -0.5633595892228186 800768
1681630630643 -0.5872986836358904 802816
1681630631796 -0.5620729880407452 804864
1681630633445 -0.6259102810174226 806912
1681630635161 -0.5518886977806687 808960
1681630637133 -0.5765100325457752 811008
1681630638460 -0.5568538828752935 813056
1681630640629 -0.5868767478503287 815104
1681630642019 -0.587866464164108 817152
1681630643349 -0.5320600205101073 819200
1681630644826 -0.6424111960455775 821248
1681630646252 -0.587314575444907 823296
1681630647480 -0.5448815301060677 825344
1681630649101 -0.6150115897879005 827392
1681630650831 -0.5902036039158702 829440
1681630652021 -0.616482256539166 831488
1681630653634 -0.5710142979398369 833536
1681630655063 -0.5625805305317044 835584
1681630656785 -0.5358384802937508 837632
1681630658125 -0.5503988553769886 839680
1681630659478 -0.6429501879960299 841728
1681630660865 -0.5514336206950248 843776
1681630663181 -0.6285057699307799 845824
1681630664904 -0.6299184005707502 847872
1681630666440 -0.5405069856904448 849920
1681630667826 -0.5686380431987346 851968
1681630669250 -0.5514416713267565 854016
1681630670500 -0.5143075128085911 856064
1681630671795 -0.5753296113573014 858112
1681630673226 -0.5474580361507833 860160
1681630674949 -0.5574861703440547 862208
1681630676113 -0.5473512638360262 864256
1681630677537 -0.5485086073167622 866304
1681630679045 -0.5168936136178672 868352
1681630680648 -0.5391947296448052 870400
1681630682247 -0.5981980858370661 872448
1681630683570 -0.6072783760726452 874496
1681630685305 -0.5529436701908708 876544
1681630687121 -0.5541800417006015 878592
1681630688522 -0.5515188577584922 880640
1681630689962 -0.5732909066602587 882688
1681630691305 -0.5527647047303617 884736
1681630692918 -0.5783677603118121 886784
1681630694477 -0.5119594758376479 888832
1681630695992 -0.6204676169902086 890880
1681630697475 -0.5678751781582833 892928
1681630699075 -0.49243328124284746 894976
1681630700353 -0.5572172719053924 897024
1681630701847 -0.5489353819750249 899072
1681630703359 -0.46163469841703775 901120
1681630704864 -0.6016769843176007 903168
1681630706290 -0.5474536775611341 905216
1681630707770 -0.5335877136327326 907264
1681630709716 -0.5630211770534516 909312
1681630711514 -0.5687281506136059 911360
1681630713022 -0.5416211198084057 913408
1681630714249 -0.58824846688658 915456
1681630715653 -0.5007709336467088 917504
1681630717177 -0.5923861596733332 919552
1681630719340 -0.616544801928103 921600
1681630720710 -0.6466017363592982 923648
1681630722038 -0.5993486059829592 925696
1681630724034 -0.5556919205002486 927744
1681630725480 -0.6209337188862264 929792
1681630726789 -0.5688774408772588 931840
1681630728285 -0.5508252654224635 933888
1681630729702 -0.6094564794562757 935936
1681630731144 -0.5438459906727076 937984
1681630732424 -0.5250498643144965 940032
1681630734401 -0.4967676759697497 942080
1681630736033 -0.6041989636607468 944128
1681630737683 -0.5358962011523545 946176
1681630739259 -0.5741152531467378 948224
1681630741007 -0.46399863408878445 950272
1681630743019 -0.6195401888340711 952320
1681630744333 -0.5733975768089294 954368
1681630745840 -0.5435197494924069 956416
1681630747552 -0.5165496792644262 958464
1681630749121 -0.5124286569654941 960512
1681630750317 -0.5317761285230518 962560
1681630751830 -0.49979296773672105 964608
1681630753470 -0.4807389220222831 966656
1681630754714 -0.5722846340388059 968704
1681630756184 -0.5270674657076597 970752
1681630757598 -0.5400826196186245 972800
1681630759244 -0.5798082320019603 974848
1681630761069 -0.5257742648944259 976896
1681630762836 -0.5703695390373469 978944
1681630764364 -0.5913449998013676 980992
1681630765614 -0.5692305975593627 983040
1681630767269 -0.5458578140474856 985088
1681630769315 -0.5067835035733879 987136
1681630771074 -0.6112364258617162 989184
1681630772775 -0.529414864256978 991232
1681630774354 -0.5317489869892598 993280
1681630775830 -0.5126145880669355 995328
1681630777367 -0.5095521315932274 997376
1681630778679 -0.5781534036621452 999424
1681630780348 -0.5996219785884023 1001472
1681630782376 -0.6127259684726596 1003520
1681630784321 -0.5835439335554838 1005568
1681630786211 -0.5558992274105549 1007616
1681630787604 -0.5552796644158662 1009664
1681630789647 -0.5022607376798988 1011712
1681630791263 -0.54384027402848 1013760
1681630792612 -0.5574294430203736 1015808
1681630794607 -0.5846138081513346 1017856
1681630796444 -0.5555063203908503 1019904
1681630798217 -0.5407383065670729 1021952
1681630799828 -0.6240222211927176 1024000
