1681629983144 -0.005361080169677734 4096
1681629983798 -0.01762104034423828 6144
1681629984456 -0.0013407468795776367 8192
1681629985126 -0.045359253883361816 10240
1681629985831 -0.08986330032348633 12288
1681629986514 -0.0002701282501220703 14336
1681629987207 -0.004875659942626953 16384
1681629987933 -0.0007282495498657227 18432
1681629988677 3.135204315185547e-05 20480
1681629990220 0.0011556744575500488 22528
1681629991006 0.00943458080291748 24576
1681629991999 -0.01602935791015625 26624
1681629993160 -0.003336310386657715 28672
1681629994276 -0.0016361474990844727 30720
1681629995085 0.03161901235580444 32768
1681629996029 0.1563969850540161 34816
1681629996934 0.1492862105369568 36864
1681629998314 0.3158959150314331 38912
1681629999791 0.13203376531600952 40960
1681630000814 -0.08217620849609375 43008
1681630002210 -0.06679022312164307 45056
1681630004003 0.06944936513900757 47104
1681630005481 0.059770405292510986 49152
1681630006887 0.12453800439834595 51200
1681630008279 -0.319561243057251 53248
1681630010176 0.15842247009277344 55296
1681630011574 0.009034514427185059 57344
1681630013012 -0.03836333751678467 59392
1681630014611 0.19155317544937134 61440
1681630017123 0.1903567910194397 63488
1681630018544 0.4332537055015564 65536
1681630020503 0.5542011857032776 67584
1681630022306 0.6796911656856537 69632
1681630024595 0.5597385466098785 71680
1681630027102 -0.0033060312271118164 73728
1681630029360 0.7597590088844299 75776
1681630031880 0.7185209691524506 77824
1681630034863 0.2672382593154907 79872
1681630037983 0.3237066864967346 81920
1681630040637 0.5773307383060455 83968
1681630043212 0.7674968391656876 86016
1681630045480 0.6116040945053101 88064
1681630047821 0.6402692496776581 90112
1681630050401 0.5537819266319275 92160
1681630052575 0.8296314626932144 94208
1681630054716 0.5768340229988098 96256
1681630057319 0.8213761448860168 98304
1681630059556 0.8321028649806976 100352
1681630061619 0.8773275464773178 102400
1681630064265 0.787442997097969 104448
1681630066242 0.280603289604187 106496
1681630068324 0.37743765115737915 108544
1681630069947 0.29761195182800293 110592
1681630071422 0.39548957347869873 112640
1681630072894 0.20909792184829712 114688
1681630074574 0.18931686878204346 116736
1681630076607 0.35995984077453613 118784
1681630078266 0.29323726892471313 120832
1681630079979 0.5086638629436493 122880
1681630081757 0.5246762335300446 124928
1681630083757 0.5132685303688049 126976
1681630085489 0.40445470809936523 129024
1681630087549 0.10907459259033203 131072
1681630089136 0.30477607250213623 133120
1681630091673 0.49683672189712524 135168
1681630094654 0.71340611577034 137216
1681630096797 0.6893982589244843 139264
1681630098283 0.39263916015625 141312
1681630100340 0.28444141149520874 143360
1681630102428 0.5457473993301392 145408
1681630104561 0.2995479106903076 147456
1681630106354 0.21189022064208984 149504
1681630109009 0.33805733919143677 151552
1681630111297 0.8025617599487305 153600
1681630113105 0.6740259826183319 155648
1681630115306 0.8283836394548416 157696
1681630117368 0.9037781655788422 159744
1681630119706 0.5307751595973969 161792
1681630121465 0.9398450516164303 163840
1681630123318 0.727093517780304 165888
1681630125667 0.38339972496032715 167936
1681630127474 0.7104149460792542 169984
1681630129409 0.8065932244062424 172032
1681630131720 0.6922242343425751 174080
1681630133582 0.8647149056196213 176128
1681630135222 0.4919365644454956 178176
1681630136883 -0.09243965148925781 180224
1681630138522 0.42832255363464355 182272
1681630140400 0.16286665201187134 184320
1681630143003 0.4430329203605652 186368
1681630144842 0.4435998201370239 188416
1681630147238 0.3006754517555237 190464
1681630149840 0.376014769077301 192512
1681630152147 0.34188854694366455 194560
1681630154255 0.17269206047058105 196608
1681630156024 0.6221642196178436 198656
1681630157721 0.7131842374801636 200704
1681630159534 0.10664933919906616 202752
1681630161016 0.6710481643676758 204800
1681630162468 0.832929253578186 206848
1681630164672 0.793902799487114 208896
1681630166244 0.4471777081489563 210944
1681630168076 0.8128444701433182 212992
1681630169927 0.8068839013576508 215040
1681630172022 0.787200316786766 217088
1681630173611 0.7396614253520966 219136
1681630175242 0.7222721874713898 221184
1681630177069 0.7491533756256104 223232
1681630178569 0.5720117688179016 225280
1681630180175 0.7168387770652771 227328
1681630181943 0.4919183850288391 229376
1681630183804 0.5899118185043335 231424
1681630185260 0.4664701223373413 233472
1681630186998 0.8476772457361221 235520
1681630188735 0.4878690838813782 237568
1681630190402 0.766295462846756 239616
1681630192762 0.766471341252327 241664
1681630194592 0.824588879942894 243712
1681630196495 0.5582922101020813 245760
1681630198847 0.8897605985403061 247808
1681630200959 0.774109736084938 249856
1681630202874 0.7670413851737976 251904
1681630205043 0.922955833375454 253952
1681630206807 0.5935630202293396 256000
1681630208748 0.9268168732523918 258048
1681630210407 0.8161805272102356 260096
1681630212318 0.21963971853256226 262144
1681630214110 0.8116007298231125 264192
1681630215871 0.6416727304458618 266240
1681630217757 0.8482171446084976 268288
1681630219861 0.6928181052207947 270336
1681630221593 0.9353796541690826 272384
1681630223338 0.869769886136055 274432
1681630225209 0.8173545449972153 276480
1681630227356 0.8628247380256653 278528
1681630229360 0.9105095267295837 280576
1681630230805 0.957559272646904 282624
1681630232576 0.8731668442487717 284672
1681630234137 0.9657474420964718 286720
1681630235784 0.6640132367610931 288768
1681630237489 0.6009507179260254 290816
1681630239057 0.8657316267490387 292864
1681630240699 0.7872879654169083 294912
1681630242730 0.7658962905406952 296960
1681630244858 0.81078240275383 299008
1681630246825 0.8072920739650726 301056
1681630248910 0.7758016586303711 303104
1681630250488 0.7511171251535416 305152
1681630252495 0.6700213551521301 307200
1681630254264 0.6427356004714966 309248
1681630255893 0.27283912897109985 311296
1681630257692 0.8283901363611221 313344
1681630259710 0.7945024967193604 315392
1681630261175 0.7609972953796387 317440
1681630263246 0.6997690200805664 319488
1681630264977 0.7878383249044418 321536
1681630266576 0.8690403401851654 323584
1681630268716 0.6371573209762573 325632
1681630270369 0.847758561372757 327680
1681630272566 0.9035897254943848 329728
1681630273925 0.8642281293869019 331776
1681630275163 0.7751592993736267 333824
1681630276741 0.9038275852799416 335872
1681630278655 0.7204591631889343 337920
1681630280392 0.926894024014473 339968
1681630281878 0.9534314349293709 342016
1681630283747 0.7350564301013947 344064
1681630286484 0.7824922204017639 346112
1681630287984 0.9703909419476986 348160
1681630289866 0.8285596668720245 350208
1681630291545 0.9262063875794411 352256
1681630293394 0.8289129734039307 354304
1681630294995 0.7656420022249222 356352
1681630296452 0.9103404805064201 358400
1681630298582 0.8241169899702072 360448
1681630300598 0.8747184574604034 362496
1681630302341 0.647853821516037 364544
1681630304128 0.6741395592689514 366592
1681630305760 0.791640967130661 368640
1681630307788 0.8681686669588089 370688
1681630309798 0.8401873558759689 372736
1681630311308 0.8973971679806709 374784
1681630313377 0.7231035828590393 376832
1681630315381 0.7707560807466507 378880
1681630316965 0.8913361504673958 380928
1681630318720 0.565272331237793 382976
1681630321208 0.4201653003692627 385024
1681630323093 0.8414560258388519 387072
1681630325067 0.8276645094156265 389120
1681630326684 0.6418614983558655 391168
1681630328349 0.86141337454319 393216
1681630329937 0.4803208112716675 395264
1681630331639 0.9008306413888931 397312
1681630333223 0.9052374213933945 399360
1681630334806 0.8380202353000641 401408
1681630336218 0.9535160958766937 403456
1681630337630 0.9583041109144688 405504
1681630339064 0.9617713987827301 407552
1681630340726 0.7784131318330765 409600
1681630342320 0.9177042171359062 411648
1681630343886 0.8106667846441269 413696
1681630345720 0.6701112985610962 415744
1681630347059 0.7917903512716293 417792
1681630348656 0.5951138734817505 419840
1681630350934 0.8453279137611389 421888
1681630352932 0.6639930009841919 423936
1681630354589 0.7823157906532288 425984
1681630356208 0.5563640892505646 428032
1681630357614 0.7349804937839508 430080
1681630359275 0.7244084179401398 432128
1681630361092 0.6537800133228302 434176
1681630363137 0.773814395070076 436224
1681630364606 0.7657878696918488 438272
1681630366233 0.8443315625190735 440320
1681630367799 0.6903676390647888 442368
1681630369299 0.7450249493122101 444416
1681630371380 0.8639965206384659 446464
1681630372926 0.38215571641921997 448512
1681630374289 0.7421516180038452 450560
1681630375978 0.488677978515625 452608
1681630377446 0.7751032412052155 454656
1681630379100 0.8439896255731583 456704
1681630380711 0.8988446667790413 458752
1681630382272 0.8088787943124771 460800
1681630383708 0.909359410405159 462848
1681630385015 0.8415718525648117 464896
1681630386440 0.2866817116737366 466944
1681630387954 0.8304501622915268 468992
1681630389306 0.7663415223360062 471040
1681630390557 0.5684503614902496 473088
1681630391911 0.42368072271347046 475136
1681630393383 0.6169144213199615 477184
1681630394969 0.7648065239191055 479232
1681630396614 0.8125693202018738 481280
1681630397912 0.6367969810962677 483328
1681630399226 0.7282174527645111 485376
1681630400763 0.8325584381818771 487424
1681630402478 0.8453165888786316 489472
1681630403798 0.85161492228508 491520
1681630405063 0.8870441392064095 493568
1681630406318 0.6395895481109619 495616
1681630407566 0.8279803097248077 497664
1681630408912 0.3422623872756958 499712
1681630410436 0.6809104979038239 501760
1681630412048 0.8115458190441132 503808
1681630413248 0.7708360701799393 505856
1681630414498 0.358468234539032 507904
1681630415805 0.6348925530910492 509952
1681630417186 0.846437394618988 512000
1681630418730 0.7693576365709305 514048
1681630420205 0.857318252325058 516096
1681630421641 0.8467404097318649 518144
1681630423211 0.731676459312439 520192
1681630424466 0.8450654149055481 522240
1681630425590 0.6522599756717682 524288
1681630426936 0.8671909719705582 526336
1681630428316 0.6956862807273865 528384
1681630429605 0.6286788880825043 530432
1681630431013 0.8073083758354187 532480
1681630432344 0.8748017400503159 534528
1681630433661 0.8446643203496933 536576
1681630434860 0.8195962011814117 538624
1681630436280 0.6531987190246582 540672
1681630437686 0.8038298338651657 542720
1681630439162 0.8061884641647339 544768
1681630440875 0.525677889585495 546816
1681630442724 0.8714663982391357 548864
1681630444230 0.49366992712020874 550912
1681630445479 0.6339110732078552 552960
1681630446987 0.7471581101417542 555008
1681630448334 0.8249616324901581 557056
1681630449857 0.9044186398386955 559104
1681630451262 0.8436658084392548 561152
1681630452648 0.9422140680253506 563200
1681630454085 0.9440856464207172 565248
1681630455719 0.9011383280158043 567296
1681630457100 0.977411262691021 569344
1681630458724 0.8214897960424423 571392
1681630460374 0.7021399438381195 573440
1681630462134 0.7616016864776611 575488
1681630463495 0.7652983218431473 577536
1681630464892 0.779707133769989 579584
1681630466532 0.8678591698408127 581632
1681630468380 0.8965796530246735 583680
1681630470016 0.8907706961035728 585728
1681630472245 0.807682454586029 587776
1681630473692 0.8001136183738708 589824
1681630475093 0.8167019337415695 591872
1681630476430 0.7654412537813187 593920
1681630477773 0.7044342458248138 595968
1681630479428 0.7460571229457855 598016
1681630480997 0.8310103267431259 600064
1681630482335 0.71733757853508 602112
1681630484378 0.8568228781223297 604160
1681630485747 0.8520995229482651 606208
1681630487188 0.8604416400194168 608256
1681630488516 0.8104776293039322 610304
1681630490083 0.815946489572525 612352
1681630491443 0.596323162317276 614400
1681630492895 0.899213157594204 616448
1681630494359 0.9065007269382477 618496
1681630496080 0.8960623517632484 620544
1681630497519 0.885722890496254 622592
1681630498883 0.8099603056907654 624640
1681630500626 0.6949215829372406 626688
1681630502132 0.7803110927343369 628736
1681630503632 0.8634600192308426 630784
1681630505220 0.7041998207569122 632832
1681630506854 0.8025842159986496 634880
1681630508602 0.8648431152105331 636928
1681630510050 0.5745904743671417 638976
1681630511636 0.7288972735404968 641024
1681630513351 0.7236329913139343 643072
1681630514659 0.5996578931808472 645120
1681630516284 0.0913737416267395 647168
1681630517666 0.7270710468292236 649216
1681630519006 0.6546747088432312 651264
1681630520478 0.6940153241157532 653312
1681630521929 0.8158568739891052 655360
1681630523216 0.5223898887634277 657408
1681630524948 0.604892760515213 659456
1681630526290 0.8375433087348938 661504
1681630527966 0.8745433241128922 663552
1681630529335 0.7241352498531342 665600
1681630530709 0.8972240537405014 667648
1681630532355 0.8733974993228912 669696
1681630533519 0.6021509766578674 671744
1681630535218 0.5312437415122986 673792
1681630536911 0.8363219201564789 675840
1681630538254 0.8293506354093552 677888
1681630540004 0.19459432363510132 679936
1681630542114 0.7035050690174103 681984
1681630543637 0.8766036778688431 684032
1681630544953 0.6930421590805054 686080
1681630546376 0.7299122512340546 688128
1681630547931 0.7243365347385406 690176
1681630549586 0.8873780146241188 692224
1681630551119 0.825723722577095 694272
1681630552895 0.7554683834314346 696320
1681630554277 0.7133602201938629 698368
1681630555494 0.7684973031282425 700416
1681630557212 0.841483861207962 702464
1681630558617 0.7700365483760834 704512
1681630559810 0.7948687225580215 706560
1681630561310 0.5945860743522644 708608
1681630562984 0.8423423916101456 710656
1681630564531 0.8718395531177521 712704
1681630566076 0.7412884533405304 714752
1681630567781 0.6359786987304688 716800
1681630569128 0.7674960047006607 718848
1681630570419 0.7143385112285614 720896
1681630571898 0.8816541656851768 722944
1681630573700 0.7286680638790131 724992
1681630575139 0.8490953743457794 727040
1681630576781 0.8344723582267761 729088
1681630578348 0.8372669219970703 731136
1681630579883 0.9427686482667923 733184
1681630581409 0.8982426971197128 735232
1681630582931 0.7539182752370834 737280
1681630584961 0.7586784958839417 739328
1681630586216 0.5500877797603607 741376
1681630587628 0.776777982711792 743424
1681630588924 0.8684332817792892 745472
1681630590274 0.7635174244642258 747520
1681630591465 0.7485830187797546 749568
1681630592984 0.7647975981235504 751616
1681630594305 0.7266169786453247 753664
1681630595574 0.5462297201156616 755712
1681630596971 0.8984285965561867 757760
1681630598192 0.8399077951908112 759808
1681630599527 0.7664607763290405 761856
1681630600881 0.9222059473395348 763904
1681630602585 0.8812476918101311 765952
1681630604527 0.7551665753126144 768000
1681630605955 0.7185623049736023 770048
1681630607394 0.6422843039035797 772096
1681630608647 0.9469463676214218 774144
1681630609931 0.9046711400151253 776192
1681630611238 0.9024646058678627 778240
1681630612679 0.7991804927587509 780288
1681630614034 0.9386770203709602 782336
1681630615697 0.8077745884656906 784384
1681630617063 0.7184623181819916 786432
1681630618757 0.7538521587848663 788480
1681630620483 0.7824482768774033 790528
1681630622928 0.8569822013378143 792576
1681630624320 0.8592033535242081 794624
1681630626065 0.7068956792354584 796672
1681630627653 0.8264101296663284 798720
1681630629164 0.9198041632771492 800768
1681630630644 0.628496527671814 802816
1681630631796 0.7967858761548996 804864
1681630633445 0.15723073482513428 806912
1681630635162 0.9113213121891022 808960
1681630637134 0.92804104834795 811008
1681630638460 0.702738493680954 813056
1681630640629 0.7721442580223083 815104
1681630642019 0.785183385014534 817152
1681630643349 0.8605916202068329 819200
1681630644827 0.7485406398773193 821248
1681630646252 0.6625737845897675 823296
1681630647481 0.8624680936336517 825344
1681630649101 0.4808781147003174 827392
1681630650831 0.8032969832420349 829440
1681630652021 0.8331020176410675 831488
1681630653635 0.7344760000705719 833536
1681630655064 0.7439767122268677 835584
1681630656785 0.5337837636470795 837632
1681630658125 0.733320951461792 839680
1681630659478 0.7684541344642639 841728
1681630660866 0.6499302387237549 843776
1681630663182 0.848502591252327 845824
1681630664904 0.8049429506063461 847872
1681630666441 0.7043617963790894 849920
1681630667827 0.8106036931276321 851968
1681630669250 0.7340827286243439 854016
1681630670501 0.6378352046012878 856064
1681630671796 0.8378194868564606 858112
1681630673226 0.7262944281101227 860160
1681630674949 0.5873421132564545 862208
1681630676114 0.6352241635322571 864256
1681630677537 0.7491523921489716 866304
1681630679046 0.8721297830343246 868352
1681630680648 0.8854674994945526 870400
1681630682247 0.8238737136125565 872448
1681630683571 0.7106994688510895 874496
1681630685305 0.7245083749294281 876544
1681630687121 0.7939746975898743 878592
1681630688522 0.6264637112617493 880640
1681630689963 0.812318280339241 882688
1681630691305 0.7851129770278931 884736
1681630692918 0.8937871381640434 886784
1681630694477 0.8055150657892227 888832
1681630695992 0.8165439963340759 890880
1681630697475 0.7244895696640015 892928
1681630699075 0.8924952745437622 894976
1681630700353 0.8536096066236496 897024
1681630701847 0.7911572605371475 899072
1681630703360 0.7319445013999939 901120
1681630704865 0.8663624376058578 903168
1681630706290 0.8482050746679306 905216
1681630707771 0.5053077340126038 907264
1681630709716 0.9194794073700905 909312
1681630711514 0.8359239995479584 911360
1681630713023 0.8299364149570465 913408
1681630714250 0.8994711712002754 915456
1681630715654 0.3364641070365906 917504
1681630717178 0.4151744842529297 919552
1681630719341 0.920175589621067 921600
1681630720710 0.8910357058048248 923648
1681630722038 0.826735183596611 925696
1681630724034 0.7900247871875763 927744
1681630725480 0.5374781787395477 929792
1681630726790 0.8147834837436676 931840
1681630728286 0.846383199095726 933888
1681630729702 0.9011048376560211 935936
1681630731144 0.8530286848545074 937984
1681630732424 0.7777080982923508 940032
1681630734402 0.9288015812635422 942080
1681630736033 0.8532244712114334 944128
1681630737683 0.8647965639829636 946176
1681630739259 0.8603581935167313 948224
1681630741007 0.872484415769577 950272
1681630743020 0.6963799297809601 952320
1681630744333 0.8962589353322983 954368
1681630745840 0.5470718443393707 956416
1681630747552 0.36259663105010986 958464
1681630749121 0.8908052071928978 960512
1681630750317 0.8668439388275146 962560
1681630751830 0.8441629111766815 964608
1681630753470 0.8514725267887115 966656
1681630754714 0.8352109789848328 968704
1681630756184 0.268385112285614 970752
1681630757598 0.6881561875343323 972800
1681630759245 0.7138802707195282 974848
1681630761069 0.7843537032604218 976896
1681630762836 0.8346148729324341 978944
1681630764365 0.863045796751976 980992
1681630765615 0.7421751320362091 983040
1681630767269 0.8037611991167068 985088
1681630769315 0.8022628426551819 987136
1681630771074 0.7772776484489441 989184
1681630772775 0.7195083498954773 991232
1681630774354 0.7161435484886169 993280
1681630775831 0.7882627993822098 995328
1681630777367 0.7599050551652908 997376
1681630778679 0.5999617576599121 999424
1681630780348 0.9110757932066917 1001472
1681630782376 0.8439069241285324 1003520
1681630784321 0.4680942893028259 1005568
1681630786211 0.49409472942352295 1007616
1681630787604 0.8307632356882095 1009664
1681630789648 0.838647723197937 1011712
1681630791263 0.5758583247661591 1013760
1681630792612 0.8426462560892105 1015808
1681630794607 0.8772872239351273 1017856
1681630796444 0.9143694564700127 1019904
1681630798217 0.8823660761117935 1021952
1681630799829 0.7843403965234756 1024000
