1681629983145 0.0003 4096
1681629983799 0.0003 6144
1681629984456 0.0003 8192
1681629985126 0.0003 10240
1681629985831 0.0003 12288
1681629986514 0.0003 14336
1681629987208 0.0003 16384
1681629987933 0.0003 18432
1681629988678 0.0003 20480
1681629990220 0.0003 22528
1681629991007 0.0003 24576
1681629992000 0.0003 26624
1681629993161 0.0003 28672
1681629994276 0.0003 30720
1681629995085 0.0003 32768
1681629996029 0.0003 34816
1681629996934 0.0003 36864
1681629998315 0.0003 38912
1681629999791 0.0003 40960
1681630000815 0.0003 43008
1681630002210 0.0003 45056
1681630004003 0.0003 47104
1681630005481 0.0003 49152
1681630006888 0.0003 51200
1681630008280 0.0003 53248
1681630010176 0.0003 55296
1681630011574 0.0003 57344
1681630013013 0.0003 59392
1681630014611 0.0003 61440
1681630017124 0.0003 63488
1681630018545 0.0003 65536
1681630020504 0.0003 67584
1681630022306 0.0003 69632
1681630024595 0.0003 71680
1681630027102 0.0003 73728
1681630029360 0.0003 75776
1681630031880 0.0003 77824
1681630034863 0.0003 79872
1681630037983 0.0003 81920
1681630040638 0.0003 83968
1681630043213 0.0003 86016
1681630045480 0.0003 88064
1681630047822 0.0003 90112
1681630050402 0.0003 92160
1681630052575 0.0003 94208
1681630054716 0.0003 96256
1681630057320 0.0003 98304
1681630059556 0.0003 100352
1681630061619 0.0003 102400
1681630064265 0.0003 104448
1681630066243 0.0003 106496
1681630068325 0.0003 108544
1681630069947 0.0003 110592
1681630071423 0.0003 112640
1681630072895 0.0003 114688
1681630074575 0.0003 116736
1681630076608 0.0003 118784
1681630078266 0.0003 120832
1681630079979 0.0003 122880
1681630081757 0.0003 124928
1681630083758 0.0003 126976
1681630085490 0.0003 129024
1681630087549 0.0003 131072
1681630089136 0.0003 133120
1681630091673 0.0003 135168
1681630094654 0.0003 137216
1681630096798 0.0003 139264
1681630098283 0.0003 141312
1681630100340 0.0003 143360
1681630102428 0.0003 145408
1681630104562 0.0003 147456
1681630106355 0.0003 149504
1681630109009 0.0003 151552
1681630111297 0.0003 153600
1681630113105 0.0003 155648
1681630115306 0.0003 157696
1681630117368 0.0003 159744
1681630119707 0.0003 161792
1681630121465 0.0003 163840
1681630123318 0.0003 165888
1681630125668 0.0003 167936
1681630127474 0.0003 169984
1681630129410 0.0003 172032
1681630131720 0.0003 174080
1681630133582 0.0003 176128
1681630135222 0.0003 178176
1681630136883 0.0003 180224
1681630138523 0.0003 182272
1681630140400 0.0003 184320
1681630143004 0.0003 186368
1681630144842 0.0003 188416
1681630147238 0.0003 190464
1681630149840 0.0003 192512
1681630152147 0.0003 194560
1681630154255 0.0003 196608
1681630156024 0.0003 198656
1681630157721 0.0003 200704
1681630159534 0.0003 202752
1681630161016 0.0003 204800
1681630162468 0.0003 206848
1681630164673 0.0003 208896
1681630166245 0.0003 210944
1681630168076 0.0003 212992
1681630169928 0.0003 215040
1681630172023 0.0003 217088
1681630173612 0.0003 219136
1681630175242 0.0003 221184
1681630177070 0.0003 223232
1681630178569 0.0003 225280
1681630180175 0.0003 227328
1681630181943 0.0003 229376
1681630183804 0.0003 231424
1681630185260 0.0003 233472
1681630186998 0.0003 235520
1681630188736 0.0003 237568
1681630190402 0.0003 239616
1681630192762 0.0003 241664
1681630194593 0.0003 243712
1681630196495 0.0003 245760
1681630198847 0.0003 247808
1681630200960 0.0003 249856
1681630202875 0.0003 251904
1681630205044 0.0003 253952
1681630206808 0.0003 256000
1681630208748 0.0003 258048
1681630210407 0.0003 260096
1681630212319 0.0003 262144
1681630214110 0.0003 264192
1681630215872 0.0003 266240
1681630217757 0.0003 268288
1681630219861 0.0003 270336
1681630221593 0.0003 272384
1681630223338 0.0003 274432
1681630225209 0.0003 276480
1681630227356 0.0003 278528
1681630229360 0.0003 280576
1681630230806 0.0003 282624
1681630232576 0.0003 284672
1681630234138 0.0003 286720
1681630235784 0.0003 288768
1681630237490 0.0003 290816
1681630239057 0.0003 292864
1681630240700 0.0003 294912
1681630242731 0.0003 296960
1681630244858 0.0003 299008
1681630246826 0.0003 301056
1681630248910 0.0003 303104
1681630250488 0.0003 305152
1681630252495 0.0003 307200
1681630254265 0.0003 309248
1681630255893 0.0003 311296
1681630257692 0.0003 313344
1681630259710 0.0003 315392
1681630261175 0.0003 317440
1681630263247 0.0003 319488
1681630264977 0.0003 321536
1681630266576 0.0003 323584
1681630268717 0.0003 325632
1681630270370 0.0003 327680
1681630272567 0.0003 329728
1681630273926 0.0003 331776
1681630275164 0.0003 333824
1681630276742 0.0003 335872
1681630278655 0.0003 337920
1681630280392 0.0003 339968
1681630281879 0.0003 342016
1681630283748 0.0003 344064
1681630286484 0.0003 346112
1681630287984 0.0003 348160
1681630289867 0.0003 350208
1681630291545 0.0003 352256
1681630293394 0.0003 354304
1681630294996 0.0003 356352
1681630296453 0.0003 358400
1681630298582 0.0003 360448
1681630300599 0.0003 362496
1681630302342 0.0003 364544
1681630304128 0.0003 366592
1681630305760 0.0003 368640
1681630307788 0.0003 370688
1681630309799 0.0003 372736
1681630311308 0.0003 374784
1681630313378 0.0003 376832
1681630315382 0.0003 378880
1681630316965 0.0003 380928
1681630318721 0.0003 382976
1681630321208 0.0003 385024
1681630323093 0.0003 387072
1681630325067 0.0003 389120
1681630326684 0.0003 391168
1681630328350 0.0003 393216
1681630329937 0.0003 395264
1681630331640 0.0003 397312
1681630333223 0.0003 399360
1681630334807 0.0003 401408
1681630336219 0.0003 403456
1681630337631 0.0003 405504
1681630339065 0.0003 407552
1681630340726 0.0003 409600
1681630342320 0.0003 411648
1681630343887 0.0003 413696
1681630345721 0.0003 415744
1681630347059 0.0003 417792
1681630348657 0.0003 419840
1681630350935 0.0003 421888
1681630352933 0.0003 423936
1681630354590 0.0003 425984
1681630356209 0.0003 428032
1681630357614 0.0003 430080
1681630359276 0.0003 432128
1681630361092 0.0003 434176
1681630363138 0.0003 436224
1681630364607 0.0003 438272
1681630366233 0.0003 440320
1681630367800 0.0003 442368
1681630369300 0.0003 444416
1681630371381 0.0003 446464
1681630372926 0.0003 448512
1681630374289 0.0003 450560
1681630375978 0.0003 452608
1681630377446 0.0003 454656
1681630379100 0.0003 456704
1681630380712 0.0003 458752
1681630382272 0.0003 460800
1681630383708 0.0003 462848
1681630385015 0.0003 464896
1681630386441 0.0003 466944
1681630387955 0.0003 468992
1681630389306 0.0003 471040
1681630390557 0.0003 473088
1681630391911 0.0003 475136
1681630393383 0.0003 477184
1681630394969 0.0003 479232
1681630396614 0.0003 481280
1681630397912 0.0003 483328
1681630399227 0.0003 485376
1681630400764 0.0003 487424
1681630402478 0.0003 489472
1681630403799 0.0003 491520
1681630405063 0.0003 493568
1681630406319 0.0003 495616
1681630407567 0.0003 497664
1681630408912 0.0003 499712
1681630410437 0.0003 501760
1681630412049 0.0003 503808
1681630413248 0.0003 505856
1681630414498 0.0003 507904
1681630415806 0.0003 509952
1681630417187 0.0003 512000
1681630418731 0.0003 514048
1681630420205 0.0003 516096
1681630421642 0.0003 518144
1681630423211 0.0003 520192
1681630424466 0.0003 522240
1681630425590 0.0003 524288
1681630426936 0.0003 526336
1681630428316 0.0003 528384
1681630429606 0.0003 530432
1681630431013 0.0003 532480
1681630432344 0.0003 534528
1681630433661 0.0003 536576
1681630434861 0.0003 538624
1681630436280 0.0003 540672
1681630437687 0.0003 542720
1681630439162 0.0003 544768
1681630440876 0.0003 546816
1681630442725 0.0003 548864
1681630444231 0.0003 550912
1681630445480 0.0003 552960
1681630446988 0.0003 555008
1681630448334 0.0003 557056
1681630449857 0.0003 559104
1681630451263 0.0003 561152
1681630452649 0.0003 563200
1681630454085 0.0003 565248
1681630455720 0.0003 567296
1681630457100 0.0003 569344
1681630458724 0.0003 571392
1681630460375 0.0003 573440
1681630462134 0.0003 575488
1681630463495 0.0003 577536
1681630464893 0.0003 579584
1681630466532 0.0003 581632
1681630468380 0.0003 583680
1681630470016 0.0003 585728
1681630472245 0.0003 587776
1681630473693 0.0003 589824
1681630475094 0.0003 591872
1681630476430 0.0003 593920
1681630477774 0.0003 595968
1681630479429 0.0003 598016
1681630480998 0.0003 600064
1681630482336 0.0003 602112
1681630484379 0.0003 604160
1681630485747 0.0003 606208
1681630487188 0.0003 608256
1681630488517 0.0003 610304
1681630490083 0.0003 612352
1681630491443 0.0003 614400
1681630492896 0.0003 616448
1681630494360 0.0003 618496
1681630496081 0.0003 620544
1681630497519 0.0003 622592
1681630498886 0.0003 624640
1681630500626 0.0003 626688
1681630502133 0.0003 628736
1681630503632 0.0003 630784
1681630505221 0.0003 632832
1681630506855 0.0003 634880
1681630508603 0.0003 636928
1681630510050 0.0003 638976
1681630511636 0.0003 641024
1681630513351 0.0003 643072
1681630514659 0.0003 645120
1681630516284 0.0003 647168
1681630517666 0.0003 649216
1681630519006 0.0003 651264
1681630520478 0.0003 653312
1681630521929 0.0003 655360
1681630523216 0.0003 657408
1681630524948 0.0003 659456
1681630526291 0.0003 661504
1681630527966 0.0003 663552
1681630529335 0.0003 665600
1681630530709 0.0003 667648
1681630532356 0.0003 669696
1681630533519 0.0003 671744
1681630535219 0.0003 673792
1681630536912 0.0003 675840
1681630538254 0.0003 677888
1681630540004 0.0003 679936
1681630542114 0.0003 681984
1681630543637 0.0003 684032
1681630544954 0.0003 686080
1681630546376 0.0003 688128
1681630547931 0.0003 690176
1681630549586 0.0003 692224
1681630551120 0.0003 694272
1681630552895 0.0003 696320
1681630554278 0.0003 698368
1681630555495 0.0003 700416
1681630557213 0.0003 702464
1681630558617 0.0003 704512
1681630559811 0.0003 706560
1681630561310 0.0003 708608
1681630562984 0.0003 710656
1681630564531 0.0003 712704
1681630566076 0.0003 714752
1681630567782 0.0003 716800
1681630569129 0.0003 718848
1681630570420 0.0003 720896
1681630571898 0.0003 722944
1681630573701 0.0003 724992
1681630575139 0.0003 727040
1681630576781 0.0003 729088
1681630578349 0.0003 731136
1681630579883 0.0003 733184
1681630581409 0.0003 735232
1681630582931 0.0003 737280
1681630584962 0.0003 739328
1681630586217 0.0003 741376
1681630587629 0.0003 743424
1681630588924 0.0003 745472
1681630590274 0.0003 747520
1681630591465 0.0003 749568
1681630592984 0.0003 751616
1681630594306 0.0003 753664
1681630595575 0.0003 755712
1681630596971 0.0003 757760
1681630598193 0.0003 759808
1681630599528 0.0003 761856
1681630600882 0.0003 763904
1681630602585 0.0003 765952
1681630604528 0.0003 768000
1681630605956 0.0003 770048
1681630607394 0.0003 772096
1681630608648 0.0003 774144
1681630609931 0.0003 776192
1681630611238 0.0003 778240
1681630612680 0.0003 780288
1681630614035 0.0003 782336
1681630615697 0.0003 784384
1681630617063 0.0003 786432
1681630618757 0.0003 788480
1681630620483 0.0003 790528
1681630622928 0.0003 792576
1681630624321 0.0003 794624
1681630626065 0.0003 796672
1681630627653 0.0003 798720
1681630629164 0.0003 800768
1681630630644 0.0003 802816
1681630631797 0.0003 804864
1681630633446 0.0003 806912
1681630635162 0.0003 808960
1681630637134 0.0003 811008
1681630638461 0.0003 813056
1681630640630 0.0003 815104
1681630642020 0.0003 817152
1681630643350 0.0003 819200
1681630644827 0.0003 821248
1681630646253 0.0003 823296
1681630647481 0.0003 825344
1681630649102 0.0003 827392
1681630650832 0.0003 829440
1681630652022 0.0003 831488
1681630653635 0.0003 833536
1681630655064 0.0003 835584
1681630656785 0.0003 837632
1681630658125 0.0003 839680
1681630659479 0.0003 841728
1681630660866 0.0003 843776
1681630663182 0.0003 845824
1681630664905 0.0003 847872
1681630666441 0.0003 849920
1681630667827 0.0003 851968
1681630669250 0.0003 854016
1681630670501 0.0003 856064
1681630671796 0.0003 858112
1681630673226 0.0003 860160
1681630674949 0.0003 862208
1681630676114 0.0003 864256
1681630677538 0.0003 866304
1681630679046 0.0003 868352
1681630680648 0.0003 870400
1681630682247 0.0003 872448
1681630683571 0.0003 874496
1681630685305 0.0003 876544
1681630687122 0.0003 878592
1681630688522 0.0003 880640
1681630689963 0.0003 882688
1681630691306 0.0003 884736
1681630692918 0.0003 886784
1681630694477 0.0003 888832
1681630695993 0.0003 890880
1681630697476 0.0003 892928
1681630699075 0.0003 894976
1681630700354 0.0003 897024
1681630701847 0.0003 899072
1681630703360 0.0003 901120
1681630704865 0.0003 903168
1681630706291 0.0003 905216
1681630707771 0.0003 907264
1681630709716 0.0003 909312
1681630711515 0.0003 911360
1681630713023 0.0003 913408
1681630714250 0.0003 915456
1681630715654 0.0003 917504
1681630717178 0.0003 919552
1681630719341 0.0003 921600
1681630720711 0.0003 923648
1681630722038 0.0003 925696
1681630724034 0.0003 927744
1681630725481 0.0003 929792
1681630726790 0.0003 931840
1681630728286 0.0003 933888
1681630729702 0.0003 935936
1681630731145 0.0003 937984
1681630732424 0.0003 940032
1681630734402 0.0003 942080
1681630736033 0.0003 944128
1681630737684 0.0003 946176
1681630739260 0.0003 948224
1681630741007 0.0003 950272
1681630743020 0.0003 952320
1681630744334 0.0003 954368
1681630745840 0.0003 956416
1681630747553 0.0003 958464
1681630749121 0.0003 960512
1681630750318 0.0003 962560
1681630751831 0.0003 964608
1681630753470 0.0003 966656
1681630754714 0.0003 968704
1681630756185 0.0003 970752
1681630757599 0.0003 972800
1681630759245 0.0003 974848
1681630761069 0.0003 976896
1681630762837 0.0003 978944
1681630764365 0.0003 980992
1681630765615 0.0003 983040
1681630767270 0.0003 985088
1681630769315 0.0003 987136
1681630771075 0.0003 989184
1681630772776 0.0003 991232
1681630774354 0.0003 993280
1681630775831 0.0003 995328
1681630777367 0.0003 997376
1681630778680 0.0003 999424
1681630780349 0.0003 1001472
1681630782377 0.0003 1003520
1681630784321 0.0003 1005568
1681630786212 0.0003 1007616
1681630787605 0.0003 1009664
1681630789648 0.0003 1011712
1681630791264 0.0003 1013760
1681630792613 0.0003 1015808
1681630794608 0.0003 1017856
1681630796444 0.0003 1019904
1681630798217 0.0003 1021952
1681630799829 0.0003 1024000
