1681629983145 682.2732543945312 4096
1681629983799 615.4807739257812 6144
1681629984457 503.824462890625 8192
1681629985126 506.5321044921875 10240
1681629985832 770.1060791015625 12288
1681629986514 434.485107421875 14336
1681629987208 387.0458679199219 16384
1681629987934 140.0777587890625 18432
1681629988678 347.14715576171875 20480
1681629990220 270.6905212402344 22528
1681629991007 101.8976821899414 24576
1681629992000 355.8520202636719 26624
1681629993161 86.82295989990234 28672
1681629994277 165.665771484375 30720
1681629995086 261.2350769042969 32768
1681629996030 141.74842834472656 34816
1681629996934 113.016357421875 36864
1681629998315 166.49691772460938 38912
1681629999791 82.9601058959961 40960
1681630000815 178.9612579345703 43008
1681630002211 38.058799743652344 45056
1681630004003 66.39520263671875 47104
1681630005481 150.9235382080078 49152
1681630006888 47.763153076171875 51200
1681630008280 125.14376831054688 53248
1681630010177 46.609439849853516 55296
1681630011575 47.59336853027344 57344
1681630013013 145.00762939453125 59392
1681630014611 61.52715301513672 61440
1681630017124 24.749927520751953 63488
1681630018545 44.223453521728516 65536
1681630020504 51.23287582397461 67584
1681630022307 15.525711059570312 69632
1681630024596 55.062076568603516 71680
1681630027103 25.023130416870117 73728
1681630029361 10.046928405761719 75776
1681630031880 46.39628601074219 77824
1681630034864 11.20199966430664 79872
1681630037984 5.086254596710205 81920
1681630040638 16.864477157592773 83968
1681630043213 3.805551767349243 86016
1681630045481 9.242568016052246 88064
1681630047822 4.446266174316406 90112
1681630050402 3.6741225719451904 92160
1681630052576 6.0854716300964355 94208
1681630054716 2.9171931743621826 96256
1681630057320 3.8141279220581055 98304
1681630059556 2.868643045425415 100352
1681630061620 4.279562473297119 102400
1681630064266 5.356843948364258 104448
1681630066243 7.669225692749023 106496
1681630068325 31.08074951171875 108544
1681630069948 45.662696838378906 110592
1681630071423 19.430206298828125 112640
1681630072895 61.25009536743164 114688
1681630074575 78.238037109375 116736
1681630076608 35.03253173828125 118784
1681630078266 65.88672637939453 120832
1681630079979 13.568169593811035 122880
1681630081758 56.49048614501953 124928
1681630083758 26.090190887451172 126976
1681630085490 19.302732467651367 129024
1681630087550 65.33499908447266 131072
1681630089136 10.240565299987793 133120
1681630091674 23.2053165435791 135168
1681630094655 4.558529853820801 137216
1681630096798 21.643999099731445 139264
1681630098284 22.038488388061523 141312
1681630100340 77.92240905761719 143360
1681630102428 28.901657104492188 145408
1681630104562 38.01206588745117 147456
1681630106355 4.857933044433594 149504
1681630109010 42.377769470214844 151552
1681630111298 6.773201942443848 153600
1681630113105 37.82754135131836 155648
1681630115306 5.047860145568848 157696
1681630117368 3.446878433227539 159744
1681630119707 15.830178260803223 161792
1681630121465 1.913530707359314 163840
1681630123319 3.3297524452209473 165888
1681630125668 25.627840042114258 167936
1681630127475 27.298036575317383 169984
1681630129410 22.243431091308594 172032
1681630131720 46.68421173095703 174080
1681630133582 33.746971130371094 176128
1681630135223 64.69107055664062 178176
1681630136884 89.80706787109375 180224
1681630138523 15.139620780944824 182272
1681630140401 10.6345796585083 184320
1681630143004 37.458656311035156 186368
1681630144843 7.592248916625977 188416
1681630147239 54.69618225097656 190464
1681630149841 25.53516960144043 192512
1681630152147 142.77455139160156 194560
1681630154256 77.50120544433594 196608
1681630156025 56.21661376953125 198656
1681630157721 59.301937103271484 200704
1681630159535 33.12001419067383 202752
1681630161017 58.857627868652344 204800
1681630162468 6.408693313598633 206848
1681630164673 12.543383598327637 208896
1681630166245 104.15837097167969 210944
1681630168077 9.264742851257324 212992
1681630169928 27.8099365234375 215040
1681630172023 31.374526977539062 217088
1681630173612 107.0721664428711 219136
1681630175242 59.586700439453125 221184
1681630177070 54.228485107421875 223232
1681630178569 73.3592758178711 225280
1681630180176 37.191368103027344 227328
1681630181944 30.03944206237793 229376
1681630183804 60.175819396972656 231424
1681630185260 21.8203125 233472
1681630186999 10.80278491973877 235520
1681630188736 78.57789611816406 237568
1681630190403 7.011258125305176 239616
1681630192763 45.47527313232422 241664
1681630194593 26.356599807739258 243712
1681630196495 15.238161087036133 245760
1681630198847 26.625106811523438 247808
1681630200960 36.83769226074219 249856
1681630202875 29.7884464263916 251904
1681630205044 6.435937881469727 253952
1681630206808 8.728181838989258 256000
1681630208749 6.8102617263793945 258048
1681630210408 10.35416030883789 260096
1681630212319 21.291091918945312 262144
1681630214111 18.910167694091797 264192
1681630215872 40.048274993896484 266240
1681630217758 6.600574016571045 268288
1681630219862 11.421825408935547 270336
1681630221594 7.341583728790283 272384
1681630223339 4.41972017288208 274432
1681630225209 11.031604766845703 276480
1681630227356 23.03741455078125 278528
1681630229360 6.903890609741211 280576
1681630230806 6.218749523162842 282624
1681630232576 7.752257347106934 284672
1681630234138 3.300273895263672 286720
1681630235785 41.710609436035156 288768
1681630237490 12.06743049621582 290816
1681630239057 9.844585418701172 292864
1681630240700 6.32637882232666 294912
1681630242731 42.008583068847656 296960
1681630244859 15.105944633483887 299008
1681630246826 17.270877838134766 301056
1681630248911 8.38960075378418 303104
1681630250488 114.14083099365234 305152
1681630252496 11.779468536376953 307200
1681630254265 34.438785552978516 309248
1681630255894 135.92315673828125 311296
1681630257693 3.3872034549713135 313344
1681630259710 43.03671646118164 315392
1681630261176 10.243217468261719 317440
1681630263247 50.57390213012695 319488
1681630264978 13.6740083694458 321536
1681630266577 5.300723075866699 323584
1681630268717 63.16493606567383 325632
1681630270370 48.45708465576172 327680
1681630272567 14.505488395690918 329728
1681630273926 3.90981125831604 331776
1681630275165 15.004867553710938 333824
1681630276742 10.0668363571167 335872
1681630278655 173.77685546875 337920
1681630280393 12.223847389221191 339968
1681630281879 16.002695083618164 342016
1681630283748 105.27668762207031 344064
1681630286485 50.02068328857422 346112
1681630287985 2.1503567695617676 348160
1681630289867 28.716861724853516 350208
1681630291546 9.2907075881958 352256
1681630293394 20.71037483215332 354304
1681630294996 10.135876655578613 356352
1681630296453 7.387742519378662 358400
1681630298583 48.92620849609375 360448
1681630300599 3.1153745651245117 362496
1681630302342 5.513222694396973 364544
1681630304129 83.46248626708984 366592
1681630305761 14.428258895874023 368640
1681630307789 8.133855819702148 370688
1681630309799 34.23582077026367 372736
1681630311309 1.621706485748291 374784
1681630313378 50.53355026245117 376832
1681630315382 43.96833801269531 378880
1681630316965 2.830594301223755 380928
1681630318721 11.961174011230469 382976
1681630321209 35.90206527709961 385024
1681630323094 14.995009422302246 387072
1681630325068 8.119209289550781 389120
1681630326685 5.034072399139404 391168
1681630328350 19.1439266204834 393216
1681630329937 9.958769798278809 395264
1681630331640 11.346485137939453 397312
1681630333224 17.31548309326172 399360
1681630334807 6.80936861038208 401408
1681630336219 8.051984786987305 403456
1681630337631 4.849242210388184 405504
1681630339065 4.189452648162842 407552
1681630340727 8.994775772094727 409600
1681630342320 15.0471830368042 411648
1681630343887 36.2265739440918 413696
1681630345721 24.31459617614746 415744
1681630347059 26.018320083618164 417792
1681630348657 25.236658096313477 419840
1681630350935 28.602224349975586 421888
1681630352933 17.06133270263672 423936
1681630354590 3.8000311851501465 425984
1681630356209 43.38640213012695 428032
1681630357615 8.523138046264648 430080
1681630359276 30.393625259399414 432128
1681630361093 77.52214050292969 434176
1681630363138 25.275754928588867 436224
1681630364607 22.941139221191406 438272
1681630366234 62.299922943115234 440320
1681630367800 21.7116641998291 442368
1681630369300 49.09735107421875 444416
1681630371381 4.517435550689697 446464
1681630372927 9.066436767578125 448512
1681630374290 58.00602340698242 450560
1681630375979 30.572498321533203 452608
1681630377447 13.457160949707031 454656
1681630379101 35.272640228271484 456704
1681630380712 7.279544830322266 458752
1681630382272 48.806854248046875 460800
1681630383709 19.428668975830078 462848
1681630385015 13.921692848205566 464896
1681630386441 18.623920440673828 466944
1681630387955 19.82958984375 468992
1681630389307 54.858333587646484 471040
1681630390558 31.732709884643555 473088
1681630391911 82.3472671508789 475136
1681630393384 44.474609375 477184
1681630394970 29.914819717407227 479232
1681630396615 19.910715103149414 481280
1681630397913 77.65804290771484 483328
1681630399227 62.868526458740234 485376
1681630400764 46.649017333984375 487424
1681630402479 7.597198963165283 489472
1681630403799 19.832185745239258 491520
1681630405063 11.506414413452148 493568
1681630406319 50.26494598388672 495616
1681630407567 26.219093322753906 497664
1681630408913 100.16264343261719 499712
1681630410437 29.569122314453125 501760
1681630412049 23.12911033630371 503808
1681630413248 8.619013786315918 505856
1681630414499 28.95548439025879 507904
1681630415806 97.2470703125 509952
1681630417187 50.91450500488281 512000
1681630418731 47.524208068847656 514048
1681630420205 67.35208129882812 516096
1681630421642 3.072314977645874 518144
1681630423211 25.753767013549805 520192
1681630424467 20.518381118774414 522240
1681630425590 110.35966491699219 524288
1681630426936 9.521903038024902 526336
1681630428317 13.88179874420166 528384
1681630429606 62.56693649291992 530432
1681630431014 31.278667449951172 532480
1681630432345 7.264520645141602 534528
1681630433661 30.80721092224121 536576
1681630434861 53.95802688598633 538624
1681630436280 45.466712951660156 540672
1681630437687 43.40707778930664 542720
1681630439163 63.68711853027344 544768
1681630440876 10.587064743041992 546816
1681630442725 52.69444274902344 548864
1681630444231 9.038044929504395 550912
1681630445480 64.23440551757812 552960
1681630446988 35.76811599731445 555008
1681630448335 19.595983505249023 557056
1681630449858 28.963062286376953 559104
1681630451263 19.969284057617188 561152
1681630452649 15.613694190979004 563200
1681630454086 7.589240074157715 565248
1681630455720 12.896081924438477 567296
1681630457101 2.6704540252685547 569344
1681630458725 37.534175872802734 571392
1681630460376 6.89443302154541 573440
1681630462134 14.919781684875488 575488
1681630463496 33.73637008666992 577536
1681630464894 57.1429557800293 579584
1681630466532 76.08056640625 581632
1681630468381 7.296380996704102 583680
1681630470017 6.39661169052124 585728
1681630472246 11.523016929626465 587776
1681630473693 47.901153564453125 589824
1681630475094 35.97669219970703 591872
1681630476431 63.42251968383789 593920
1681630477774 16.69138526916504 595968
1681630479429 131.6886444091797 598016
1681630480998 14.821383476257324 600064
1681630482336 75.78616333007812 602112
1681630484379 15.011048316955566 604160
1681630485747 4.708917140960693 606208
1681630487189 88.86253356933594 608256
1681630488517 12.212822914123535 610304
1681630490084 55.52199935913086 612352
1681630491444 30.94851303100586 614400
1681630492896 6.174386501312256 616448
1681630494360 9.188554763793945 618496
1681630496081 10.7988920211792 620544
1681630497519 22.014633178710938 622592
1681630498889 3.535493850708008 624640
1681630500626 13.7152738571167 626688
1681630502133 14.229968070983887 628736
1681630503632 22.236209869384766 630784
1681630505221 17.90253257751465 632832
1681630506855 30.920223236083984 634880
1681630508603 12.018388748168945 636928
1681630510051 7.649014472961426 638976
1681630511637 13.321589469909668 641024
1681630513352 3.2992544174194336 643072
1681630514660 61.1702880859375 645120
1681630516284 97.57705688476562 647168
1681630517667 12.359820365905762 649216
1681630519007 26.2213077545166 651264
1681630520479 11.601524353027344 653312
1681630521930 8.104757308959961 655360
1681630523216 4.626825332641602 657408
1681630524949 48.94354248046875 659456
1681630526291 6.256147384643555 661504
1681630527967 11.306585311889648 663552
1681630529336 11.227997779846191 665600
1681630530709 3.9235217571258545 667648
1681630532356 2.738466739654541 669696
1681630533520 14.68749713897705 671744
1681630535219 88.46714782714844 673792
1681630536912 63.76393508911133 675840
1681630538254 5.495937824249268 677888
1681630540005 113.21448516845703 679936
1681630542115 10.893965721130371 681984
1681630543638 10.31631088256836 684032
1681630544954 13.876111030578613 686080
1681630546376 53.178226470947266 688128
1681630547932 69.086669921875 690176
1681630549587 19.091196060180664 692224
1681630551120 66.85649871826172 694272
1681630552896 130.26776123046875 696320
1681630554278 34.679874420166016 698368
1681630555495 50.09806442260742 700416
1681630557213 30.175992965698242 702464
1681630558618 19.638015747070312 704512
1681630559811 98.71714782714844 706560
1681630561311 124.36317443847656 708608
1681630562985 15.34264087677002 710656
1681630564532 11.272721290588379 712704
1681630566077 32.61955261230469 714752
1681630567782 21.941286087036133 716800
1681630569129 1.423931360244751 718848
1681630570420 36.1809196472168 720896
1681630571899 34.99784851074219 722944
1681630573701 24.502056121826172 724992
1681630575140 1.13407301902771 727040
1681630576782 5.773062229156494 729088
1681630578349 27.703590393066406 731136
1681630579884 5.803730487823486 733184
1681630581410 1.914839267730713 735232
1681630582931 7.620741844177246 737280
1681630584962 122.85406494140625 739328
1681630586217 38.14231872558594 741376
1681630587629 14.011306762695312 743424
1681630588924 40.89536666870117 745472
1681630590275 55.40225601196289 747520
1681630591466 103.24909210205078 749568
1681630592984 95.67080688476562 751616
1681630594306 86.1233139038086 753664
1681630595575 103.49694061279297 755712
1681630596972 29.48869514465332 757760
1681630598193 23.236026763916016 759808
1681630599528 69.7658462524414 761856
1681630600882 11.565442085266113 763904
1681630602586 36.741233825683594 765952
1681630604528 20.71147918701172 768000
1681630605956 69.28754425048828 770048
1681630607394 23.267126083374023 772096
1681630608648 9.746137619018555 774144
1681630609932 13.588719367980957 776192
1681630611238 13.72146987915039 778240
1681630612680 56.4176025390625 780288
1681630614035 9.354748725891113 782336
1681630615697 122.81402587890625 784384
1681630617063 85.40216064453125 786432
1681630618758 65.82398223876953 788480
1681630620483 11.421157836914062 790528
1681630622928 10.616076469421387 792576
1681630624321 3.8252310752868652 794624
1681630626066 62.37775421142578 796672
1681630627653 9.780577659606934 798720
1681630629165 14.237531661987305 800768
1681630630644 23.185863494873047 802816
1681630631797 9.725702285766602 804864
1681630633446 92.37905883789062 806912
1681630635163 12.42452335357666 808960
1681630637134 5.0395989418029785 811008
1681630638461 86.71026611328125 813056
1681630640630 15.65838623046875 815104
1681630642020 1.5797983407974243 817152
1681630643350 15.0480318069458 819200
1681630644827 40.988365173339844 821248
1681630646253 3.5011279582977295 823296
1681630647481 21.427265167236328 825344
1681630649102 51.481815338134766 827392
1681630650832 6.327895641326904 829440
1681630652022 3.889730215072632 831488
1681630653635 21.689725875854492 833536
1681630655064 60.761940002441406 835584
1681630656786 63.87222671508789 837632
1681630658126 52.85343551635742 839680
1681630659479 96.74478149414062 841728
1681630660866 21.29498291015625 843776
1681630663182 3.5088295936584473 845824
1681630664905 1.3469799757003784 847872
1681630666442 5.362589359283447 849920
1681630667828 16.42168617248535 851968
1681630669251 18.00784683227539 854016
1681630670501 40.4837760925293 856064
1681630671796 13.315730094909668 858112
1681630673227 35.24311065673828 860160
1681630674950 9.039372444152832 862208
1681630676114 4.260021209716797 864256
1681630677538 94.5771713256836 866304
1681630679047 4.147495269775391 868352
1681630680649 3.599693775177002 870400
1681630682248 22.244165420532227 872448
1681630683571 3.907524824142456 874496
1681630685306 11.545402526855469 876544
1681630687122 58.99208450317383 878592
1681630688523 25.69906234741211 880640
1681630689963 7.412996292114258 882688
1681630691306 5.576754570007324 884736
1681630692919 6.307256698608398 886784
1681630694478 14.439779281616211 888832
1681630695993 12.114730834960938 890880
1681630697476 7.74590539932251 892928
1681630699076 7.810648441314697 894976
1681630700354 4.5302042961120605 897024
1681630701848 14.261829376220703 899072
1681630703360 34.32604217529297 901120
1681630704866 32.012168884277344 903168
1681630706291 18.055805206298828 905216
1681630707771 70.38504791259766 907264
1681630709717 13.143455505371094 909312
1681630711515 11.211307525634766 911360
1681630713023 20.421693801879883 913408
1681630714250 8.962625503540039 915456
1681630715654 34.459354400634766 917504
1681630717178 17.983366012573242 919552
1681630719341 23.98992347717285 921600
1681630720711 15.073378562927246 923648
1681630722039 7.520112991333008 925696
1681630724035 44.26863098144531 927744
1681630725481 26.17449378967285 929792
1681630726790 69.26271057128906 931840
1681630728286 3.0709550380706787 933888
1681630729703 12.423442840576172 935936
1681630731145 14.341554641723633 937984
1681630732425 18.225526809692383 940032
1681630734402 8.080283164978027 942080
1681630736034 13.87131118774414 944128
1681630737684 5.345451354980469 946176
1681630739260 2.4458796977996826 948224
1681630741008 11.767709732055664 950272
1681630743021 10.574506759643555 952320
1681630744334 8.08726692199707 954368
1681630745841 33.36355972290039 956416
1681630747553 48.05525588989258 958464
1681630749122 22.551103591918945 960512
1681630750318 13.185323715209961 962560
1681630751831 11.276619911193848 964608
1681630753471 12.456504821777344 966656
1681630754715 21.403135299682617 968704
1681630756185 10.345815658569336 970752
1681630757599 28.006481170654297 972800
1681630759246 2.172555446624756 974848
1681630761070 4.604742527008057 976896
1681630762837 6.786096096038818 978944
1681630764366 28.254650115966797 980992
1681630765615 2.931431770324707 983040
1681630767270 26.655248641967773 985088
1681630769316 7.520940780639648 987136
1681630771075 4.386824131011963 989184
1681630772776 18.77682113647461 991232
1681630774355 12.651732444763184 993280
1681630775831 10.34803295135498 995328
1681630777368 38.69746398925781 997376
1681630778680 8.176339149475098 999424
1681630780349 8.282272338867188 1001472
1681630782377 44.03908157348633 1003520
1681630784322 32.012916564941406 1005568
1681630786212 2.8681414127349854 1007616
1681630787605 12.572086334228516 1009664
1681630789649 14.71082878112793 1011712
1681630791264 11.528303146362305 1013760
1681630792613 3.457677125930786 1015808
1681630794608 5.288372039794922 1017856
1681630796445 3.512507915496826 1019904
1681630798218 11.363092422485352 1021952
1681630799830 18.052566528320312 1024000
