1681629983146 10.0 4096
1681629983800 20.0 6144
1681629984457 30.0 8192
1681629985127 40.0 10240
1681629985832 50.0 12288
1681629986515 60.0 14336
1681629987208 70.0 16384
1681629987934 80.0 18432
1681629988678 90.0 20480
1681629990221 100.0 22528
1681629991008 110.0 24576
1681629992000 120.0 26624
1681629993161 130.0 28672
1681629994277 140.0 30720
1681629995086 150.0 32768
1681629996030 160.0 34816
1681629996935 170.0 36864
1681629998316 180.0 38912
1681629999792 190.0 40960
1681630000816 200.0 43008
1681630002211 210.0 45056
1681630004004 220.0 47104
1681630005482 230.0 49152
1681630006888 240.0 51200
1681630008280 250.0 53248
1681630010177 260.0 55296
1681630011575 270.0 57344
1681630013014 280.0 59392
1681630014612 290.0 61440
1681630017124 300.0 63488
1681630018546 310.0 65536
1681630020504 320.0 67584
1681630022307 330.0 69632
1681630024596 340.0 71680
1681630027103 350.0 73728
1681630029361 360.0 75776
1681630031881 370.0 77824
1681630034864 380.0 79872
1681630037984 390.0 81920
1681630040638 400.0 83968
1681630043213 410.0 86016
1681630045481 420.0 88064
1681630047822 430.0 90112
1681630050403 440.0 92160
1681630052576 450.0 94208
1681630054717 460.0 96256
1681630057320 470.0 98304
1681630059557 480.0 100352
1681630061620 490.0 102400
1681630064266 500.0 104448
1681630066243 510.0 106496
1681630068326 520.0 108544
1681630069948 530.0 110592
1681630071423 540.0 112640
1681630072895 550.0 114688
1681630074575 560.0 116736
1681630076608 570.0 118784
1681630078267 580.0 120832
1681630079980 590.0 122880
1681630081758 600.0 124928
1681630083758 610.0 126976
1681630085491 620.0 129024
1681630087550 630.0 131072
1681630089137 640.0 133120
1681630091674 650.0 135168
1681630094655 660.0 137216
1681630096798 670.0 139264
1681630098284 680.0 141312
1681630100341 690.0 143360
1681630102429 700.0 145408
1681630104562 710.0 147456
1681630106355 720.0 149504
1681630109010 730.0 151552
1681630111298 740.0 153600
1681630113106 750.0 155648
1681630115307 760.0 157696
1681630117369 770.0 159744
1681630119707 780.0 161792
1681630121466 790.0 163840
1681630123319 800.0 165888
1681630125668 810.0 167936
1681630127475 820.0 169984
1681630129410 830.0 172032
1681630131721 840.0 174080
1681630133583 850.0 176128
1681630135223 860.0 178176
1681630136884 870.0 180224
1681630138523 880.0 182272
1681630140401 890.0 184320
1681630143005 900.0 186368
1681630144843 910.0 188416
1681630147239 920.0 190464
1681630149841 930.0 192512
1681630152148 940.0 194560
1681630154256 950.0 196608
1681630156025 960.0 198656
1681630157722 970.0 200704
1681630159535 980.0 202752
1681630161017 990.0 204800
1681630162469 1000.0 206848
1681630164673 1010.0 208896
1681630166245 1020.0 210944
1681630168077 1030.0 212992
1681630169928 1040.0 215040
1681630172023 1050.0 217088
1681630173613 1060.0 219136
1681630175243 1070.0 221184
1681630177071 1080.0 223232
1681630178570 1090.0 225280
1681630180176 1100.0 227328
1681630181944 1110.0 229376
1681630183805 1120.0 231424
1681630185261 1130.0 233472
1681630186999 1140.0 235520
1681630188737 1150.0 237568
1681630190403 1160.0 239616
1681630192763 1170.0 241664
1681630194594 1180.0 243712
1681630196496 1190.0 245760
1681630198848 1200.0 247808
1681630200960 1210.0 249856
1681630202875 1220.0 251904
1681630205044 1230.0 253952
1681630206808 1240.0 256000
1681630208749 1250.0 258048
1681630210408 1260.0 260096
1681630212319 1270.0 262144
1681630214111 1280.0 264192
1681630215873 1290.0 266240
1681630217758 1300.0 268288
1681630219862 1310.0 270336
1681630221594 1320.0 272384
1681630223339 1330.0 274432
1681630225210 1340.0 276480
1681630227357 1350.0 278528
1681630229361 1360.0 280576
1681630230807 1370.0 282624
1681630232577 1380.0 284672
1681630234138 1390.0 286720
1681630235785 1400.0 288768
1681630237490 1410.0 290816
1681630239058 1420.0 292864
1681630240700 1430.0 294912
1681630242732 1440.0 296960
1681630244859 1450.0 299008
1681630246827 1460.0 301056
1681630248911 1470.0 303104
1681630250489 1480.0 305152
1681630252496 1490.0 307200
1681630254265 1500.0 309248
1681630255895 1510.0 311296
1681630257693 1520.0 313344
1681630259711 1530.0 315392
1681630261176 1540.0 317440
1681630263248 1550.0 319488
1681630264978 1560.0 321536
1681630266577 1570.0 323584
1681630268718 1580.0 325632
1681630270371 1590.0 327680
1681630272568 1600.0 329728
1681630273927 1610.0 331776
1681630275165 1620.0 333824
1681630276742 1630.0 335872
1681630278656 1640.0 337920
1681630280393 1650.0 339968
1681630281879 1660.0 342016
1681630283748 1670.0 344064
1681630286485 1680.0 346112
1681630287985 1690.0 348160
1681630289867 1700.0 350208
1681630291546 1710.0 352256
1681630293395 1720.0 354304
1681630294997 1730.0 356352
1681630296453 1740.0 358400
1681630298583 1750.0 360448
1681630300600 1760.0 362496
1681630302342 1770.0 364544
1681630304129 1780.0 366592
1681630305761 1790.0 368640
1681630307789 1800.0 370688
1681630309800 1810.0 372736
1681630311309 1820.0 374784
1681630313378 1830.0 376832
1681630315382 1840.0 378880
1681630316966 1850.0 380928
1681630318722 1860.0 382976
1681630321209 1870.0 385024
1681630323094 1880.0 387072
1681630325068 1890.0 389120
1681630326685 1900.0 391168
1681630328351 1910.0 393216
1681630329938 1920.0 395264
1681630331640 1930.0 397312
1681630333224 1940.0 399360
1681630334808 1950.0 401408
1681630336219 1960.0 403456
1681630337631 1970.0 405504
1681630339065 1980.0 407552
1681630340727 1990.0 409600
1681630342321 2000.0 411648
1681630343888 2010.0 413696
1681630345722 2020.0 415744
1681630347060 2030.0 417792
1681630348657 2040.0 419840
1681630350935 2050.0 421888
1681630352934 2060.0 423936
1681630354591 2070.0 425984
1681630356210 2080.0 428032
1681630357615 2090.0 430080
1681630359277 2100.0 432128
1681630361093 2110.0 434176
1681630363138 2120.0 436224
1681630364607 2130.0 438272
1681630366234 2140.0 440320
1681630367801 2150.0 442368
1681630369301 2160.0 444416
1681630371381 2170.0 446464
1681630372927 2180.0 448512
1681630374290 2190.0 450560
1681630375979 2200.0 452608
1681630377447 2210.0 454656
1681630379101 2220.0 456704
1681630380713 2230.0 458752
1681630382273 2240.0 460800
1681630383709 2250.0 462848
1681630385016 2260.0 464896
1681630386441 2270.0 466944
1681630387956 2280.0 468992
1681630389307 2290.0 471040
1681630390558 2300.0 473088
1681630391912 2310.0 475136
1681630393384 2320.0 477184
1681630394970 2330.0 479232
1681630396615 2340.0 481280
1681630397913 2350.0 483328
1681630399228 2360.0 485376
1681630400765 2370.0 487424
1681630402479 2380.0 489472
1681630403799 2390.0 491520
1681630405064 2400.0 493568
1681630406319 2410.0 495616
1681630407568 2420.0 497664
1681630408913 2430.0 499712
1681630410438 2440.0 501760
1681630412049 2450.0 503808
1681630413249 2460.0 505856
1681630414499 2470.0 507904
1681630415806 2480.0 509952
1681630417188 2490.0 512000
1681630418732 2500.0 514048
1681630420206 2510.0 516096
1681630421642 2520.0 518144
1681630423212 2530.0 520192
1681630424467 2540.0 522240
1681630425591 2550.0 524288
1681630426937 2560.0 526336
1681630428317 2570.0 528384
1681630429606 2580.0 530432
1681630431014 2590.0 532480
1681630432345 2600.0 534528
1681630433662 2610.0 536576
1681630434862 2620.0 538624
1681630436281 2630.0 540672
1681630437688 2640.0 542720
1681630439163 2650.0 544768
1681630440877 2660.0 546816
1681630442726 2670.0 548864
1681630444232 2680.0 550912
1681630445481 2690.0 552960
1681630446989 2700.0 555008
1681630448335 2710.0 557056
1681630449858 2720.0 559104
1681630451263 2730.0 561152
1681630452649 2740.0 563200
1681630454086 2750.0 565248
1681630455720 2760.0 567296
1681630457101 2770.0 569344
1681630458725 2780.0 571392
1681630460377 2790.0 573440
1681630462135 2800.0 575488
1681630463496 2810.0 577536
1681630464895 2820.0 579584
1681630466533 2830.0 581632
1681630468381 2840.0 583680
1681630470017 2850.0 585728
1681630472246 2860.0 587776
1681630473693 2870.0 589824
1681630475095 2880.0 591872
1681630476431 2890.0 593920
1681630477774 2900.0 595968
1681630479430 2910.0 598016
1681630480999 2920.0 600064
1681630482337 2930.0 602112
1681630484379 2940.0 604160
1681630485748 2950.0 606208
1681630487189 2960.0 608256
1681630488517 2970.0 610304
1681630490084 2980.0 612352
1681630491444 2990.0 614400
1681630492897 3000.0 616448
1681630494360 3010.0 618496
1681630496082 3020.0 620544
1681630497520 3030.0 622592
1681630498891 3040.0 624640
1681630500627 3050.0 626688
1681630502134 3060.0 628736
1681630503633 3070.0 630784
1681630505222 3080.0 632832
1681630506855 3090.0 634880
1681630508604 3100.0 636928
1681630510051 3110.0 638976
1681630511637 3120.0 641024
1681630513352 3130.0 643072
1681630514660 3140.0 645120
1681630516285 3150.0 647168
1681630517667 3160.0 649216
1681630519007 3170.0 651264
1681630520479 3180.0 653312
1681630521930 3190.0 655360
1681630523217 3200.0 657408
1681630524949 3210.0 659456
1681630526292 3220.0 661504
1681630527967 3230.0 663552
1681630529336 3240.0 665600
1681630530710 3250.0 667648
1681630532357 3260.0 669696
1681630533520 3270.0 671744
1681630535219 3280.0 673792
1681630536912 3290.0 675840
1681630538255 3300.0 677888
1681630540005 3310.0 679936
1681630542115 3320.0 681984
1681630543638 3330.0 684032
1681630544955 3340.0 686080
1681630546377 3350.0 688128
1681630547932 3360.0 690176
1681630549587 3370.0 692224
1681630551121 3380.0 694272
1681630552896 3390.0 696320
1681630554279 3400.0 698368
1681630555496 3410.0 700416
1681630557214 3420.0 702464
1681630558618 3430.0 704512
1681630559811 3440.0 706560
1681630561311 3450.0 708608
1681630562985 3460.0 710656
1681630564532 3470.0 712704
1681630566077 3480.0 714752
1681630567783 3490.0 716800
1681630569130 3500.0 718848
1681630570421 3510.0 720896
1681630571899 3520.0 722944
1681630573701 3530.0 724992
1681630575140 3540.0 727040
1681630576782 3550.0 729088
1681630578349 3560.0 731136
1681630579884 3570.0 733184
1681630581410 3580.0 735232
1681630582932 3590.0 737280
1681630584962 3600.0 739328
1681630586217 3610.0 741376
1681630587630 3620.0 743424
1681630588925 3630.0 745472
1681630590275 3640.0 747520
1681630591466 3650.0 749568
1681630592985 3660.0 751616
1681630594306 3670.0 753664
1681630595575 3680.0 755712
1681630596972 3690.0 757760
1681630598194 3700.0 759808
1681630599531 3710.0 761856
1681630600882 3720.0 763904
1681630602586 3730.0 765952
1681630604528 3740.0 768000
1681630605957 3750.0 770048
1681630607395 3760.0 772096
1681630608649 3770.0 774144
1681630609932 3780.0 776192
1681630611239 3790.0 778240
1681630612681 3800.0 780288
1681630614035 3810.0 782336
1681630615698 3820.0 784384
1681630617064 3830.0 786432
1681630618758 3840.0 788480
1681630620484 3850.0 790528
1681630622929 3860.0 792576
1681630624321 3870.0 794624
1681630626066 3880.0 796672
1681630627654 3890.0 798720
1681630629165 3900.0 800768
1681630630645 3910.0 802816
1681630631798 3920.0 804864
1681630633446 3930.0 806912
1681630635163 3940.0 808960
1681630637135 3950.0 811008
1681630638461 3960.0 813056
1681630640630 3970.0 815104
1681630642021 3980.0 817152
1681630643351 3990.0 819200
1681630644828 4000.0 821248
1681630646253 4010.0 823296
1681630647482 4020.0 825344
1681630649102 4030.0 827392
1681630650832 4040.0 829440
1681630652023 4050.0 831488
1681630653636 4060.0 833536
1681630655065 4070.0 835584
1681630656786 4080.0 837632
1681630658126 4090.0 839680
1681630659479 4100.0 841728
1681630660867 4110.0 843776
1681630663183 4120.0 845824
1681630664906 4130.0 847872
1681630666442 4140.0 849920
1681630667828 4150.0 851968
1681630669251 4160.0 854016
1681630670502 4170.0 856064
1681630671797 4180.0 858112
1681630673227 4190.0 860160
1681630674950 4200.0 862208
1681630676115 4210.0 864256
1681630677538 4220.0 866304
1681630679047 4230.0 868352
1681630680649 4240.0 870400
1681630682248 4250.0 872448
1681630683572 4260.0 874496
1681630685307 4270.0 876544
1681630687123 4280.0 878592
1681630688523 4290.0 880640
1681630689964 4300.0 882688
1681630691306 4310.0 884736
1681630692919 4320.0 886784
1681630694478 4330.0 888832
1681630695994 4340.0 890880
1681630697477 4350.0 892928
1681630699076 4360.0 894976
1681630700354 4370.0 897024
1681630701848 4380.0 899072
1681630703361 4390.0 901120
1681630704866 4400.0 903168
1681630706291 4410.0 905216
1681630707772 4420.0 907264
1681630709717 4430.0 909312
1681630711516 4440.0 911360
1681630713024 4450.0 913408
1681630714251 4460.0 915456
1681630715655 4470.0 917504
1681630717179 4480.0 919552
1681630719342 4490.0 921600
1681630720712 4500.0 923648
1681630722039 4510.0 925696
1681630724035 4520.0 927744
1681630725481 4530.0 929792
1681630726791 4540.0 931840
1681630728287 4550.0 933888
1681630729703 4560.0 935936
1681630731145 4570.0 937984
1681630732425 4580.0 940032
1681630734403 4590.0 942080
1681630736034 4600.0 944128
1681630737684 4610.0 946176
1681630739261 4620.0 948224
1681630741008 4630.0 950272
1681630743021 4640.0 952320
1681630744335 4650.0 954368
1681630745841 4660.0 956416
1681630747554 4670.0 958464
1681630749122 4680.0 960512
1681630750319 4690.0 962560
1681630751831 4700.0 964608
1681630753471 4710.0 966656
1681630754715 4720.0 968704
1681630756186 4730.0 970752
1681630757599 4740.0 972800
1681630759246 4750.0 974848
1681630761070 4760.0 976896
1681630762837 4770.0 978944
1681630764366 4780.0 980992
1681630765616 4790.0 983040
1681630767271 4800.0 985088
1681630769316 4810.0 987136
1681630771076 4820.0 989184
1681630772776 4830.0 991232
1681630774355 4840.0 993280
1681630775832 4850.0 995328
1681630777368 4860.0 997376
1681630778680 4870.0 999424
1681630780350 4880.0 1001472
1681630782377 4890.0 1003520
1681630784322 4900.0 1005568
1681630786212 4910.0 1007616
1681630787605 4920.0 1009664
1681630789649 4930.0 1011712
1681630791265 4940.0 1013760
1681630792614 4950.0 1015808
1681630794608 4960.0 1017856
1681630796445 4970.0 1019904
1681630798218 4980.0 1021952
1681630799830 4990.0 1024000
