1681629983146 -0.011619584013533312 4096
1681629983800 -0.0018277863637194969 6144
1681629984458 -0.006576171398046426 8192
1681629985127 -0.013526879390701652 10240
1681629985833 -0.005267871008982183 12288
1681629986515 -0.011841734084009658 14336
1681629987209 -0.011201401591824834 16384
1681629987934 -0.007942243464640342 18432
1681629988679 -0.007191432382387575 20480
1681629990221 -0.0033039506735804023 22528
1681629991008 -0.0047956974827684466 24576
1681629992001 -0.0089779371934128 26624
1681629993162 -0.005411228170851245 28672
1681629994277 -0.005546767268970143 30720
1681629995086 -0.00977947836581734 32768
1681629996030 -0.0084404132932832 34816
1681629996935 -0.005840833434194792 36864
1681629998317 -0.009505476639606058 38912
1681629999792 -0.005967355269240216 40960
1681630000816 -0.0029336779538425618 43008
1681630002212 -0.007551824549591401 45056
1681630004004 -0.005829804050154053 47104
1681630005482 -0.0070217063032032455 49152
1681630006889 -0.00428899419202935 51200
1681630008281 -0.010813954352488508 53248
1681630010178 -0.00869088658655528 55296
1681630011575 -0.008821393304970115 57344
1681630013014 -0.007675619425572222 59392
1681630014612 -0.008011290580907372 61440
1681630017125 -0.015529670694377273 63488
1681630018546 -0.006093983157916228 65536
1681630020505 -0.00787104262781213 67584
1681630022307 -0.012405816759564915 69632
1681630024597 -0.003336990067327861 71680
1681630027103 -0.010049364044971299 73728
1681630029362 -0.005165197845053626 75776
1681630031881 -0.004991933253768366 77824
1681630034864 -0.008927994659461546 79872
1681630037984 -0.0133323456189828 81920
1681630040639 -0.005993847422359977 83968
1681630043214 -0.0021976336822262963 86016
1681630045481 -0.006039172977034468 88064
1681630047823 -0.0067086962662870064 90112
1681630050403 0.0009136981439951342 92160
1681630052576 -0.004270239899051375 94208
1681630054717 -0.0034609206588356754 96256
1681630057321 -0.004563378413149621 98304
1681630059557 -0.0033867638107039967 100352
1681630061620 -0.007619532136595808 102400
1681630064266 -0.005876337838708423 104448
1681630066244 -0.008168314278009348 106496
1681630068326 -0.003919530114944792 108544
1681630069949 -0.0063227012869901955 110592
1681630071424 -0.001292724571976578 112640
1681630072896 -0.0018535987786890474 114688
1681630074576 -0.0030766485655476573 116736
1681630076609 -0.001441883036022773 118784
1681630078267 -0.0027962415224465076 120832
1681630079980 -0.001347670896211639 122880
1681630081759 -0.002018576917180326 124928
1681630083759 -0.0006338703780784272 126976
1681630085491 -0.000969722747686319 129024
1681630087550 -0.0037514449759328272 131072
1681630089137 -0.00216353381438239 133120
1681630091674 -0.003131628268602071 135168
1681630094655 -0.0021524146541196387 137216
1681630096799 -0.0035565859187045136 139264
1681630098284 -0.0009012089867610484 141312
1681630100341 0.00010399250968475826 143360
1681630102429 -0.003500286035705358 145408
1681630104563 -0.0016280019335681573 147456
1681630106356 -0.0010254052896925714 149504
1681630109011 -0.0014615654599765548 151552
1681630111298 -0.0032480621914146466 153600
1681630113106 -0.004254711714747827 155648
1681630115307 -0.002013286537840031 157696
1681630117369 -0.0049134726403281094 159744
1681630119708 -0.001584590124548413 161792
1681630121466 -0.00010598652734188363 163840
1681630123319 -0.0019774270826019348 165888
1681630125669 -0.0010773880658234702 167936
1681630127475 -0.00390474387750146 169984
1681630129411 -0.004345559398279875 172032
1681630131721 -0.003548348560798331 174080
1681630133583 -0.0029025084790191614 176128
1681630135223 -0.0013735459191593692 178176
1681630136884 -0.00278682531134109 180224
1681630138524 -0.004357587430422427 182272
1681630140402 -0.002259503931418294 184320
1681630143006 -0.004665939305414213 186368
1681630144843 -0.0015853940552915447 188416
1681630147239 -0.0018477181864000158 190464
1681630149841 -0.003651933708169963 192512
1681630152148 -0.0016965299706498626 194560
1681630154256 -0.0016317847221216653 196608
1681630156025 -0.0061344996724074004 198656
1681630157722 -0.001967923611664446 200704
1681630159536 -0.001348643293749774 202752
1681630161017 -0.0023298729152884333 204800
1681630162469 -0.0016688073741534027 206848
1681630164674 0.0004923174259602092 208896
1681630166246 -0.00012090239470126107 210944
1681630168078 -0.001907172983919736 212992
1681630169929 -0.0015061369344039123 215040
1681630172024 -0.003098729852354154 217088
1681630173613 -0.002081751634977991 219136
1681630175243 -0.00218323823864921 221184
1681630177071 -0.005395313202461694 223232
1681630178570 -0.003143507095228415 225280
1681630180177 -0.0015139783266931773 227328
1681630181944 -0.0011683256256219466 229376
1681630183805 -0.0010945275171252433 231424
1681630185261 -0.006261426935816416 233472
1681630187000 -0.0016896625682420563 235520
1681630188737 -0.0052810148437856695 237568
1681630190403 -0.007277866725053173 239616
1681630192763 -0.003794042029767297 241664
1681630194594 -0.0022296828261460177 243712
1681630196497 -0.0020962800743291156 245760
1681630198848 -0.0042693399816926105 247808
1681630200961 -0.002788157804025104 249856
1681630202876 -0.0018195211727288552 251904
1681630205045 -0.0004410641693539219 253952
1681630206809 0.00031715046279714445 256000
1681630208750 0.0007646864745765924 258048
1681630210409 -0.0016135135876538698 260096
1681630212320 -0.00035464266111375766 262144
1681630214111 -0.0006239348971575964 264192
1681630215873 -0.00044827508172602394 266240
1681630217758 -0.0005308562933350914 268288
1681630219863 -0.0007572162670840043 270336
1681630221594 -0.000984617564245127 272384
1681630223340 -0.0015167720903264126 274432
1681630225210 -0.0014409811272344086 276480
1681630227357 -0.001625938319193665 278528
1681630229361 -0.002005203696899116 280576
1681630230807 -0.003208063957572449 282624
1681630232577 -0.0007167787836806383 284672
1681630234139 -0.0018484112428268419 286720
1681630235785 -0.0009124206404521829 288768
1681630237491 -0.005733229629549896 290816
1681630239058 -0.0015134875829971861 292864
1681630240701 -0.002090351635706611 294912
1681630242732 -0.0028037921787472443 296960
1681630244859 -0.002536734447130584 299008
1681630246827 -0.0011569909496756737 301056
1681630248911 -0.0020132054221903674 303104
1681630250489 -0.001303546326380456 305152
1681630252497 -0.002369547530543059 307200
1681630254266 -0.0016109153999423142 309248
1681630255895 -0.0006043172099452932 311296
1681630257693 -0.0038049134898756167 313344
1681630259711 -0.002175664009700995 315392
1681630261177 -0.0029218852170743046 317440
1681630263248 -0.000884877144562779 319488
1681630264979 -0.005126985562674236 321536
1681630266578 -0.004291496913356241 323584
1681630268718 -0.0021104344850755297 325632
1681630270371 -0.002316543039341923 327680
1681630272568 -0.005672331953974208 329728
1681630273927 -0.004212795541388914 331776
1681630275166 -0.0024429485987639056 333824
1681630276743 -0.0010990264330757783 335872
1681630278656 -0.004044113358759205 337920
1681630280394 -0.003747458771977108 339968
1681630281880 -0.003009532744908938 342016
1681630283749 -0.006736674220883287 344064
1681630286485 -0.002392682564095594 346112
1681630287986 -0.001789145264046965 348160
1681630289868 -0.0023330526717472823 350208
1681630291546 -0.0006089074020565021 352256
1681630293395 -0.0027136514108860865 354304
1681630294997 -0.000810895527683897 356352
1681630296454 -0.0038972210692008956 358400
1681630298584 -0.003531385681708343 360448
1681630300600 -0.0006547482553287409 362496
1681630302343 -0.003624778109951876 364544
1681630304129 -0.004159909844020149 366592
1681630305762 -0.0025933924385753925 368640
1681630307789 -0.00032521748180442956 370688
1681630309800 -0.0017674406539299526 372736
1681630311309 -0.0028448754295823165 374784
1681630313379 -0.002199987194762798 376832
1681630315383 -0.004371505469316616 378880
1681630316966 -0.0004566218936815858 380928
1681630318722 -0.0031957190338289367 382976
1681630321210 -0.005861030626692809 385024
1681630323094 -0.002012076957907993 387072
1681630325069 -0.0021643179905368017 389120
1681630326685 -0.0019699961216247176 391168
1681630328351 -0.0012006641838524957 393216
1681630329938 -0.005000348927569576 395264
1681630331641 -0.0020954814172000624 397312
1681630333224 -0.004441973567008972 399360
1681630334809 -0.0037087558659550266 401408
1681630336220 -0.0006632541899307398 403456
1681630337632 -0.0018280311371199787 405504
1681630339066 -0.010673060832050395 407552
1681630340728 -0.004491680983483093 409600
1681630342321 -0.005309346181456931 411648
1681630343888 -0.003856074158102274 413696
1681630345722 -0.003149815399228828 415744
1681630347060 -0.0011736122287402395 417792
1681630348658 -0.0018879881535212918 419840
1681630350936 -0.0007554917658126215 421888
1681630352934 -0.00112082018131332 423936
1681630354591 -0.0014206512765667866 425984
1681630356210 -0.0025213199714926304 428032
1681630357616 -0.0010883656723308377 430080
1681630359277 -0.006885495561436983 432128
1681630361094 -0.0031690925497969147 434176
1681630363139 -0.0036740391740750057 436224
1681630364608 -0.002489907870767638 438272
1681630366234 -0.0029146868029783944 440320
1681630367801 -0.004480627308657859 442368
1681630369301 -0.00017727148879203013 444416
1681630371382 -0.001954048230436456 446464
1681630372928 -0.0054682332513039 448512
1681630374290 -0.001520889509265544 450560
1681630375980 -0.0021835616156749894 452608
1681630377448 -0.0018361423641181317 454656
1681630379102 -0.002177747782479855 456704
1681630380714 -0.0027662294305628166 458752
1681630382273 -0.004216725572769064 460800
1681630383709 -6.748040905222297e-05 462848
1681630385016 -0.002894421176461037 464896
1681630386442 -0.0020732043485622853 466944
1681630387956 -0.0047705527555081065 468992
1681630389307 -0.004600568227033364 471040
1681630390559 -0.0022950019694690125 473088
1681630391912 -0.002603822143646539 475136
1681630393384 -0.002848168910713866 477184
1681630394970 -0.0008309101525810547 479232
1681630396615 -0.0003062147414311767 481280
1681630397914 -0.0025697816352476368 483328
1681630399228 -0.003215591846674215 485376
1681630400765 -0.0017394372625858523 487424
1681630402480 -0.002926794441009406 489472
1681630403800 -0.009774723243026529 491520
1681630405064 -0.0007741355766484048 493568
1681630406320 -0.00036919110279995946 495616
1681630407568 -0.002152414241572842 497664
1681630408914 -0.0017065027765056583 499712
1681630410438 -0.0012284230389923323 501760
1681630412050 -0.006127258922060719 503808
1681630413249 -0.003426996745474753 505856
1681630414500 -0.0024624245226732453 507904
1681630415807 -0.0026043662684969602 509952
1681630417188 -0.0024774711822828977 512000
1681630418732 -0.004933314866502769 514048
1681630420206 -0.004811290830548387 516096
1681630421643 -0.006444003067736048 518144
1681630423212 -0.003750255421618931 520192
1681630424468 -0.000385467782325577 522240
1681630425591 -0.003835369697480928 524288
1681630426937 -0.0017682529010926372 526336
1681630428317 -0.004030754177802009 528384
1681630429607 -0.006019675792049384 530432
1681630431015 -0.0004511699175054673 532480
1681630432346 -0.004194623604416847 534528
1681630433662 -0.0037590626128803707 536576
1681630434862 -0.0049969090876402335 538624
1681630436281 -0.0013404249206359965 540672
1681630437688 -0.0015787357478984632 542720
1681630439164 -0.003898083548119757 544768
1681630440877 -0.002451166676473804 546816
1681630442726 -0.002901301669771783 548864
1681630444232 -0.0005833649978740141 550912
1681630445481 -0.0030880292833899148 552960
1681630446989 -0.004918825634376844 555008
1681630448335 -0.002987310548633104 557056
1681630449858 -0.000634637734037824 559104
1681630451264 -0.0029460723446391055 561152
1681630452650 -0.0016518789321708026 563200
1681630454086 -0.002159946357278386 565248
1681630455721 -0.004910579315037467 567296
1681630457102 0.00034497355081839485 569344
1681630458726 -0.007503710401215358 571392
1681630460377 -0.003300939523614943 573440
1681630462135 -0.0015644130373402732 575488
1681630463496 -0.004625382810627343 577536
1681630464895 -0.0026308502652682363 579584
1681630466533 -0.002517507279117126 581632
1681630468382 -0.003684448151034303 583680
1681630470018 -0.0020107194948650433 585728
1681630472246 -0.0026329168293159457 587776
1681630473694 -0.0012965052061190362 589824
1681630475096 -0.00729624561718083 591872
1681630476432 -0.0016483037659781985 593920
1681630477775 -0.004684070336952573 595968
1681630479430 -0.0033830443273473064 598016
1681630480999 -0.0017553113277244848 600064
1681630482337 -0.00167513646374573 602112
1681630484380 -0.0037262557838403155 604160
1681630485748 -0.0005423892987892031 606208
1681630487189 -0.005561319469416048 608256
1681630488518 -0.0006561036861967295 610304
1681630490084 -0.0043237443620455455 612352
1681630491445 -0.002047101665812079 614400
1681630492897 -0.0020480647079239135 616448
1681630494361 -0.0019339588783623186 618496
1681630496083 -0.0036044103653694037 620544
1681630497520 -0.003211884098709561 622592
1681630498891 -0.0022776290352339856 624640
1681630500627 -0.002094434584432747 626688
1681630502134 -0.0023264676863618662 628736
1681630503633 -0.00410970033990452 630784
1681630505243 -0.0006921170272107702 632832
1681630506856 -0.0014531686683767475 634880
1681630508604 -0.0018250026332680136 636928
1681630510052 -0.004278573069677804 638976
1681630511638 -0.00292035339443828 641024
1681630513352 -0.002152992978153634 643072
1681630514660 -0.005673496671079192 645120
1681630516285 -0.0016402401615778217 647168
1681630517667 -0.0017987411010835785 649216
1681630519008 -0.0038528179822606033 651264
1681630520480 -0.0019510909747623372 653312
1681630521930 -8.523805299773813e-05 655360
1681630523217 -0.0026170963181357367 657408
1681630524950 -0.0026548574343905782 659456
1681630526292 -0.002477556122903479 661504
1681630527968 -0.0047323521896032615 663552
1681630529336 -0.0036289853291236796 665600
1681630530710 0.0003468947841611225 667648
1681630532357 -0.002147939769201912 669696
1681630533520 8.552427607355639e-06 671744
1681630535220 -0.003951234029955231 673792
1681630536913 -0.007920013386319624 675840
1681630538255 -0.00014675619604531676 677888
1681630540005 -0.003243112146446947 679936
1681630542116 -0.0017127813771367073 681984
1681630543639 -0.002551104877056787 684032
1681630544955 -0.0021267552656354383 686080
1681630546377 -0.00411729090847075 688128
1681630547933 -0.006559744794503786 690176
1681630549587 -0.0009780985565157607 692224
1681630551121 -0.0032585385051788762 694272
1681630552896 -0.0007370205719780642 696320
1681630554279 -0.0017773814579413738 698368
1681630555496 -0.002300181167083792 700416
1681630557214 0.0005177829785679933 702464
1681630558618 -0.0034955467272084206 704512
1681630559812 -0.004177853993314784 706560
1681630561312 -0.002225217642990174 708608
1681630562985 -0.004813634595484473 710656
1681630564532 -0.002656523368204944 712704
1681630566078 -0.00039058913753251543 714752
1681630567783 -0.004027263489115284 716800
1681630569130 -0.000489755818125559 718848
1681630570421 -0.004548707240610383 720896
1681630571900 -0.003867121515941108 722944
1681630573702 -0.0015159277958446183 724992
1681630575140 -0.0013489840115653352 727040
1681630576782 -0.003867682786221849 729088
1681630578350 -0.0033001516596414147 731136
1681630579884 -0.0016586990357609465 733184
1681630581411 -0.002547492887970293 735232
1681630582932 -0.0019431789223745 737280
1681630584963 -0.004054445510701043 739328
1681630586218 -0.0014604479729314335 741376
1681630587630 -0.0018193719879491255 743424
1681630588925 -0.0015510352517594584 745472
1681630590275 -0.0018185484950663522 747520
1681630591466 -0.0024400121488724834 749568
1681630592985 0.0004042668319016229 751616
1681630594307 -0.004697955695883138 753664
1681630595576 -0.002523666019260418 755712
1681630596972 -0.0004765918296470772 757760
1681630598194 -0.0035142281290973187 759808
1681630599531 -0.00231224556628149 761856
1681630600883 0.0002558678395871539 763904
1681630602587 -0.001371080171520589 765952
1681630604529 -0.003834538085357053 768000
1681630605957 -0.0014432252719416283 770048
1681630607395 -0.002003212907948182 772096
1681630608649 -0.004667672808864154 774144
1681630609932 -0.0010443400184158235 776192
1681630611239 -0.0026284481540642447 778240
1681630612681 -0.0024640243362227922 780288
1681630614036 -0.0018699002859648318 782336
1681630615698 -0.00406697209837148 784384
1681630617064 -0.0036227896001946648 786432
1681630618759 -0.0019258276061009383 788480
1681630620484 -0.0024071885862213096 790528
1681630622929 -0.00180720443604514 792576
1681630624322 -0.0041965801749029195 794624
1681630626066 -0.0025881049197778337 796672
1681630627654 -0.0025916646096447947 798720
1681630629166 -0.003205238295777235 800768
1681630630645 -0.000979648496286245 802816
1681630631798 -0.002841091566369869 804864
1681630633447 -0.0030578483660065104 806912
1681630635163 0.0009154551327810623 808960
1681630637135 -0.0027158179284015203 811008
1681630638462 -0.001216608614777215 813056
1681630640631 -0.003351668762479676 815104
1681630642021 -0.004298080087755807 817152
1681630643351 -0.00026481011882424356 819200
1681630644828 -0.003196664422284812 821248
1681630646254 -0.0008072659016761463 823296
1681630647482 -0.0008635692425741581 825344
1681630649103 -0.0012193034453957807 827392
1681630650833 -0.0027527702681254596 829440
1681630652023 0.0019163953387760558 831488
1681630653636 -0.000842278523123241 833536
1681630655065 -0.002447161644522566 835584
1681630656787 -0.001833192571211839 837632
1681630658127 -0.0018057435263472144 839680
1681630659480 -0.0006073066673707217 841728
1681630660867 -0.002089894574601203 843776
1681630663183 -0.0019480283226585016 845824
1681630664906 -0.0009070050713489763 847872
1681630666442 -0.0012419982413121033 849920
1681630667828 -0.0036491773011221086 851968
1681630669251 -0.0020715191778435836 854016
1681630670502 -0.0020665951109549497 856064
1681630671797 -0.003580650331423385 858112
1681630673228 -0.002522074955049902 860160
1681630674950 -0.0011006103733961937 862208
1681630676115 -0.0043255452641460575 864256
1681630677539 -0.0005802655410661828 866304
1681630679047 -0.0030153337662341072 868352
1681630680649 -0.002808777705649845 870400
1681630682248 -0.0014087861942243761 872448
1681630683572 -0.003173258454989991 874496
1681630685307 -0.0030480644276394742 876544
1681630687123 -0.006044218310125871 878592
1681630688524 -0.0022034267356502825 880640
1681630689964 -0.000699599068320822 882688
1681630691307 -0.0021217347639321815 884736
1681630692920 -0.001782043246930698 886784
1681630694479 -0.007222410359827336 888832
1681630695994 -0.0018758014080958673 890880
1681630697477 -0.008059706082713091 892928
1681630699077 -0.0012490470318880398 894976
1681630700355 -0.0018952369871840346 897024
1681630701849 0.0005839735757035669 899072
1681630703361 -0.0019527325963281327 901120
1681630704866 -0.0019952923837990967 903168
1681630706292 -0.0031563133525196463 905216
1681630707772 -0.002906643069218262 907264
1681630709718 -0.001208847294037696 909312
1681630711516 -0.00031717127276351673 911360
1681630713024 -0.0009510873424005695 913408
1681630714251 0.0018629161117132754 915456
1681630715655 -0.006444615952204913 917504
1681630717179 -0.0035937135646236127 919552
1681630719342 0.000978356728592189 921600
1681630720712 -0.00019938476543757133 923648
1681630722039 0.0009697306013549678 925696
1681630724036 -0.002362261494999984 927744
1681630725482 -0.00106028650116059 929792
1681630726791 -0.0005027633524150588 931840
1681630728287 -0.002401371810992714 933888
1681630729704 -0.0020115833278396165 935936
1681630731146 -0.00016157399368239568 937984
1681630732426 -0.004124730854528025 940032
1681630734403 -0.0012054978469677735 942080
1681630736034 4.0146471292246135e-06 944128
1681630737685 -0.0037446563350385987 946176
1681630739261 -0.00021870795753784478 948224
1681630741009 -0.0021105278479808475 950272
1681630743021 -3.2736541470512746e-06 952320
1681630744335 -0.0003370384583831765 954368
1681630745841 -0.0014887389850628096 956416
1681630747554 -0.0013441109622363001 958464
1681630749123 -0.001038311953016091 960512
1681630750319 -0.003297595052208635 962560
1681630751832 -0.0009459104712732369 964608
1681630753471 -0.002229629999783356 966656
1681630754715 -0.0004254791958373971 968704
1681630756186 -0.006580886845040368 970752
1681630757600 -0.0027727357162802948 972800
1681630759246 -0.0009232282922312151 974848
1681630761070 -0.0001097589272831101 976896
1681630762838 0.0008488751816912554 978944
1681630764366 -0.0026267740788171066 980992
1681630765616 -0.0006123600309365429 983040
1681630767271 -0.0041436762101511706 985088
1681630769317 -0.0010849565631360746 987136
1681630771076 -0.0024172832621843555 989184
1681630772777 -0.0032150848805031274 991232
1681630774356 -0.002409434636501828 993280
1681630775832 0.0003340367817145307 995328
1681630777369 -0.0022579551841772627 997376
1681630778681 -0.0012799335934687405 999424
1681630780350 -0.0030287790432339534 1001472
1681630782378 -0.020292678085388614 1003520
1681630784323 -0.002098630052205408 1005568
1681630786213 0.0025140080455457793 1007616
1681630787606 -0.00026187629482592455 1009664
1681630789649 -0.0036920997827110114 1011712
1681630791265 7.004666695138439e-05 1013760
1681630792614 -0.0014913148508640007 1015808
1681630794609 -0.004294292259146459 1017856
1681630796446 -0.0016549802348890807 1019904
1681630798219 -0.003079832340881694 1021952
1681630799830 -0.0015280817060556728 1024000
