1681629983147 1467.3930770874024 4096
1681629983800 1318.6113426208497 6144
1681629984458 945.07761592865 8192
1681629985127 1160.11470079422 10240
1681629985833 745.1825048446656 12288
1681629986516 729.0391900062561 14336
1681629987209 650.8021697998047 16384
1681629987935 295.4747925758362 18432
1681629988679 347.3311848640442 20480
1681629990221 455.2637364387512 22528
1681629991008 292.36018803119657 24576
1681629992001 444.7245904445648 26624
1681629993162 232.02143285274505 28672
1681629994278 326.1483849048615 30720
1681629995087 389.5397039651871 32768
1681629996031 489.7810656547546 34816
1681629996935 438.0093641281128 36864
1681629998318 414.17737646102904 38912
1681629999792 207.8218545436859 40960
1681630000816 386.6964465856552 43008
1681630002212 159.61947331428527 45056
1681630004005 146.27096662521362 47104
1681630005482 184.08663103580474 49152
1681630006889 163.55658587217332 51200
1681630008281 195.59069420099257 53248
1681630010178 122.06848757266998 55296
1681630011576 109.02411350011826 57344
1681630013014 266.5819102048874 59392
1681630014612 166.92556563615798 61440
1681630017125 94.45274873375892 63488
1681630018546 79.49249742031097 65536
1681630020505 119.40836104154587 67584
1681630022308 60.739404106140135 69632
1681630024597 122.77058522701263 71680
1681630027104 93.25946252346039 73728
1681630029362 23.704595762491227 75776
1681630031882 36.06567739844322 77824
1681630034865 18.07470245361328 79872
1681630037985 13.448824863135815 81920
1681630040639 20.980826233327388 83968
1681630043214 9.27980129122734 86016
1681630045482 12.974602285027505 88064
1681630047823 10.211020392179488 90112
1681630050403 17.32829779535532 92160
1681630052577 7.606197921186686 94208
1681630054717 12.534189794957637 96256
1681630057321 7.237208047509194 98304
1681630059557 12.97681454271078 100352
1681630061621 7.544692736119032 102400
1681630064267 9.355670831352473 104448
1681630066244 58.00869781970978 106496
1681630068326 97.80882011055947 108544
1681630069949 96.62407329976558 110592
1681630071424 128.0026403337717 112640
1681630072896 83.81532496809959 114688
1681630074576 199.33513821959497 116736
1681630076609 147.38952226042747 118784
1681630078267 148.63669056892394 120832
1681630079980 115.97387645244598 122880
1681630081759 98.86857070922852 124928
1681630083759 62.40858262181282 126976
1681630085491 135.24782660007477 129024
1681630087551 170.7983297765255 131072
1681630089137 69.58190961778163 133120
1681630091675 97.14683788120746 135168
1681630094656 40.769734831154345 137216
1681630096799 57.67129729837179 139264
1681630098285 135.59437743723393 141312
1681630100342 74.48228134661913 143360
1681630102430 62.00979039669037 145408
1681630104563 74.63761058598757 147456
1681630106356 38.639670823514464 149504
1681630109011 142.5484740972519 151552
1681630111299 25.60420626848936 153600
1681630113107 44.66181024461984 155648
1681630115308 12.01144019663334 157696
1681630117369 7.669811682403088 159744
1681630119708 106.52501387000083 161792
1681630121467 6.340458898246288 163840
1681630123320 51.072642946243285 165888
1681630125669 138.72233416736125 167936
1681630127476 59.0789557620883 169984
1681630129411 62.415069696307185 172032
1681630131722 83.28203557133675 174080
1681630133584 36.225169748067856 176128
1681630135224 114.71449269354343 178176
1681630136885 182.81536878198386 180224
1681630138524 89.7196335747838 182272
1681630140402 117.3465395539999 184320
1681630143006 75.90185892879963 186368
1681630144844 72.21184466928244 188416
1681630147240 112.77023009061813 190464
1681630149842 151.51719601601363 192512
1681630152149 127.71235174834729 194560
1681630154257 102.09162541925907 196608
1681630156026 78.68711401820183 198656
1681630157722 76.7558274537325 200704
1681630159536 104.93246990889311 202752
1681630161018 108.0831165075302 204800
1681630162470 56.564973302185535 206848
1681630164674 79.41751705408096 208896
1681630166246 146.773752117157 210944
1681630168078 89.96184642612934 212992
1681630169929 89.81246218979359 215040
1681630172024 87.54085509181023 217088
1681630173613 97.58991349041462 219136
1681630175244 75.16596659421921 221184
1681630177071 105.29539906233549 223232
1681630178570 95.81239247322083 225280
1681630180177 107.81797515153885 227328
1681630181945 180.01701219379902 229376
1681630183805 85.26485101878643 231424
1681630185262 133.5317168161273 233472
1681630187000 37.50304125398397 235520
1681630188737 152.43662858009338 237568
1681630190404 85.44211715757847 239616
1681630192764 84.41411087363959 241664
1681630194595 50.46830759048462 243712
1681630196497 93.63043611049652 245760
1681630198849 54.39137908518315 247808
1681630200961 79.1418753862381 249856
1681630202876 93.05988035053015 251904
1681630205045 22.574142438173293 253952
1681630206809 131.34155424535274 256000
1681630208750 21.759839916229247 258048
1681630210409 30.364333836734296 260096
1681630212320 158.2388468131423 262144
1681630214112 52.91009491086006 264192
1681630215873 69.22285377532243 266240
1681630217759 44.32690290808678 268288
1681630219863 67.10496412068605 270336
1681630221595 17.04593967795372 272384
1681630223340 40.88972909897566 274432
1681630225211 46.126691883802415 276480
1681630227357 36.41490398198366 278528
1681630229361 34.5365075469017 280576
1681630230807 15.501400221139193 282624
1681630232577 59.56071598082781 284672
1681630234139 12.845719029009341 286720
1681630235786 123.54365048408508 288768
1681630237491 60.054846569895744 290816
1681630239059 67.98430068790913 292864
1681630240701 84.2995665922761 294912
1681630242733 76.22262282669544 296960
1681630244860 89.67079111337662 299008
1681630246828 63.75122222900391 301056
1681630248912 89.48514924645424 303104
1681630250490 83.1537818133831 305152
1681630252497 97.20722013115883 307200
1681630254266 73.19040850698948 309248
1681630255896 85.70226864218712 311296
1681630257694 69.48457595258951 313344
1681630259712 101.03189585357904 315392
1681630261177 34.70520716905594 317440
1681630263249 74.92480957210064 319488
1681630264979 64.33722155988217 321536
1681630266578 58.75649287104606 323584
1681630268719 82.96395012438298 325632
1681630270371 50.057382598519325 327680
1681630272568 75.81180756092071 329728
1681630273928 36.59304571002722 331776
1681630275166 130.4911436498165 333824
1681630276743 48.9910036355257 335872
1681630278657 111.20722607374191 337920
1681630280394 33.50451122671366 339968
1681630281880 23.3487159922719 342016
1681630283749 146.04150923490525 344064
1681630286486 75.5698032796383 346112
1681630287986 9.465405294299126 348160
1681630289868 70.21900262832642 350208
1681630291547 31.339539946615695 352256
1681630293396 85.18250962495804 354304
1681630294997 97.7567760720849 356352
1681630296454 42.30793148726225 358400
1681630298584 106.28048296272755 360448
1681630300600 27.155149025470017 362496
1681630302343 93.10411127358675 364544
1681630304130 190.62505508065223 366592
1681630305762 51.88096273243427 368640
1681630307790 43.57455531358719 370688
1681630309800 62.44110500663519 372736
1681630311310 22.850658493116498 374784
1681630313379 66.82957084327936 376832
1681630315383 80.53977344334126 378880
1681630316966 28.733180089294912 380928
1681630318723 126.67867401540279 382976
1681630321210 130.5387148499489 385024
1681630323095 39.09009606540203 387072
1681630325069 51.395925894379616 389120
1681630326686 75.22500600516796 391168
1681630328351 53.35149672925472 393216
1681630329938 139.31795595884324 395264
1681630331641 44.828064158558846 397312
1681630333225 42.605017346143725 399360
1681630334809 27.200791434943675 401408
1681630336220 18.94598408564925 403456
1681630337632 17.4489120259881 405504
1681630339066 11.589522098749876 407552
1681630340728 65.26861680299044 409600
1681630342321 27.925961124897004 411648
1681630343889 76.24345591515302 413696
1681630345722 88.55761787891387 415744
1681630347061 48.54940543621778 417792
1681630348658 82.5715216293931 419840
1681630350936 85.24795472323895 421888
1681630352934 42.02139311730862 423936
1681630354591 62.973727805912496 425984
1681630356211 121.11211703568696 428032
1681630357616 87.54207911342382 430080
1681630359278 105.61300431787967 432128
1681630361094 76.51621325314045 434176
1681630363139 54.5550027936697 436224
1681630364608 76.30441986322403 438272
1681630366235 48.60092505812645 440320
1681630367801 74.77781387269496 442368
1681630369302 96.64896085560322 444416
1681630371382 77.9383381947875 446464
1681630372928 146.36780114471912 448512
1681630374291 168.36894176900387 450560
1681630375980 123.94008391201496 452608
1681630377448 90.08802822828292 454656
1681630379102 59.88389150798321 456704
1681630380714 44.55702148228884 458752
1681630382274 87.53133864998817 460800
1681630383710 29.586997359991074 462848
1681630385016 52.518455198407175 464896
1681630386442 250.62790330946444 466944
1681630387956 37.46119047254324 468992
1681630389308 95.36485294401646 471040
1681630390559 174.22160411775113 473088
1681630391913 161.13346830010414 475136
1681630393385 125.20478192269802 477184
1681630394971 126.90550008416176 479232
1681630396616 48.121306584775446 481280
1681630397914 154.87764891386033 483328
1681630399229 135.77530131340026 485376
1681630400765 89.92173277437686 487424
1681630402480 50.95780913680792 489472
1681630403800 112.83197947442531 491520
1681630405065 68.02484186291694 493568
1681630406320 105.67959606349469 495616
1681630407569 121.68803491294383 497664
1681630408914 198.64951588511468 499712
1681630410438 147.7492196381092 501760
1681630412050 30.72505999431014 503808
1681630413250 52.73248038738966 505856
1681630414500 186.71300755739213 507904
1681630415807 157.0065597295761 509952
1681630417188 56.78293018639088 512000
1681630418732 99.47747602462769 514048
1681630420207 54.50513249933719 516096
1681630421643 86.4503233447671 518144
1681630423213 110.64241804629565 520192
1681630424468 50.99894400760532 522240
1681630425591 173.10715315639973 524288
1681630426937 100.26334239542484 526336
1681630428318 140.33629673719406 528384
1681630429607 132.87162023484706 530432
1681630431015 77.17211042046547 532480
1681630432346 46.81713359057903 534528
1681630433663 61.750651402771474 536576
1681630434862 70.31820021271706 538624
1681630436281 163.16875140666963 540672
1681630437689 87.0105609446764 542720
1681630439164 107.56955916881562 544768
1681630440878 155.9595057398081 546816
1681630442727 60.8907832365483 548864
1681630444233 70.73441582471132 550912
1681630445481 126.54758750200271 552960
1681630446989 89.44269390404224 555008
1681630448336 93.6789672896266 557056
1681630449859 80.14443600177765 559104
1681630451264 48.418122959136966 561152
1681630452650 38.92272402793169 563200
1681630454087 49.66410522311926 565248
1681630455721 106.86118019521237 567296
1681630457102 15.191493248939514 569344
1681630458726 100.42913810014724 571392
1681630460378 149.6445633381605 573440
1681630462136 53.16640908941626 575488
1681630463497 71.14954621344805 577536
1681630464896 132.02341507673265 579584
1681630466534 101.92428444027901 581632
1681630468382 98.43231533169747 583680
1681630470018 38.31872864216566 585728
1681630472247 47.417979738116266 587776
1681630473694 66.81623745709658 589824
1681630475096 82.39508943259716 591872
1681630476432 115.95883473157883 593920
1681630477775 106.49773814678193 595968
1681630479430 143.36245075762272 598016
1681630480999 60.10626099854708 600064
1681630482338 93.97268772423267 602112
1681630484380 112.8920376509428 604160
1681630485749 54.923411613702775 606208
1681630487190 84.39642823934555 608256
1681630488518 48.05871168971062 610304
1681630490085 98.71358657181263 612352
1681630491445 168.8838379651308 614400
1681630492897 26.229469944536685 616448
1681630494361 24.7518246486783 618496
1681630496083 46.423410998284815 620544
1681630497520 19.564873844385147 622592
1681630498893 55.76439885646105 624640
1681630500628 91.36523369252681 626688
1681630502135 59.69212007522583 628736
1681630503633 77.13806988447905 630784
1681630505244 84.30856578052044 632832
1681630506856 78.68310042321681 634880
1681630508605 63.82151852101087 636928
1681630510053 54.1606105402112 638976
1681630511638 127.27263605594635 641024
1681630513353 93.84304459393024 643072
1681630514661 174.66650678515435 645120
1681630516285 181.73706180751324 647168
1681630517668 62.562844184041026 649216
1681630519008 121.18396396040916 651264
1681630520480 119.87227045297622 653312
1681630521931 58.19954037070274 655360
1681630523218 99.54104022979736 657408
1681630524950 88.62276719510555 659456
1681630526292 50.185432855784896 661504
1681630527968 68.67917046099902 663552
1681630529337 68.03142043054103 665600
1681630530710 21.68730011805892 667648
1681630532357 44.66645563989878 669696
1681630533521 81.17314588725567 671744
1681630535220 172.81403430700303 673792
1681630536913 62.01578490436077 675840
1681630538256 34.01634064763785 677888
1681630540006 265.99263117015363 679936
1681630542116 58.40353370830417 681984
1681630543639 26.477554838731884 684032
1681630544955 101.22312333285808 686080
1681630546378 107.8289378374815 688128
1681630547933 159.91765765845776 690176
1681630549588 80.45453914999962 692224
1681630551122 65.32782644331455 694272
1681630552897 129.15359098911284 696320
1681630554280 78.29096327126027 698368
1681630555496 96.64349009990693 700416
1681630557214 90.07914983034134 702464
1681630558619 57.8757660523057 704512
1681630559812 89.86329003572465 706560
1681630561312 194.18193489313126 708608
1681630562986 91.59670632183551 710656
1681630564533 42.62911666929722 712704
1681630566078 97.55793124139309 714752
1681630567783 179.19241558611392 716800
1681630569130 35.36417350769043 718848
1681630570421 91.22718431651592 720896
1681630571900 65.38312206715345 722944
1681630573702 172.63092319071293 724992
1681630575141 7.00070584975183 727040
1681630576783 60.734240610897544 729088
1681630578350 84.94413751065731 731136
1681630579885 17.29748755469918 733184
1681630581411 41.433752530813216 735232
1681630582932 100.77648041844368 737280
1681630584963 126.56109735816717 739328
1681630586218 76.22732336372137 741376
1681630587630 79.59089252203702 743424
1681630588925 63.769707038998604 745472
1681630590276 86.16708016991615 747520
1681630591467 98.63019432723522 749568
1681630592986 124.95776030123234 751616
1681630594307 136.19617423415184 753664
1681630595576 151.2761169999838 755712
1681630596973 58.80135879516602 757760
1681630598194 81.66740823388099 759808
1681630599531 151.94452960789204 761856
1681630600883 49.72272467911243 763904
1681630602587 85.00217499732972 765952
1681630604529 100.69984028041362 768000
1681630605957 122.83262332379817 770048
1681630607396 166.0703956991434 772096
1681630608649 39.23625932335854 774144
1681630609933 50.63464340865612 776192
1681630611240 66.8923524543643 778240
1681630612682 134.97654387652875 780288
1681630614036 37.96087578907609 782336
1681630615698 110.60225675404072 784384
1681630617065 169.73863815665246 786432
1681630618759 133.23113105744125 788480
1681630620485 82.21591992080212 790528
1681630622930 39.07924832850695 792576
1681630624322 35.78422304093838 794624
1681630626067 114.90208722352982 796672
1681630627655 62.234236100316046 798720
1681630629166 38.42000760436058 800768
1681630630645 115.34341762512922 802816
1681630631798 69.96204431802035 804864
1681630633447 246.60589217245578 806912
1681630635164 24.93430306762457 808960
1681630637136 32.99887735843659 811008
1681630638462 82.75759882628918 813056
1681630640631 67.92479675263166 815104
1681630642021 22.04914109483361 817152
1681630643351 37.865675669908526 819200
1681630644829 139.59050485193728 821248
1681630646254 69.37784948050975 823296
1681630647482 50.86471478641033 825344
1681630649103 166.54609520435332 827392
1681630650833 64.63420914262534 829440
1681630652023 11.699221953377128 831488
1681630653637 119.2166323184967 833536
1681630655065 172.64109464883805 835584
1681630656787 177.34999564290047 837632
1681630658127 89.68250420987606 839680
1681630659480 90.09328536242246 841728
1681630660867 131.15920938253402 843776
1681630663184 74.13751309663057 845824
1681630664907 7.381086863577366 847872
1681630666443 32.615277686715125 849920
1681630667829 37.1532156765461 851968
1681630669252 51.51824226975441 854016
1681630670503 126.68411268293858 856064
1681630671798 49.97270558923483 858112
1681630673228 105.33176237493754 860160
1681630674951 173.76065394580365 862208
1681630676116 46.59642030671239 864256
1681630677539 81.7015288054943 866304
1681630679048 49.802065536379814 868352
1681630680650 38.66235966831446 870400
1681630682249 23.1270961612463 872448
1681630683573 119.22307056933641 874496
1681630685307 102.09253762364388 876544
1681630687123 83.74761811494827 878592
1681630688524 39.714181968569754 880640
1681630689965 17.42659983895719 882688
1681630691307 43.5705450117588 884736
1681630692921 36.4476055175066 886784
1681630694479 49.04564189761877 888832
1681630695994 66.6139911070466 890880
1681630697477 114.67892494201661 892928
1681630699077 30.577330566197634 894976
1681630700355 74.55285905301571 897024
1681630701849 46.81726758629084 899072
1681630703362 77.60423631370068 901120
1681630704867 67.33792368471623 903168
1681630706292 55.29709765017033 905216
1681630707772 137.2597719848156 907264
1681630709718 32.95003019869328 909312
1681630711516 114.74053198546171 911360
1681630713024 45.974855275452136 913408
1681630714252 47.391208064556125 915456
1681630715655 243.9136572122574 917504
1681630717180 118.41230264008045 919552
1681630719343 36.077745248377326 921600
1681630720712 17.680237313359974 923648
1681630722040 18.50209398716688 925696
1681630724036 55.509638047218324 927744
1681630725482 48.78324328362942 929792
1681630726792 44.282301635295156 931840
1681630728288 25.98562284260988 933888
1681630729704 44.18017525970936 935936
1681630731146 57.137484326958656 937984
1681630732426 90.1974339902401 940032
1681630734404 21.770360684394838 942080
1681630736035 23.794133079797028 944128
1681630737685 13.130915436893702 946176
1681630739261 23.74895949587226 948224
1681630741009 35.21636451035738 950272
1681630743022 64.92068798020482 952320
1681630744335 27.098618125170468 954368
1681630745842 164.99050692170857 956416
1681630747554 78.50065432190895 958464
1681630749123 37.49676360785961 960512
1681630750319 30.747085992991924 962560
1681630751832 64.70557936429978 964608
1681630753472 48.9533874630928 966656
1681630754716 43.46966392248869 968704
1681630756186 139.88367378413676 970752
1681630757600 75.62869258373976 972800
1681630759247 65.54933436065912 974848
1681630761071 44.404547004401685 976896
1681630762838 47.62273736149073 978944
1681630764367 35.79828520566225 980992
1681630765616 54.37056342363358 983040
1681630767271 36.93673068583011 985088
1681630769317 19.16086078360677 987136
1681630771076 36.17170287594199 989184
1681630772777 92.85307164639235 991232
1681630774356 53.559951269626616 993280
1681630775833 35.538020574301484 995328
1681630777369 68.47993626147509 997376
1681630778681 92.10840220227837 999424
1681630780350 26.95374398380518 1001472
1681630782378 42.31386446803808 1003520
1681630784323 58.22175334095955 1005568
1681630786213 30.082907316088676 1007616
1681630787606 39.045820377767086 1009664
1681630789650 59.13971594423056 1011712
1681630791265 51.31792217344046 1013760
1681630792615 27.860477262735365 1015808
1681630794609 16.47712393552065 1017856
1681630796446 17.073223467171193 1019904
1681630798219 23.3560051985085 1021952
1681630799831 45.13029681220651 1024000
