1681630125502 2581.0 500
1681630125709 2456.0 1000
1681630125935 2370.0 1500
1681630126150 2356.0 2000
1681630126421 2234.0 2500
1681630126689 2163.0 3000
1681630126915 2168.0 3500
1681630127163 2148.0 4000
1681630127402 2142.0 4500
1681630127818 1987.0 5000
1681630128623 1656.0 5500
1681630128890 1672.0 6000
1681630129157 1685.0 6500
1681630129370 1720.0 7000
1681630129678 1713.0 7500
1681630129908 1736.0 8000
1681630130257 1715.0 8500
1681630130607 1696.0 9000
1681630130835 1716.0 9500
1681630131068 1734.0 10000
1681630131342 2015.0 10500
1681630131619 1905.0 11000
1681630132144 1427.0 11500
1681630132413 1516.0 12000
1681630132669 1587.0 12500
1681630132884 1675.0 13000
1681630133213 1651.0 13500
1681630133491 1668.0 14000
1681630133766 1684.0 14500
1681630134019 1709.0 15000
1681630134277 1727.0 15500
1681630134531 1745.0 16000
1681630134786 1760.0 16500
1681630135082 1755.0 17000
1681630135329 1770.0 17500
1681630135653 1754.0 18000
1681630135948 1751.0 18500
1681630136170 1772.0 19000
1681630136388 1794.0 19500
1681630136697 1784.0 20000
1681630136958 1978.0 20500
1681630137246 1847.0 21000
1681630137512 1859.0 21500
1681630137780 1860.0 22000
1681630138042 1869.0 22500
1681630138313 1866.0 23000
1681630138653 1797.0 23500
1681630138941 1789.0 24000
1681630139204 1800.0 24500
1681630139440 1828.0 25000
1681630139660 1861.0 25500
1681630139962 1842.0 26000
1681630140230 1844.0 26500
1681630140561 1815.0 27000
1681630140797 1832.0 27500
1681630141047 1842.0 28000
1681630141306 1847.0 28500
1681630141623 1830.0 29000
1681630142039 1781.0 29500
1681630142241 1806.0 30000
1681630142485 2111.0 30500
1681630142902 1529.0 31000
1681630143299 1428.0 31500
1681630143589 1491.0 32000
1681630143858 1552.0 32500
1681630144133 1591.0 33000
1681630144485 1564.0 33500
1681630144905 1506.0 34000
1681630145187 1531.0 34500
1681630145415 1579.0 35000
1681630145676 1604.0 35500
1681630146009 1595.0 36000
1681630146416 1559.0 36500
1681630146891 1507.0 37000
1681630147197 1515.0 37500
1681630147570 1503.0 38000
1681630147994 1479.0 38500
1681630148368 1470.0 39000
1681630148874 1434.0 39500
1681630149192 1440.0 40000
1681630149657 1096.0 40500
1681630149944 1345.0 41000
1681630150263 1411.0 41500
1681630150579 1450.0 42000
1681630150978 1406.0 42500
1681630151271 1449.0 43000
1681630151576 1473.0 43500
1681630151878 1494.0 44000
1681630152248 1477.0 44500
1681630152617 1463.0 45000
1681630152953 1465.0 45500
1681630153247 1482.0 46000
1681630153583 1483.0 46500
1681630153850 1505.0 47000
1681630154094 1532.0 47500
1681630154328 1560.0 48000
1681630154616 1569.0 48500
1681630154929 1571.0 49000
1681630155151 1596.0 49500
1681630155377 1619.0 50000
1681630155630 2048.0 50500
1681630155873 2052.0 51000
1681630156111 2067.0 51500
1681630156391 1988.0 52000
1681630156700 1902.0 52500
1681630156940 1930.0 53000
1681630157151 1982.0 53500
1681630157407 1978.0 54000
1681630157622 2012.0 54500
1681630157870 2012.0 55000
1681630158099 2026.0 55500
1681630158368 2011.0 56000
1681630158609 2016.0 56500
1681630158945 1966.0 57000
1681630159176 1978.0 57500
1681630159430 1978.0 58000
1681630159666 1986.0 58500
1681630159979 1959.0 59000
1681630160219 1965.0 59500
1681630160435 1980.0 60000
1681630160681 2106.0 60500
1681630160907 2157.0 61000
1681630161167 2072.0 61500
1681630161416 2056.0 62000
1681630161870 1751.0 62500
1681630162091 1820.0 63000
1681630162338 1847.0 63500
1681630162652 1811.0 64000
1681630162890 1839.0 64500
1681630163098 1883.0 65000
1681630163317 1913.0 65500
1681630163515 1953.0 66000
1681630163743 1970.0 66500
1681630163948 1997.0 67000
1681630164151 2022.0 67500
1681630164343 2051.0 68000
1681630164540 2074.0 68500
1681630164743 2093.0 69000
1681630164969 2099.0 69500
1681630165164 2118.0 70000
1681630165356 2723.0 70500
1681630165546 2676.0 71000
1681630165734 2669.0 71500
1681630165924 2658.0 72000
1681630166118 2642.0 72500
1681630166327 2598.0 73000
1681630166551 2537.0 73500
1681630166747 2539.0 74000
1681630166965 2511.0 74500
1681630167211 2452.0 75000
1681630167414 2453.0 75500
1681630167610 2461.0 76000
1681630167879 2400.0 76500
1681630168134 2363.0 77000
1681630168421 2308.0 77500
1681630168633 2311.0 78000
1681630168829 2324.0 78500
1681630169056 2317.0 79000
1681630169386 2254.0 79500
1681630169765 2177.0 80000
1681630170192 1193.0 80500
1681630170458 1459.0 81000
1681630170729 1568.0 81500
1681630171116 1488.0 82000
1681630171693 1302.0 82500
1681630172131 1272.0 83000
1681630172459 1303.0 83500
1681630172781 1329.0 84000
1681630173382 1246.0 84500
1681630174287 1107.0 85000
1681630174797 1094.0 85500
1681630175380 1070.0 86000
1681630175656 1104.0 86500
1681630176025 1119.0 87000
1681630176551 1106.0 87500
1681630177390 1050.0 88000
1681630177683 1074.0 88500
1681630178184 1070.0 89000
1681630178720 1061.0 89500
1681630179135 1068.0 90000
1681630180004 580.0 90500
1681630180268 889.0 91000
1681630180598 1030.0 91500
1681630180824 1189.0 92000
1681630181060 1303.0 92500
1681630181260 1416.0 93000
1681630181461 1509.0 93500
1681630181657 1590.0 94000
1681630181859 1656.0 94500
1681630182104 1688.0 95000
1681630182347 1716.0 95500
1681630182577 1747.0 96000
1681630182784 1785.0 96500
1681630183009 1810.0 97000
1681630183211 1843.0 97500
1681630183419 1870.0 98000
1681630183681 1872.0 98500
1681630183902 1891.0 99000
1681630184124 1907.0 99500
1681630184322 1930.0 100000
1681630184525 2565.0 100500
1681630184724 2538.0 101000
1681630184920 2542.0 101500
1681630185122 2525.0 102000
1681630185341 2474.0 102500
1681630185572 2416.0 103000
1681630185775 2421.0 103500
1681630185976 2430.0 104000
1681630186187 2423.0 104500
1681630186426 2385.0 105000
1681630186760 2266.0 105500
1681630187125 2147.0 106000
1681630187401 2116.0 106500
1681630187685 2086.0 107000
1681630188062 2010.0 107500
1681630188462 1936.0 108000
1681630189173 1755.0 108500
1681630189582 1713.0 109000
1681630190139 1635.0 109500
1681630190588 1598.0 110000
1681630191079 1038.0 110500
1681630191907 763.0 111000
1681630192528 777.0 111500
1681630193359 724.0 112000
1681630194078 718.0 112500
1681630194591 751.0 113000
1681630195145 769.0 113500
1681630195481 819.0 114000
1681630195910 847.0 114500
1681630196233 887.0 115000
1681630196596 916.0 115500
1681630196978 940.0 116000
1681630197267 974.0 116500
1681630197682 988.0 117000
1681630197956 1019.0 117500
1681630198228 1048.0 118000
1681630198444 1083.0 118500
1681630198643 1118.0 119000
1681630198838 1152.0 119500
1681630199068 1180.0 120000
1681630199279 2465.0 120500
1681630199485 2448.0 121000
1681630199739 2265.0 121500
1681630199952 2283.0 122000
1681630200152 2324.0 122500
1681630200382 2297.0 123000
1681630200564 2352.0 123500
1681630200759 2376.0 124000
1681630200941 2413.0 124500
1681630201142 2421.0 125000
1681630201344 2425.0 125500
1681630201536 2439.0 126000
1681630201714 2464.0 126500
1681630201891 2487.0 127000
1681630202066 2508.0 127500
1681630202242 2526.0 128000
1681630202418 2543.0 128500
1681630202602 2552.0 129000
1681630202804 2548.0 129500
1681630203009 2542.0 130000
1681630203218 2491.0 130500
1681630203405 2583.0 131000
1681630203592 2611.0 131500
1681630203817 2503.0 132000
1681630204004 2534.0 132500
1681630204198 2542.0 133000
1681630204390 2549.0 133500
1681630204581 2558.0 134000
1681630204829 2484.0 134500
1681630205073 2432.0 135000
1681630205307 2402.0 135500
1681630205560 2359.0 136000
1681630206041 2150.0 136500
1681630206608 1949.0 137000
1681630206848 1957.0 137500
1681630207149 1936.0 138000
1681630207412 1934.0 138500
1681630207639 1947.0 139000
1681630207929 1934.0 139500
1681630208264 1906.0 140000
1681630208695 1182.0 140500
1681630209610 747.0 141000
1681630209958 889.0 141500
1681630210812 787.0 142000
1681630211219 848.0 142500
1681630211935 818.0 143000
1681630212489 830.0 143500
1681630212947 855.0 144000
1681630213782 816.0 144500
1681630214233 838.0 145000
1681630214607 868.0 145500
1681630215002 891.0 146000
1681630215951 846.0 146500
1681630216379 863.0 147000
1681630216714 888.0 147500
1681630217283 887.0 148000
1681630217669 904.0 148500
1681630218542 876.0 149000
1681630218907 893.0 149500
1681630219450 894.0 150000
1681630219982 953.0 150500
1681630220798 746.0 151000
1681630221306 811.0 151500
1681630222259 713.0 152000
1681630222725 765.0 152500
1681630223129 817.0 153000
1681630223511 863.0 153500
1681630223912 897.0 154000
1681630224298 929.0 154500
1681630224722 949.0 155000
1681630225193 958.0 155500
1681630225542 986.0 156000
1681630226261 955.0 156500
1681630226602 979.0 157000
1681630227157 974.0 157500
1681630227580 984.0 158000
1681630228710 918.0 158500
1681630229036 939.0 159000
1681630229705 927.0 159500
1681630230040 944.0 160000
1681630230974 540.0 160500
1681630231266 821.0 161000
1681630231809 851.0 161500
1681630232213 923.0 162000
1681630233232 785.0 162500
1681630233557 854.0 163000
1681630234148 853.0 163500
1681630234470 904.0 164000
1681630234918 924.0 164500
1681630235239 963.0 165000
1681630235740 966.0 165500
1681630236051 999.0 166000
1681630236534 1002.0 166500
1681630236818 1033.0 167000
1681630237341 1028.0 167500
1681630237697 1045.0 168000
1681630238205 1042.0 168500
1681630238559 1057.0 169000
1681630239546 1000.0 169500
1681630239859 1019.0 170000
1681630240414 915.0 170500
1681630240709 1188.0 171000
1681630241420 966.0 171500
1681630241836 1016.0 172000
1681630242686 886.0 172500
1681630243100 928.0 173000
1681630244351 780.0 173500
1681630244704 827.0 174000
1681630245020 873.0 174500
1681630245461 893.0 175000
1681630245799 927.0 175500
1681630246110 961.0 176000
1681630246470 984.0 176500
1681630246854 1002.0 177000
1681630247679 960.0 177500
1681630248112 970.0 178000
1681630248661 966.0 178500
1681630249115 973.0 179000
1681630249857 951.0 179500
1681630250296 958.0 180000
1681630251140 599.0 180500
1681630251636 751.0 181000
1681630252000 885.0 181500
1681630252489 915.0 182000
1681630253312 831.0 182500
1681630254095 791.0 183000
1681630254467 840.0 183500
1681630255073 838.0 184000
1681630255423 879.0 184500
1681630256276 837.0 185000
1681630256722 857.0 185500
1681630257968 783.0 186000
1681630258398 803.0 186500
1681630258869 817.0 187000
1681630259459 819.0 187500
1681630260272 802.0 188000
1681630260911 801.0 188500
1681630261723 788.0 189000
1681630262394 785.0 189500
1681630263236 773.0 190000
1681630263605 1387.0 190500
1681630263925 1468.0 191000
1681630264192 1582.0 191500
1681630264504 1587.0 192000
1681630264857 1550.0 192500
1681630265352 1423.0 193000
1681630265786 1376.0 193500
1681630266029 1436.0 194000
1681630266448 1404.0 194500
1681630267105 1295.0 195000
1681630267559 1274.0 195500
1681630268092 1237.0 196000
1681630268633 1206.0 196500
1681630269172 1180.0 197000
1681630269494 1200.0 197500
1681630270015 1181.0 198000
1681630270299 1204.0 198500
1681630270728 1202.0 199000
1681630271109 1207.0 199500
1681630271342 1234.0 200000
1681630271544 2570.0 200500
1681630272004 1527.0 201000
1681630272801 1034.0 201500
1681630273123 1127.0 202000
1681630273616 1102.0 202500
1681630274622 916.0 203000
1681630275006 957.0 203500
1681630275670 925.0 204000
1681630276027 962.0 204500
1681630276425 985.0 205000
1681630277032 967.0 205500
1681630277385 994.0 206000
1681630277961 983.0 206500
1681630278425 989.0 207000
1681630279395 932.0 207500
1681630279678 960.0 208000
1681630280312 948.0 208500
1681630281012 931.0 209000
1681630281388 946.0 209500
1681630281758 960.0 210000
1681630282285 966.0 210500
1681630282728 1040.0 211000
1681630283288 986.0 211500
1681630283850 960.0 212000
1681630284203 1026.0 212500
1681630284632 1047.0 213000
1681630285186 1023.0 213500
1681630285690 1019.0 214000
1681630286128 1031.0 214500
1681630287088 939.0 215000
1681630287532 954.0 215500
1681630288208 931.0 216000
1681630288594 952.0 216500
1681630289103 954.0 217000
1681630289419 980.0 217500
1681630289657 1013.0 218000
1681630290268 999.0 218500
1681630290872 988.0 219000
1681630291122 1015.0 219500
1681630291563 1020.0 220000
1681630291993 1188.0 220500
1681630292454 1133.0 221000
1681630292991 1057.0 221500
1681630293830 885.0 222000
1681630294411 880.0 222500
1681630295258 813.0 223000
1681630295879 812.0 223500
1681630296808 763.0 224000
1681630297079 817.0 224500
1681630297352 865.0 225000
1681630297617 909.0 225500
1681630298162 910.0 226000
1681630298776 902.0 226500
1681630299464 886.0 227000
1681630299989 891.0 227500
1681630300398 906.0 228000
1681630300864 914.0 228500
1681630301289 926.0 229000
1681630301737 934.0 229500
1681630302285 933.0 230000
1681630302781 1024.0 230500
1681630303446 867.0 231000
1681630304089 835.0 231500
1681630304767 808.0 232000
1681630305292 833.0 232500
1681630305707 878.0 233000
1681630306131 912.0 233500
1681630306369 981.0 234000
1681630306696 1021.0 234500
1681630307472 965.0 235000
1681630307863 987.0 235500
1681630308489 968.0 236000
1681630308882 986.0 236500
1681630309706 944.0 237000
1681630310165 952.0 237500
1681630310618 960.0 238000
1681630311322 941.0 238500
1681630311560 971.0 239000
1681630311963 982.0 239500
1681630312489 980.0 240000
1681630312807 1617.0 240500
1681630313456 1043.0 241000
1681630314166 899.0 241500
1681630314839 854.0 242000
1681630315544 820.0 242500
1681630316196 811.0 243000
1681630316980 780.0 243500
1681630317321 829.0 244000
1681630318060 809.0 244500
1681630318767 797.0 245000
1681630319283 810.0 245500
1681630319691 834.0 246000
1681630320649 797.0 246500
1681630321505 777.0 247000
1681630322429 755.0 247500
1681630323117 753.0 248000
1681630324018 737.0 248500
1681630324778 732.0 249000
1681630325594 725.0 249500
1681630326215 729.0 250000
1681630327105 566.0 250500
1681630327607 722.0 251000
1681630328092 802.0 251500
1681630328449 898.0 252000
1681630329205 838.0 252500
1681630329647 876.0 253000
1681630330128 896.0 253500
1681630330578 918.0 254000
1681630330947 952.0 254500
1681630331473 952.0 255000
1681630331740 996.0 255500
1681630332001 1038.0 256000
1681630332592 1020.0 256500
1681630332956 1039.0 257000
1681630333899 977.0 257500
1681630334135 1011.0 258000
1681630334535 1022.0 258500
1681630335215 1000.0 259000
1681630335464 1027.0 259500
1681630336181 1004.0 260000
1681630337303 448.0 260500
1681630337983 557.0 261000
1681630338305 708.0 261500
1681630338744 782.0 262000
1681630339441 768.0 262500
1681630339792 832.0 263000
1681630340721 772.0 263500
1681630341172 802.0 264000
1681630342100 761.0 264500
1681630342534 788.0 265000
1681630343285 775.0 265500
1681630343567 813.0 266000
1681630344259 805.0 266500
1681630344827 810.0 267000
1681630345253 827.0 267500
1681630345723 839.0 268000
1681630346292 841.0 268500
1681630346832 845.0 269000
1681630347534 837.0 269500
1681630348180 833.0 270000
1681630348713 954.0 270500
1681630349229 961.0 271000
1681630349824 917.0 271500
1681630350373 915.0 272000
1681630350763 971.0 272500
1681630351547 893.0 273000
1681630351992 920.0 273500
1681630352879 852.0 274000
1681630353187 900.0 274500
1681630353708 906.0 275000
1681630354036 940.0 275500
1681630354422 962.0 276000
1681630355029 950.0 276500
1681630355318 982.0 277000
1681630355822 982.0 277500
1681630356077 1014.0 278000
1681630356527 1019.0 278500
1681630357024 1018.0 279000
1681630357438 1027.0 279500
1681630358038 1015.0 280000
1681630358653 824.0 280500
1681630358939 1120.0 281000
1681630359397 1110.0 281500
1681630359901 1078.0 282000
1681630360563 993.0 282500
1681630360986 1020.0 283000
1681630361785 936.0 283500
1681630362171 969.0 284000
1681630362555 998.0 284500
1681630362844 1042.0 285000
1681630363439 1019.0 285500
1681630363792 1044.0 286000
1681630364530 1002.0 286500
1681630364983 1009.0 287000
1681630365863 959.0 287500
1681630366205 980.0 288000
1681630367124 936.0 288500
1681630367495 952.0 289000
1681630367892 964.0 289500
1681630368884 922.0 290000
1681630369402 980.0 290500
1681630370201 763.0 291000
1681630370645 855.0 291500
1681630371217 860.0 292000
1681630371536 945.0 292500
1681630371872 1006.0 293000
1681630372494 971.0 293500
1681630372917 993.0 294000
1681630373804 916.0 294500
1681630374206 940.0 295000
1681630374645 955.0 295500
1681630375003 981.0 296000
1681630375554 975.0 296500
1681630375918 996.0 297000
1681630376658 965.0 297500
1681630377045 981.0 298000
1681630377752 959.0 298500
1681630378133 973.0 299000
1681630378521 986.0 299500
1681630378979 991.0 300000
1681630379366 1319.0 300500
1681630379752 1307.0 301000
1681630380227 1209.0 301500
1681630380907 1041.0 302000
1681630381526 984.0 302500
1681630382200 933.0 303000
1681630382805 916.0 303500
1681630383532 880.0 304000
1681630384159 869.0 304500
1681630384832 855.0 305000
1681630385195 885.0 305500
1681630385747 887.0 306000
1681630386176 904.0 306500
1681630386526 928.0 307000
1681630386912 946.0 307500
1681630387884 899.0 308000
1681630388375 905.0 308500
1681630388839 913.0 309000
1681630389381 914.0 309500
1681630389811 923.0 310000
1681630390346 948.0 310500
1681630390691 1147.0 311000
1681630391370 967.0 311500
1681630391721 1051.0 312000
1681630392301 1007.0 312500
1681630392651 1059.0 313000
1681630393368 986.0 313500
1681630393790 1007.0 314000
1681630394554 950.0 314500
1681630394922 979.0 315000
1681630395731 930.0 315500
1681630396101 955.0 316000
1681630397002 904.0 316500
1681630397307 934.0 317000
1681630397636 959.0 317500
1681630398090 967.0 318000
1681630398592 968.0 318500
1681630399224 956.0 319000
1681630399774 954.0 319500
1681630400129 969.0 320000
1681630401047 549.0 320500
1681630401396 794.0 321000
1681630401830 885.0 321500
1681630402356 901.0 322000
1681630402773 948.0 322500
1681630403250 963.0 323000
1681630403630 1001.0 323500
1681630404586 899.0 324000
1681630405400 855.0 324500
1681630406204 824.0 325000
1681630406924 810.0 325500
1681630407496 815.0 326000
1681630407804 847.0 326500
1681630408167 871.0 327000
1681630408895 856.0 327500
1681630409441 859.0 328000
1681630409895 871.0 328500
1681630410162 897.0 329000
1681630411327 848.0 329500
1681630412083 837.0 330000
1681630412454 1381.0 330500
1681630413130 963.0 331000
1681630413593 999.0 331500
1681630414088 1002.0 332000
1681630414843 909.0 332500
1681630415329 926.0 333000
1681630416184 855.0 333500
1681630416861 838.0 334000
1681630417914 772.0 334500
1681630418279 808.0 335000
1681630418677 835.0 335500
1681630419176 846.0 336000
1681630419618 863.0 336500
1681630419919 894.0 337000
1681630420250 919.0 337500
1681630420741 925.0 338000
1681630421123 941.0 338500
1681630421948 913.0 339000
1681630422497 913.0 339500
1681630423056 912.0 340000
1681630423551 1027.0 340500
1681630423865 1248.0 341000
1681630424357 1159.0 341500
1681630424751 1185.0 342000
1681630425340 1098.0 342500
1681630425727 1126.0 343000
1681630426113 1147.0 343500
1681630426662 1111.0 344000
1681630427220 1082.0 344500
1681630427986 1015.0 345000
1681630428934 936.0 345500
1681630429370 951.0 346000
1681630429892 951.0 346500
1681630430227 977.0 347000
1681630430810 968.0 347500
1681630431061 1000.0 348000
1681630431571 999.0 348500
1681630431996 1007.0 349000
1681630432627 993.0 349500
1681630433098 996.0 350000
1681630433652 915.0 350500
1681630434116 990.0 351000
1681630434669 959.0 351500
1681630435094 1006.0 352000
1681630435947 879.0 352500
1681630436429 903.0 353000
1681630437519 793.0 353500
1681630437992 818.0 354000
1681630438400 850.0 354500
1681630438884 865.0 355000
1681630439358 879.0 355500
1681630439688 911.0 356000
1681630440227 912.0 356500
1681630440677 924.0 357000
1681630441801 862.0 357500
1681630442278 872.0 358000
1681630442661 889.0 358500
1681630443175 893.0 359000
1681630443607 904.0 359500
1681630443956 921.0 360000
1681630444818 585.0 360500
1681630445173 827.0 361000
1681630445864 789.0 361500
1681630446277 864.0 362000
1681630446677 921.0 362500
1681630446993 990.0 363000
1681630447704 935.0 363500
1681630448146 956.0 364000
1681630448620 966.0 364500
1681630448980 996.0 365000
1681630449462 1000.0 365500
1681630450341 940.0 366000
1681630450735 960.0 366500
1681630451288 955.0 367000
1681630451589 983.0 367500
1681630451997 995.0 368000
1681630452246 1026.0 368500
1681630452618 1039.0 369000
1681630453013 1049.0 369500
1681630453296 1071.0 370000
1681630453671 1360.0 370500
1681630454167 1158.0 371000
1681630454779 1016.0 371500
1681630455192 1059.0 372000
1681630455598 1089.0 372500
1681630455908 1152.0 373000
1681630456443 1114.0 373500
1681630457105 1052.0 374000
1681630457623 1041.0 374500
1681630457936 1079.0 375000
1681630458263 1109.0 375500
1681630458564 1140.0 376000
1681630459410 1064.0 376500
1681630459791 1079.0 377000
1681630460077 1107.0 377500
1681630460656 1088.0 378000
1681630461293 1063.0 378500
1681630461905 1046.0 379000
1681630462382 1046.0 379500
1681630463010 1030.0 380000
1681630463791 652.0 380500
1681630464336 760.0 381000
1681630464849 820.0 381500
1681630465213 912.0 382000
1681630465596 970.0 382500
1681630466062 986.0 383000
1681630466964 887.0 383500
1681630467504 892.0 384000
1681630467872 927.0 384500
1681630468345 939.0 385000
1681630468824 947.0 385500
1681630469696 898.0 386000
1681630470185 907.0 386500
1681630471146 861.0 387000
1681630471615 872.0 387500
1681630472128 878.0 388000
1681630472509 895.0 388500
1681630473145 888.0 389000
1681630473551 902.0 389500
1681630473963 913.0 390000
1681630474757 639.0 390500
1681630475265 775.0 391000
1681630476268 654.0 391500
1681630476659 745.0 392000
1681630477087 803.0 392500
1681630477641 818.0 393000
1681630478348 800.0 393500
1681630478748 838.0 394000
1681630479150 869.0 394500
1681630479445 914.0 395000
1681630480035 907.0 395500
1681630480447 927.0 396000
1681630480711 965.0 396500
1681630481263 960.0 397000
1681630481754 964.0 397500
1681630482249 966.0 398000
1681630482698 974.0 398500
1681630483443 950.0 399000
1681630483745 972.0 399500
1681630484445 955.0 400000
1681630485234 643.0 400500
1681630485530 931.0 401000
1681630485983 983.0 401500
1681630486887 823.0 402000
1681630487258 892.0 402500
1681630487753 910.0 403000
1681630488137 950.0 403500
1681630488709 940.0 404000
1681630489518 889.0 404500
1681630489873 923.0 405000
1681630490513 908.0 405500
1681630491508 850.0 406000
1681630491975 864.0 406500
1681630492509 869.0 407000
1681630492928 885.0 407500
1681630493409 893.0 408000
1681630493777 912.0 408500
1681630494172 926.0 409000
1681630494615 935.0 409500
1681630494871 960.0 410000
1681630495334 1102.0 410500
1681630496299 704.0 411000
1681630496949 724.0 411500
1681630497874 667.0 412000
1681630498473 695.0 412500
1681630498973 732.0 413000
1681630499332 785.0 413500
1681630499631 841.0 414000
1681630500037 872.0 414500
1681630500535 884.0 415000
1681630501154 876.0 415500
1681630501625 889.0 416000
1681630501972 916.0 416500
1681630502375 933.0 417000
1681630502992 924.0 417500
1681630503266 953.0 418000
1681630503545 980.0 418500
1681630504008 985.0 419000
1681630504364 1001.0 419500
1681630504832 1004.0 420000
1681630505970 444.0 420500
1681630506534 591.0 421000
1681630507442 577.0 421500
1681630507944 645.0 422000
1681630508328 717.0 422500
1681630508767 764.0 423000
1681630509173 808.0 423500
1681630509785 809.0 424000
1681630510677 771.0 424500
1681630511134 794.0 425000
1681630511622 811.0 425500
1681630512006 837.0 426000
1681630512773 819.0 426500
1681630513199 837.0 427000
1681630513580 858.0 427500
1681630514133 861.0 428000
1681630514527 877.0 428500
1681630514892 895.0 429000
1681630515441 896.0 429500
1681630515823 910.0 430000
1681630516113 1786.0 430500
1681630516474 1560.0 431000
1681630516766 1606.0 431500
1681630517137 1533.0 432000
1681630517604 1411.0 432500
1681630518303 1215.0 433000
1681630518624 1253.0 433500
1681630519299 1154.0 434000
1681630519604 1193.0 434500
1681630519992 1201.0 435000
1681630520208 1256.0 435500
1681630520582 1263.0 436000
1681630520976 1263.0 436500
1681630521390 1259.0 437000
1681630521972 1221.0 437500
1681630522822 1144.0 438000
1681630523334 1133.0 438500
1681630524058 1094.0 439000
1681630524501 1095.0 439500
1681630524931 1099.0 440000
1681630525915 512.0 440500
1681630526209 787.0 441000
1681630526789 810.0 441500
1681630527263 860.0 442000
1681630528426 716.0 442500
1681630529028 733.0 443000
1681630529722 731.0 443500
1681630530184 762.0 444000
1681630530562 800.0 444500
1681630531153 804.0 445000
1681630531485 840.0 445500
1681630531836 869.0 446000
1681630532134 903.0 446500
1681630532545 920.0 447000
1681630533276 899.0 447500
1681630533589 924.0 448000
1681630534102 927.0 448500
1681630534870 906.0 449000
1681630535161 929.0 449500
1681630536204 887.0 450000
1681630536834 803.0 450500
1681630537445 810.0 451000
1681630537782 955.0 451500
1681630538185 1013.0 452000
1681630538604 1045.0 452500
1681630539072 1048.0 453000
1681630539401 1097.0 453500
1681630539900 1084.0 454000
1681630540500 1049.0 454500
1681630540828 1082.0 455000
1681630541250 1091.0 455500
1681630541663 1100.0 456000
1681630541989 1125.0 456500
1681630542242 1160.0 457000
1681630542762 1144.0 457500
1681630543101 1161.0 458000
1681630543514 1164.0 458500
1681630543781 1189.0 459000
1681630544333 1169.0 459500
1681630544798 1164.0 460000
1681630545563 661.0 460500
1681630545971 858.0 461000
1681630546938 703.0 461500
1681630547241 821.0 462000
1681630547740 852.0 462500
1681630548008 937.0 463000
1681630548503 947.0 463500
1681630548769 1009.0 464000
1681630549047 1061.0 464500
1681630549414 1085.0 465000
1681630549856 1089.0 465500
1681630550480 1057.0 466000
1681630550723 1098.0 466500
1681630551290 1079.0 467000
1681630551896 1057.0 467500
1681630552336 1062.0 468000
1681630552804 1062.0 468500
1681630553428 1043.0 469000
1681630554268 1004.0 469500
1681630554704 1010.0 470000
1681630555236 954.0 470500
1681630555740 972.0 471000
1681630556097 1082.0 471500
1681630556731 990.0 472000
1681630557120 1038.0 472500
1681630557555 1055.0 473000
1681630558327 968.0 473500
1681630558934 947.0 474000
1681630559509 938.0 474500
1681630559782 986.0 475000
1681630560549 942.0 475500
1681630560968 959.0 476000
1681630561479 960.0 476500
1681630561923 970.0 477000
1681630562462 967.0 477500
1681630562866 981.0 478000
1681630563285 991.0 478500
1681630563715 999.0 479000
1681630564543 966.0 479500
1681630564845 986.0 480000
1681630565447 841.0 480500
1681630565812 1043.0 481000
1681630566077 1226.0 481500
1681630566336 1349.0 482000
1681630566652 1389.0 482500
1681630567083 1345.0 483000
1681630567453 1346.0 483500
1681630567881 1321.0 484000
1681630568147 1366.0 484500
1681630568663 1312.0 485000
1681630569075 1302.0 485500
1681630569414 1315.0 486000
1681630569668 1350.0 486500
1681630569992 1362.0 487000
1681630570589 1307.0 487500
1681630571136 1273.0 488000
1681630571427 1293.0 488500
1681630571721 1310.0 489000
1681630572024 1324.0 489500
1681630572334 1336.0 490000
1681630572727 1299.0 490500
1681630573157 1226.0 491000
1681630573385 1438.0 491500
1681630573593 1598.0 492000
1681630574355 1241.0 492500
1681630574832 1205.0 493000
1681630575111 1263.0 493500
1681630575409 1304.0 494000
1681630575706 1337.0 494500
1681630576293 1265.0 495000
1681630576556 1305.0 495500
1681630576988 1291.0 496000
1681630577454 1271.0 496500
1681630577764 1291.0 497000
1681630578002 1325.0 497500
1681630578530 1292.0 498000
1681630578833 1309.0 498500
1681630579177 1316.0 499000
1681630579536 1320.0 499500
1681630579845 1332.0 500000
1681630580202 1430.0 500500
1681630580775 1084.0 501000
1681630581027 1276.0 501500
1681630581319 1363.0 502000
1681630581705 1349.0 502500
1681630581951 1429.0 503000
1681630582210 1484.0 503500
1681630582669 1420.0 504000
1681630583283 1311.0 504500
1681630583597 1335.0 505000
1681630584005 1324.0 505500
1681630584368 1328.0 506000
1681630584868 1295.0 506500
1681630585324 1279.0 507000
1681630585941 1231.0 507500
1681630586360 1229.0 508000
1681630587002 1188.0 508500
1681630587334 1202.0 509000
1681630587583 1228.0 509500
1681630587886 1244.0 510000
1681630588185 1723.0 510500
1681630588641 1340.0 511000
1681630589272 1089.0 511500
1681630589660 1132.0 512000
1681630589905 1243.0 512500
1681630590148 1331.0 513000
1681630590447 1371.0 513500
1681630590732 1409.0 514000
1681630591126 1392.0 514500
1681630591358 1443.0 515000
1681630591673 1455.0 515500
1681630592065 1438.0 516000
1681630592603 1380.0 516500
1681630592867 1407.0 517000
1681630593434 1354.0 517500
1681630593992 1312.0 518000
1681630594820 1227.0 518500
1681630595323 1211.0 519000
1681630595764 1207.0 519500
1681630596281 1192.0 520000
1681630596653 1375.0 520500
1681630597057 1303.0 521000
1681630597600 1144.0 521500
1681630597948 1205.0 522000
1681630598538 1111.0 522500
1681630598836 1178.0 523000
1681630599296 1164.0 523500
1681630599818 1133.0 524000
1681630600151 1165.0 524500
1681630600901 1084.0 525000
1681630601627 1030.0 525500
1681630601989 1052.0 526000
1681630602321 1077.0 526500
1681630602858 1065.0 527000
1681630603085 1103.0 527500
1681630603530 1104.0 528000
1681630603817 1129.0 528500
1681630604110 1150.0 529000
1681630604468 1161.0 529500
1681630605125 1131.0 530000
1681630605462 1520.0 530500
1681630606051 1089.0 531000
1681630606387 1196.0 531500
1681630606713 1265.0 532000
1681630607031 1317.0 532500
1681630607305 1381.0 533000
1681630607688 1369.0 533500
1681630608059 1366.0 534000
1681630608723 1253.0 534500
1681630609137 1248.0 535000
1681630609491 1261.0 535500
1681630610352 1149.0 536000
1681630610817 1143.0 536500
1681630611065 1179.0 537000
1681630611376 1201.0 537500
1681630611796 1200.0 538000
1681630612223 1198.0 538500
1681630612678 1192.0 539000
1681630613101 1192.0 539500
1681630613552 1187.0 540000
1681630613774 2340.0 540500
1681630614272 1405.0 541000
1681630614764 1245.0 541500
1681630615384 1096.0 542000
1681630616025 1014.0 542500
1681630616700 955.0 543000
1681630617276 941.0 543500
1681630617704 965.0 544000
1681630617963 1021.0 544500
1681630618430 1026.0 545000
1681630618808 1047.0 545500
1681630619117 1079.0 546000
1681630619749 1050.0 546500
1681630620159 1060.0 547000
1681630620664 1055.0 547500
1681630621058 1067.0 548000
1681630621523 1067.0 548500
1681630621946 1073.0 549000
1681630622336 1082.0 549500
1681630623204 1036.0 550000
1681630623486 1826.0 550500
1681630624165 1050.0 551000
1681630624650 1043.0 551500
1681630624979 1131.0 552000
1681630625594 1049.0 552500
1681630626253 986.0 553000
1681630626476 1072.0 553500
1681630626792 1117.0 554000
1681630627042 1175.0 554500
1681630627788 1092.0 555000
1681630628526 1035.0 555500
1681630629024 1032.0 556000
1681630629296 1068.0 556500
1681630629547 1105.0 557000
1681630630120 1085.0 557500
1681630630398 1113.0 558000
1681630630784 1122.0 558500
1681630631397 1099.0 559000
1681630631971 1084.0 559500
1681630632221 1110.0 560000
1681630632480 1987.0 560500
1681630632747 1927.0 561000
1681630633180 1575.0 561500
1681630633928 1177.0 562000
1681630634288 1213.0 562500
1681630634977 1091.0 563000
1681630635417 1097.0 563500
1681630636064 1043.0 564000
1681630636539 1043.0 564500
1681630637481 951.0 565000
1681630637890 971.0 565500
1681630638448 964.0 566000
1681630638808 987.0 566500
1681630639382 978.0 567000
1681630639744 997.0 567500
1681630640458 972.0 568000
1681630640890 981.0 568500
1681630641330 988.0 569000
1681630641748 997.0 569500
1681630642195 1003.0 570000
1681630642745 923.0 570500
1681630643269 939.0 571000
1681630643951 858.0 571500
1681630644587 839.0 572000
1681630645083 868.0 572500
1681630645555 895.0 573000
1681630646007 920.0 573500
1681630646629 903.0 574000
1681630647002 937.0 574500
1681630647341 973.0 575000
1681630647830 977.0 575500
1681630648311 982.0 576000
1681630648946 964.0 576500
1681630649363 977.0 577000
1681630649863 979.0 577500
1681630650222 997.0 578000
1681630650729 997.0 578500
1681630651192 1001.0 579000
1681630651977 972.0 579500
1681630652358 984.0 580000
1681630652758 1277.0 580500
1681630653313 1056.0 581000
1681630653948 948.0 581500
1681630654670 868.0 582000
1681630654967 961.0 582500
1681630655334 1011.0 583000
1681630655598 1083.0 583500
1681630656283 1021.0 584000
1681630656825 1009.0 584500
1681630657122 1051.0 585000
1681630657670 1037.0 585500
1681630658071 1051.0 586000
1681630658523 1055.0 586500
1681630658895 1072.0 587000
1681630659453 1058.0 587500
1681630659929 1057.0 588000
1681630660550 1038.0 588500
1681630661035 1038.0 589000
1681630661456 1045.0 589500
1681630661928 1045.0 590000
1681630662366 1163.0 590500
1681630662895 1042.0 591000
1681630663383 1036.0 591500
1681630663754 1100.0 592000
1681630664417 1007.0 592500
1681630664884 1017.0 593000
1681630665902 882.0 593500
1681630666156 947.0 594000
1681630666560 973.0 594500
1681630667152 958.0 595000
1681630667579 974.0 595500
1681630667883 1008.0 596000
1681630668390 1007.0 596500
1681630668845 1013.0 597000
1681630669664 970.0 597500
1681630670105 979.0 598000
1681630670517 990.0 598500
1681630670825 1012.0 599000
1681630671414 1002.0 599500
1681630672027 991.0 600000
1681630672694 759.0 600500
1681630673367 750.0 601000
1681630673745 877.0 601500
1681630674037 999.0 602000
1681630674722 930.0 602500
1681630675203 947.0 603000
1681630675960 891.0 603500
1681630676557 884.0 604000
1681630677230 866.0 604500
1681630677736 877.0 605000
1681630678222 889.0 605500
1681630678614 912.0 606000
1681630679258 900.0 606500
1681630679726 910.0 607000
1681630680144 924.0 607500
1681630680425 953.0 608000
1681630680669 984.0 608500
1681630681010 1002.0 609000
1681630681260 1029.0 609500
1681630681595 1046.0 610000
1681630681993 1283.0 610500
1681630682344 1351.0 611000
1681630682623 1471.0 611500
1681630682916 1523.0 612000
1681630683206 1560.0 612500
1681630683481 1598.0 613000
1681630683723 1651.0 613500
1681630684091 1608.0 614000
1681630684403 1607.0 614500
1681630684668 1631.0 615000
1681630685302 1487.0 615500
1681630685533 1526.0 616000
1681630685785 1554.0 616500
1681630686069 1567.0 617000
1681630686446 1548.0 617500
1681630686737 1558.0 618000
1681630687036 1564.0 618500
1681630687341 1568.0 619000
1681630687602 1583.0 619500
1681630687828 1606.0 620000
1681630688099 1900.0 620500
1681630688315 2087.0 621000
1681630688556 2081.0 621500
1681630688914 1854.0 622000
1681630689167 1878.0 622500
1681630689551 1748.0 623000
1681630689865 1724.0 623500
1681630690133 1740.0 624000
1681630690376 1771.0 624500
1681630690661 1769.0 625000
1681630691038 1717.0 625500
1681630691392 1687.0 626000
1681630691647 1705.0 626500
1681630691950 1701.0 627000
1681630692250 1699.0 627500
1681630692588 1683.0 628000
1681630692916 1673.0 628500
1681630693260 1659.0 629000
1681630693509 1674.0 629500
1681630693884 1653.0 630000
1681630694380 1023.0 630500
1681630694640 1337.0 631000
1681630694963 1400.0 631500
1681630695253 1469.0 632000
1681630695560 1498.0 632500
1681630695917 1481.0 633000
1681630696673 1258.0 633500
1681630696907 1326.0 634000
1681630697151 1380.0 634500
1681630697592 1351.0 635000
1681630698589 1170.0 635500
1681630698850 1210.0 636000
1681630699427 1174.0 636500
1681630699678 1209.0 637000
1681630700028 1222.0 637500
1681630700396 1230.0 638000
1681630700647 1258.0 638500
1681630700967 1272.0 639000
1681630701583 1235.0 639500
1681630701813 1262.0 640000
1681630702150 1521.0 640500
1681630702568 1338.0 641000
1681630702998 1274.0 641500
1681630703334 1322.0 642000
1681630703634 1379.0 642500
1681630704074 1331.0 643000
1681630704642 1240.0 643500
1681630705341 1136.0 644000
1681630705734 1150.0 644500
1681630706506 1067.0 645000
1681630706815 1101.0 645500
1681630707151 1125.0 646000
1681630707773 1092.0 646500
1681630708256 1087.0 647000
1681630708750 1082.0 647500
1681630709296 1070.0 648000
1681630709719 1076.0 648500
1681630709983 1102.0 649000
1681630710498 1094.0 649500
1681630710978 1092.0 650000
1681630711322 1488.0 650500
1681630711648 1512.0 651000
1681630711935 1581.0 651500
1681630712352 1464.0 652000
1681630712764 1406.0 652500
1681630713197 1356.0 653000
1681630713858 1218.0 653500
1681630714224 1235.0 654000
1681630714639 1231.0 654500
1681630715068 1224.0 655000
1681630715511 1215.0 655500
1681630716122 1168.0 656000
1681630716406 1199.0 656500
1681630716931 1177.0 657000
1681630717805 1099.0 657500
1681630718199 1109.0 658000
1681630718711 1100.0 658500
1681630719146 1102.0 659000
1681630719476 1118.0 659500
1681630720281 1075.0 660000
1681630720849 892.0 660500
1681630721210 1084.0 661000
1681630721950 903.0 661500
1681630722320 984.0 662000
1681630722945 941.0 662500
1681630723273 1005.0 663000
1681630723589 1060.0 663500
1681630724001 1077.0 664000
1681630724627 1037.0 664500
1681630724854 1095.0 665000
1681630725129 1136.0 665500
1681630725386 1176.0 666000
1681630725927 1152.0 666500
1681630726191 1185.0 667000
1681630726461 1215.0 667500
1681630726788 1230.0 668000
1681630727096 1248.0 668500
1681630727462 1254.0 669000
1681630727872 1252.0 669500
1681630728115 1277.0 670000
1681630728356 2147.0 670500
1681630728703 1723.0 671000
1681630729032 1650.0 671500
1681630729365 1609.0 672000
1681630729567 1731.0 672500
1681630729799 1790.0 673000
1681630730080 1788.0 673500
1681630730573 1632.0 674000
1681630730789 1687.0 674500
1681630731044 1711.0 675000
1681630731319 1721.0 675500
1681630731626 1712.0 676000
1681630731879 1730.0 676500
1681630732230 1704.0 677000
1681630732501 1713.0 677500
1681630732773 1720.0 678000
1681630733057 1722.0 678500
1681630733327 1729.0 679000
1681630733650 1718.0 679500
1681630733938 1719.0 680000
1681630734224 1797.0 680500
1681630734536 1697.0 681000
1681630734906 1562.0 681500
1681630735750 1108.0 682000
1681630736103 1158.0 682500
1681630736472 1187.0 683000
1681630736891 1188.0 683500
1681630737408 1155.0 684000
1681630737638 1218.0 684500
1681630737919 1258.0 685000
1681630738660 1166.0 685500
1681630739458 1088.0 686000
1681630739680 1133.0 686500
1681630739981 1159.0 687000
1681630740193 1200.0 687500
1681630740529 1215.0 688000
1681630740725 1253.0 688500
1681630740933 1288.0 689000
1681630741395 1275.0 689500
1681630741669 1294.0 690000
1681630742200 954.0 690500
1681630742577 1110.0 691000
1681630743149 1019.0 691500
1681630743546 1070.0 692000
1681630743816 1168.0 692500
1681630744382 1109.0 693000
1681630744944 1071.0 693500
1681630745195 1136.0 694000
1681630745551 1161.0 694500
1681630746429 1052.0 695000
1681630746751 1083.0 695500
1681630747164 1093.0 696000
1681630747623 1093.0 696500
1681630748025 1102.0 697000
1681630748303 1131.0 697500
1681630748598 1155.0 698000
1681630749014 1158.0 698500
1681630749412 1163.0 699000
1681630750143 1122.0 699500
1681630750524 1130.0 700000
1681630751106 871.0 700500
1681630751378 1182.0 701000
1681630751769 1212.0 701500
1681630752325 1115.0 702000
1681630752644 1183.0 702500
1681630753237 1109.0 703000
1681630753796 1072.0 703500
1681630754062 1133.0 704000
1681630754559 1117.0 704500
1681630755013 1115.0 705000
1681630755833 1037.0 705500
1681630756209 1056.0 706000
1681630757110 988.0 706500
1681630757430 1014.0 707000
1681630758104 990.0 707500
1681630758511 1002.0 708000
1681630759077 994.0 708500
1681630759550 998.0 709000
1681630759860 1018.0 709500
1681630760306 1023.0 710000
1681630760872 895.0 710500
1681630761295 1019.0 711000
1681630761821 995.0 711500
1681630762241 1037.0 712000
1681630762636 1076.0 712500
1681630763064 1090.0 713000
1681630763333 1159.0 713500
1681630763689 1184.0 714000
1681630764054 1202.0 714500
1681630764380 1229.0 715000
1681630764907 1197.0 715500
1681630765474 1162.0 716000
1681630765755 1194.0 716500
1681630766157 1197.0 717000
1681630766797 1156.0 717500
1681630767306 1144.0 718000
1681630767660 1157.0 718500
1681630768188 1142.0 719000
1681630768833 1115.0 719500
1681630769277 1115.0 720000
1681630769933 772.0 720500
1681630770229 1059.0 721000
1681630770552 1183.0 721500
1681630770985 1176.0 722000
1681630771407 1178.0 722500
1681630771882 1155.0 723000
1681630772224 1190.0 723500
1681630772618 1200.0 724000
1681630773097 1180.0 724500
1681630773402 1214.0 725000
1681630773909 1189.0 725500
1681630774308 1194.0 726000
1681630775053 1126.0 726500
1681630775467 1132.0 727000
1681630775881 1137.0 727500
1681630776416 1121.0 728000
1681630776739 1140.0 728500
1681630777210 1135.0 729000
1681630777491 1157.0 729500
1681630778007 1146.0 730000
1681630778398 1305.0 730500
1681630779123 902.0 731000
1681630779674 904.0 731500
1681630780525 796.0 732000
1681630781038 827.0 732500
1681630781368 894.0 733000
1681630781962 886.0 733500
1681630782339 924.0 734000
1681630782715 957.0 734500
1681630783197 964.0 735000
1681630783554 992.0 735500
1681630784431 935.0 736000
1681630784901 943.0 736500
1681630785467 939.0 737000
1681630785708 974.0 737500
1681630786126 986.0 738000
1681630786424 1010.0 738500
1681630786797 1024.0 739000
1681630787807 970.0 739500
1681630788088 992.0 740000
1681630788434 1478.0 740500
1681630788661 1770.0 741000
1681630789040 1588.0 741500
1681630789387 1549.0 742000
1681630790005 1309.0 742500
1681630790298 1362.0 743000
1681630790604 1395.0 743500
1681630790892 1430.0 744000
1681630791280 1413.0 744500
1681630791808 1346.0 745000
1681630792182 1345.0 745500
1681630792609 1329.0 746000
1681630792962 1335.0 746500
1681630793239 1360.0 747000
1681630793991 1272.0 747500
1681630794540 1241.0 748000
1681630794787 1270.0 748500
1681630795067 1291.0 749000
1681630795630 1260.0 749500
1681630796117 1246.0 750000
1681630796471 1448.0 750500
1681630796866 1350.0 751000
1681630797210 1382.0 751500
1681630797792 1200.0 752000
1681630798294 1152.0 752500
1681630798812 1116.0 753000
1681630799159 1153.0 753500
1681630799520 1178.0 754000
1681630799977 1168.0 754500
1681630800341 1186.0 755000
1681630800623 1223.0 755500
1681630800906 1254.0 756000
1681630801271 1263.0 756500
1681630801571 1285.0 757000
1681630801986 1279.0 757500
1681630802222 1312.0 758000
1681630802748 1283.0 758500
1681630803193 1273.0 759000
1681630803885 1224.0 759500
1681630804266 1228.0 760000
1681630805115 593.0 760500
1681630805439 858.0 761000
1681630805846 953.0 761500
1681630806454 917.0 762000
1681630807192 856.0 762500
1681630807792 852.0 763000
1681630808330 862.0 763500
1681630808631 917.0 764000
1681630808984 955.0 764500
1681630809816 902.0 765000
1681630810177 931.0 765500
1681630810710 932.0 766000
1681630811062 957.0 766500
1681630811410 980.0 767000
1681630811911 982.0 767500
1681630812317 994.0 768000
1681630812839 992.0 768500
1681630813205 1007.0 769000
1681630813716 1006.0 769500
1681630814177 1009.0 770000
1681630814947 655.0 770500
1681630815450 789.0 771000
1681630815971 839.0 771500
1681630816442 885.0 772000
1681630816966 898.0 772500
1681630817301 962.0 773000
1681630817615 1020.0 773500
1681630817959 1059.0 774000
1681630818330 1085.0 774500
1681630818648 1120.0 775000
1681630818944 1155.0 775500
1681630819268 1180.0 776000
1681630819515 1219.0 776500
1681630819953 1213.0 777000
1681630820315 1223.0 777500
1681630820791 1210.0 778000
1681630821266 1200.0 778500
1681630821493 1231.0 779000
1681630822022 1212.0 779500
1681630822425 1213.0 780000
1681630822683 1993.0 780500
1681630823344 1097.0 781000
1681630823762 1128.0 781500
1681630824010 1267.0 782000
1681630824317 1326.0 782500
1681630824754 1292.0 783000
1681630825033 1345.0 783500
1681630825327 1382.0 784000
1681630825596 1422.0 784500
1681630825908 1438.0 785000
1681630826229 1448.0 785500
1681630826731 1395.0 786000
1681630826991 1426.0 786500
1681630827562 1364.0 787000
1681630828014 1343.0 787500
1681630828279 1368.0 788000
1681630828566 1385.0 788500
1681630828887 1394.0 789000
1681630829178 1408.0 789500
1681630829409 1433.0 790000
1681630829645 2186.0 790500
1681630829911 2021.0 791000
1681630830155 2030.0 791500
1681630830430 1974.0 792000
1681630830686 1969.0 792500
1681630830977 1922.0 793000
1681630831397 1766.0 793500
1681630831725 1732.0 794000
1681630832090 1683.0 794500
1681630832382 1686.0 795000
1681630832794 1628.0 795500
1681630833136 1613.0 796000
1681630833883 1455.0 796500
1681630834495 1378.0 797000
1681630834757 1404.0 797500
1681630835144 1396.0 798000
1681630835471 1403.0 798500
1681630835716 1428.0 799000
1681630836128 1415.0 799500
1681630836528 1406.0 800000
1681630836849 1594.0 800500
1681630837293 1320.0 801000
1681630837949 1061.0 801500
1681630838281 1145.0 802000
1681630838759 1124.0 802500
1681630839173 1137.0 803000
1681630839869 1050.0 803500
1681630840383 1039.0 804000
1681630840904 1030.0 804500
1681630841339 1040.0 805000
1681630841918 1021.0 805500
1681630842350 1031.0 806000
1681630843027 1001.0 806500
1681630843547 998.0 807000
1681630843869 1022.0 807500
1681630844310 1028.0 808000
1681630844573 1057.0 808500
1681630845139 1046.0 809000
1681630845686 1038.0 809500
1681630846161 1038.0 810000
1681630846567 1255.0 810500
1681630846822 1530.0 811000
1681630847064 1674.0 811500
1681630847306 1757.0 812000
1681630847974 1384.0 812500
1681630848316 1397.0 813000
1681630848700 1382.0 813500
1681630849272 1288.0 814000
1681630849812 1235.0 814500
1681630850655 1114.0 815000
1681630851075 1120.0 815500
1681630851551 1114.0 816000
1681630851918 1130.0 816500
1681630852381 1126.0 817000
1681630852785 1133.0 817500
1681630853291 1123.0 818000
1681630853766 1118.0 818500
1681630854380 1095.0 819000
1681630855029 1072.0 819500
1681630855822 1035.0 820000
1681630856094 1892.0 820500
1681630856690 1162.0 821000
1681630857058 1221.0 821500
1681630857499 1198.0 822000
1681630857805 1266.0 822500
1681630858245 1242.0 823000
1681630858587 1269.0 823500
1681630859494 1091.0 824000
1681630859915 1101.0 824500
1681630860397 1094.0 825000
1681630861147 1034.0 825500
1681630861470 1063.0 826000
1681630861798 1089.0 826500
1681630862167 1104.0 827000
1681630862748 1084.0 827500
1681630863150 1092.0 828000
1681630863605 1093.0 828500
1681630864143 1082.0 829000
1681630864764 1063.0 829500
1681630865248 1061.0 830000
1681630865962 707.0 830500
1681630866204 1054.0 831000
1681630866638 1085.0 831500
1681630867074 1100.0 832000
1681630867479 1124.0 832500
1681630868171 1029.0 833000
1681630868542 1065.0 833500
1681630868766 1139.0 834000
1681630869017 1196.0 834500
1681630869219 1261.0 835000
1681630869554 1279.0 835500
1681630869763 1331.0 836000
1681630869980 1375.0 836500
1681630870360 1371.0 837000
1681630870704 1376.0 837500
1681630871314 1320.0 838000
1681630871533 1354.0 838500
1681630871739 1388.0 839000
1681630872037 1400.0 839500
1681630872525 1375.0 840000
1681630872791 1941.0 840500
1681630873382 1177.0 841000
1681630873978 1038.0 841500
1681630874389 1077.0 842000
1681630874698 1154.0 842500
1681630875387 1051.0 843000
1681630875748 1088.0 843500
1681630876007 1151.0 844000
1681630876411 1160.0 844500
1681630876774 1179.0 845000
1681630877551 1096.0 845500
1681630877927 1112.0 846000
1681630878659 1061.0 846500
1681630878953 1090.0 847000
1681630879201 1124.0 847500
1681630879630 1127.0 848000
1681630880027 1134.0 848500
1681630880292 1160.0 849000
1681630880533 1187.0 849500
1681630880799 1209.0 850000
1681630881153 1442.0 850500
1681630881460 1530.0 851000
1681630881912 1357.0 851500
1681630882179 1457.0 852000
1681630882763 1277.0 852500
1681630883229 1238.0 853000
1681630883557 1272.0 853500
1681630883806 1333.0 854000
1681630884363 1265.0 854500
1681630885041 1180.0 855000
1681630885309 1221.0 855500
1681630885720 1221.0 856000
1681630886067 1235.0 856500
1681630886909 1147.0 857000
1681630887420 1134.0 857500
1681630887621 1174.0 858000
1681630888031 1176.0 858500
1681630888310 1199.0 859000
1681630888712 1201.0 859500
1681630889131 1201.0 860000
1681630889414 1811.0 860500
1681630889919 1281.0 861000
1681630890350 1237.0 861500
1681630890929 1117.0 862000
1681630891314 1148.0 862500
1681630892044 1032.0 863000
1681630892368 1083.0 863500
1681630892665 1134.0 864000
1681630893516 1027.0 864500
1681630893907 1048.0 865000
1681630894452 1034.0 865500
1681630894867 1047.0 866000
1681630895301 1054.0 866500
1681630895583 1086.0 867000
1681630896081 1080.0 867500
1681630896440 1095.0 868000
1681630897167 1058.0 868500
1681630897442 1083.0 869000
1681630897951 1078.0 869500
1681630898322 1088.0 870000
1681630898873 920.0 870500
1681630899519 841.0 871000
1681630900008 893.0 871500
1681630900640 865.0 872000
1681630901069 912.0 872500
1681630901347 994.0 873000
1681630901713 1034.0 873500
1681630902020 1084.0 874000
1681630902301 1133.0 874500
1681630902841 1108.0 875000
1681630903269 1113.0 875500
1681630903952 1067.0 876000
1681630904477 1057.0 876500
1681630904757 1089.0 877000
1681630905244 1084.0 877500
1681630905501 1115.0 878000
1681630905714 1151.0 878500
1681630906263 1134.0 879000
1681630906671 1138.0 879500
1681630907473 1093.0 880000
1681630907884 1242.0 880500
1681630908271 1267.0 881000
1681630908549 1404.0 881500
1681630908968 1345.0 882000
1681630909196 1458.0 882500
1681630909437 1534.0 883000
1681630909770 1529.0 883500
1681630910804 1203.0 884000
1681630911138 1230.0 884500
1681630911392 1278.0 885000
1681630911944 1232.0 885500
1681630912289 1248.0 886000
1681630912541 1284.0 886500
1681630912886 1295.0 887000
1681630913242 1301.0 887500
1681630913489 1331.0 888000
1681630913724 1361.0 888500
1681630913933 1394.0 889000
1681630914266 1400.0 889500
1681630914611 1402.0 890000
1681630914803 2708.0 890500
1681630915267 1541.0 891000
1681630915606 1518.0 891500
1681630915815 1671.0 892000
1681630916054 1741.0 892500
1681630916367 1715.0 893000
1681630916820 1589.0 893500
1681630917159 1574.0 894000
1681630917728 1447.0 894500
1681630918137 1421.0 895000
1681630918864 1295.0 895500
1681630919424 1248.0 896000
1681630919831 1247.0 896500
1681630920217 1250.0 897000
1681630920697 1233.0 897500
1681630921153 1224.0 898000
1681630921473 1240.0 898500
1681630921727 1266.0 899000
1681630922145 1262.0 899500
1681630922445 1277.0 900000
1681630923028 869.0 900500
1681630923382 1076.0 901000
1681630924095 913.0 901500
1681630924368 1044.0 902000
1681630924603 1162.0 902500
1681630925094 1135.0 903000
1681630925442 1170.0 903500
1681630925995 1129.0 904000
1681630926341 1157.0 904500
1681630926985 1103.0 905000
1681630927375 1117.0 905500
1681630928175 1048.0 906000
1681630928579 1061.0 906500
1681630929014 1066.0 907000
1681630929366 1084.0 907500
1681630929826 1085.0 908000
1681630930362 1074.0 908500
1681630930836 1073.0 909000
1681630931327 1070.0 909500
1681630931640 1088.0 910000
1681630932205 897.0 910500
1681630932542 1118.0 911000
1681630933010 1100.0 911500
1681630933367 1163.0 912000
1681630934048 1041.0 912500
1681630934475 1061.0 913000
1681630935061 1025.0 913500
1681630935424 1059.0 914000
1681630936027 1027.0 914500
1681630936383 1055.0 915000
1681630936673 1094.0 915500
1681630937043 1112.0 916000
1681630937484 1113.0 916500
1681630937750 1147.0 917000
1681630938102 1161.0 917500
1681630938453 1175.0 918000
1681630938813 1186.0 918500
1681630939181 1194.0 919000
1681630939492 1211.0 919500
1681630939812 1224.0 920000
1681630940080 1926.0 920500
1681630940453 1579.0 921000
1681630940866 1433.0 921500
1681630941153 1500.0 922000
1681630941780 1275.0 922500
1681630942180 1270.0 923000
1681630942392 1360.0 923500
1681630942674 1401.0 924000
1681630942999 1415.0 924500
1681630943432 1384.0 925000
1681630943692 1420.0 925500
1681630943991 1438.0 926000
1681630944270 1460.0 926500
1681630944496 1497.0 927000
1681630944830 1497.0 927500
1681630945130 1506.0 928000
1681630945415 1519.0 928500
1681630945777 1510.0 929000
1681630946047 1525.0 929500
1681630946406 1518.0 930000
1681630947104 723.0 930500
1681630947403 1010.0 931000
1681630947756 1117.0 931500
1681630948092 1191.0 932000
1681630948361 1283.0 932500
1681630948625 1356.0 933000
1681630948861 1430.0 933500
1681630949089 1495.0 934000
1681630949357 1528.0 934500
1681630949644 1547.0 935000
1681630949926 1565.0 935500
1681630950143 1608.0 936000
1681630950419 1622.0 936500
1681630950667 1645.0 937000
1681630950946 1654.0 937500
1681630951240 1657.0 938000
1681630951547 1655.0 938500
1681630951867 1650.0 939000
1681630952094 1672.0 939500
1681630952336 1688.0 940000
1681630952573 2179.0 940500
1681630952928 1711.0 941000
1681630953234 1684.0 941500
1681630953572 1627.0 942000
1681630954200 1346.0 942500
1681630954622 1316.0 943000
1681630954910 1363.0 943500
1681630955491 1270.0 944000
1681630956184 1171.0 944500
1681630956561 1185.0 945000
1681630957058 1166.0 945500
1681630957399 1186.0 946000
1681630957994 1150.0 946500
1681630958468 1142.0 947000
1681630959038 1120.0 947500
1681630959548 1110.0 948000
1681630959782 1142.0 948500
1681630960417 1114.0 949000
1681630960969 1101.0 949500
1681630961203 1128.0 950000
1681630961885 741.0 950500
1681630962428 821.0 951000
1681630962810 937.0 951500
1681630963155 1028.0 952000
1681630963538 1074.0 952500
1681630963889 1119.0 953000
1681630964214 1165.0 953500
1681630964501 1215.0 954000
1681630964811 1249.0 954500
1681630965064 1297.0 955000
1681630965369 1322.0 955500
1681630965624 1359.0 956000
1681630965905 1384.0 956500
1681630966310 1372.0 957000
1681630966566 1400.0 957500
1681630966795 1432.0 958000
1681630967030 1460.0 958500
1681630967362 1462.0 959000
1681630967875 1425.0 959500
1681630968188 1432.0 960000
1681630968509 1595.0 960500
1681630968873 1477.0 961000
1681630969157 1561.0 961500
1681630969372 1700.0 962000
1681630969633 1738.0 962500
1681630969964 1696.0 963000
1681630970399 1588.0 963500
1681630970695 1600.0 964000
1681630971037 1583.0 964500
1681630971263 1629.0 965000
1681630971592 1619.0 965500
1681630971927 1607.0 966000
1681630972258 1600.0 966500
1681630972684 1559.0 967000
1681630973105 1527.0 967500
1681630973506 1506.0 968000
1681630973715 1539.0 968500
1681630973928 1569.0 969000
1681630974549 1495.0 969500
1681630975136 1440.0 970000
1681630975356 2356.0 970500
1681630975560 2401.0 971000
1681630975786 2335.0 971500
1681630976040 2232.0 972000
1681630976427 1947.0 972500
1681630976778 1836.0 973000
1681630977136 1757.0 973500
1681630977875 1464.0 974000
1681630978572 1312.0 974500
1681630978832 1355.0 975000
1681630979242 1342.0 975500
1681630979635 1335.0 976000
1681630979868 1375.0 976500
1681630980147 1399.0 977000
1681630980444 1414.0 977500
1681630980786 1417.0 978000
1681630981484 1340.0 978500
1681630981887 1334.0 979000
1681630982282 1330.0 979500
1681630982533 1353.0 980000
1681630982966 1174.0 980500
1681630983275 1361.0 981000
1681630983531 1515.0 981500
1681630983905 1465.0 982000
1681630984162 1542.0 982500
1681630984428 1589.0 983000
1681630984870 1502.0 983500
1681630985251 1476.0 984000
1681630985756 1399.0 984500
1681630986230 1355.0 985000
1681630986534 1377.0 985500
1681630986898 1377.0 986000
1681630987154 1408.0 986500
1681630987593 1385.0 987000
1681630987971 1381.0 987500
1681630988331 1381.0 988000
1681630988697 1380.0 988500
1681630988963 1401.0 989000
1681630989326 1400.0 989500
1681630989599 1416.0 990000
1681630989850 2052.0 990500
1681630990180 1744.0 991000
1681630990602 1507.0 991500
1681630990880 1570.0 992000
1681630991081 1695.0 992500
1681630991372 1698.0 993000
1681630991793 1600.0 993500
1681630992012 1663.0 994000
1681630992257 1697.0 994500
1681630992498 1729.0 995000
1681630992791 1727.0 995500
1681630993138 1699.0 996000
1681630993338 1741.0 996500
1681630993596 1754.0 997000
1681630993802 1787.0 997500
1681630994059 1796.0 998000
1681630994256 1828.0 998500
1681630994626 1793.0 999000
1681630994857 1809.0 999500
1681630995132 1809.0 1000000
