1681630125503 100.0 500
1681630125710 200.0 1000
1681630125935 300.0 1500
1681630126151 400.0 2000
1681630126421 500.0 2500
1681630126689 600.0 3000
1681630126916 700.0 3500
1681630127164 800.0 4000
1681630127402 900.0 4500
1681630127818 1000.0 5000
1681630128623 1100.0 5500
1681630128890 1200.0 6000
1681630129157 1300.0 6500
1681630129370 1400.0 7000
1681630129678 1500.0 7500
1681630129908 1600.0 8000
1681630130257 1700.0 8500
1681630130607 1800.0 9000
1681630130836 1900.0 9500
1681630131068 2000.0 10000
1681630131342 100.0 10500
1681630131619 200.0 11000
1681630132145 300.0 11500
1681630132413 400.0 12000
1681630132669 500.0 12500
1681630132885 600.0 13000
1681630133213 700.0 13500
1681630133491 800.0 14000
1681630133766 900.0 14500
1681630134019 1000.0 15000
1681630134278 1100.0 15500
1681630134532 1200.0 16000
1681630134786 1300.0 16500
1681630135083 1400.0 17000
1681630135330 1500.0 17500
1681630135653 1600.0 18000
1681630135948 1700.0 18500
1681630136170 1800.0 19000
1681630136388 1900.0 19500
1681630136697 2000.0 20000
1681630136958 100.0 20500
1681630137247 200.0 21000
1681630137512 300.0 21500
1681630137780 400.0 22000
1681630138043 500.0 22500
1681630138313 600.0 23000
1681630138653 700.0 23500
1681630138941 800.0 24000
1681630139205 900.0 24500
1681630139440 1000.0 25000
1681630139660 1100.0 25500
1681630139962 1200.0 26000
1681630140230 1300.0 26500
1681630140561 1400.0 27000
1681630140797 1500.0 27500
1681630141047 1600.0 28000
1681630141306 1700.0 28500
1681630141623 1800.0 29000
1681630142039 1900.0 29500
1681630142241 2000.0 30000
1681630142486 100.0 30500
1681630142903 200.0 31000
1681630143299 300.0 31500
1681630143590 400.0 32000
1681630143859 500.0 32500
1681630144133 600.0 33000
1681630144486 700.0 33500
1681630144906 800.0 34000
1681630145187 900.0 34500
1681630145416 1000.0 35000
1681630145676 1100.0 35500
1681630146009 1200.0 36000
1681630146417 1300.0 36500
1681630146891 1400.0 37000
1681630147198 1500.0 37500
1681630147570 1600.0 38000
1681630147994 1700.0 38500
1681630148368 1800.0 39000
1681630148874 1900.0 39500
1681630149192 2000.0 40000
1681630149657 100.0 40500
1681630149945 200.0 41000
1681630150264 300.0 41500
1681630150580 400.0 42000
1681630150978 500.0 42500
1681630151271 600.0 43000
1681630151577 700.0 43500
1681630151878 800.0 44000
1681630152248 900.0 44500
1681630152617 1000.0 45000
1681630152953 1100.0 45500
1681630153248 1200.0 46000
1681630153584 1300.0 46500
1681630153851 1400.0 47000
1681630154095 1500.0 47500
1681630154328 1600.0 48000
1681630154617 1700.0 48500
1681630154929 1800.0 49000
1681630155152 1900.0 49500
1681630155378 2000.0 50000
1681630155630 100.0 50500
1681630155873 200.0 51000
1681630156112 300.0 51500
1681630156392 400.0 52000
1681630156700 500.0 52500
1681630156940 600.0 53000
1681630157151 700.0 53500
1681630157407 800.0 54000
1681630157622 900.0 54500
1681630157871 1000.0 55000
1681630158100 1100.0 55500
1681630158368 1200.0 56000
1681630158609 1300.0 56500
1681630158946 1400.0 57000
1681630159177 1500.0 57500
1681630159430 1600.0 58000
1681630159666 1700.0 58500
1681630159979 1800.0 59000
1681630160219 1900.0 59500
1681630160436 2000.0 60000
1681630160681 100.0 60500
1681630160907 200.0 61000
1681630161168 300.0 61500
1681630161416 400.0 62000
1681630161871 500.0 62500
1681630162092 600.0 63000
1681630162338 700.0 63500
1681630162652 800.0 64000
1681630162891 900.0 64500
1681630163099 1000.0 65000
1681630163317 1100.0 65500
1681630163515 1200.0 66000
1681630163743 1300.0 66500
1681630163948 1400.0 67000
1681630164151 1500.0 67500
1681630164344 1600.0 68000
1681630164540 1700.0 68500
1681630164743 1800.0 69000
1681630164970 1900.0 69500
1681630165165 2000.0 70000
1681630165356 100.0 70500
1681630165546 200.0 71000
1681630165734 300.0 71500
1681630165925 400.0 72000
1681630166118 500.0 72500
1681630166327 600.0 73000
1681630166552 700.0 73500
1681630166748 800.0 74000
1681630166966 900.0 74500
1681630167211 1000.0 75000
1681630167414 1100.0 75500
1681630167610 1200.0 76000
1681630167880 1300.0 76500
1681630168134 1400.0 77000
1681630168422 1500.0 77500
1681630168633 1600.0 78000
1681630168830 1700.0 78500
1681630169056 1800.0 79000
1681630169386 1900.0 79500
1681630169765 2000.0 80000
1681630170192 100.0 80500
1681630170458 200.0 81000
1681630170729 300.0 81500
1681630171116 400.0 82000
1681630171693 500.0 82500
1681630172131 600.0 83000
1681630172459 700.0 83500
1681630172782 800.0 84000
1681630173382 900.0 84500
1681630174287 1000.0 85000
1681630174797 1100.0 85500
1681630175380 1200.0 86000
1681630175656 1300.0 86500
1681630176026 1400.0 87000
1681630176551 1500.0 87500
1681630177390 1600.0 88000
1681630177683 1700.0 88500
1681630178184 1800.0 89000
1681630178721 1900.0 89500
1681630179135 2000.0 90000
1681630180004 100.0 90500
1681630180268 200.0 91000
1681630180598 300.0 91500
1681630180824 400.0 92000
1681630181060 500.0 92500
1681630181261 600.0 93000
1681630181461 700.0 93500
1681630181657 800.0 94000
1681630181860 900.0 94500
1681630182104 1000.0 95000
1681630182348 1100.0 95500
1681630182577 1200.0 96000
1681630182784 1300.0 96500
1681630183010 1400.0 97000
1681630183211 1500.0 97500
1681630183420 1600.0 98000
1681630183682 1700.0 98500
1681630183902 1800.0 99000
1681630184124 1900.0 99500
1681630184323 2000.0 100000
1681630184525 100.0 100500
1681630184724 200.0 101000
1681630184920 300.0 101500
1681630185122 400.0 102000
1681630185341 500.0 102500
1681630185572 600.0 103000
1681630185776 700.0 103500
1681630185976 800.0 104000
1681630186187 900.0 104500
1681630186427 1000.0 105000
1681630186763 1100.0 105500
1681630187125 1200.0 106000
1681630187402 1300.0 106500
1681630187686 1400.0 107000
1681630188062 1500.0 107500
1681630188462 1600.0 108000
1681630189174 1700.0 108500
1681630189583 1800.0 109000
1681630190139 1900.0 109500
1681630190588 2000.0 110000
1681630191079 100.0 110500
1681630191907 200.0 111000
1681630192528 300.0 111500
1681630193360 400.0 112000
1681630194079 500.0 112500
1681630194592 600.0 113000
1681630195145 700.0 113500
1681630195481 800.0 114000
1681630195910 900.0 114500
1681630196233 1000.0 115000
1681630196597 1100.0 115500
1681630196978 1200.0 116000
1681630197267 1300.0 116500
1681630197683 1400.0 117000
1681630197956 1500.0 117500
1681630198229 1600.0 118000
1681630198444 1700.0 118500
1681630198644 1800.0 119000
1681630198839 1900.0 119500
1681630199068 2000.0 120000
1681630199280 100.0 120500
1681630199485 200.0 121000
1681630199739 300.0 121500
1681630199953 400.0 122000
1681630200152 500.0 122500
1681630200383 600.0 123000
1681630200564 700.0 123500
1681630200760 800.0 124000
1681630200941 900.0 124500
1681630201142 1000.0 125000
1681630201344 1100.0 125500
1681630201537 1200.0 126000
1681630201714 1300.0 126500
1681630201891 1400.0 127000
1681630202067 1500.0 127500
1681630202242 1600.0 128000
1681630202419 1700.0 128500
1681630202602 1800.0 129000
1681630202804 1900.0 129500
1681630203010 2000.0 130000
1681630203219 100.0 130500
1681630203405 200.0 131000
1681630203592 300.0 131500
1681630203817 400.0 132000
1681630204005 500.0 132500
1681630204198 600.0 133000
1681630204391 700.0 133500
1681630204582 800.0 134000
1681630204829 900.0 134500
1681630205073 1000.0 135000
1681630205308 1100.0 135500
1681630205561 1200.0 136000
1681630206041 1300.0 136500
1681630206609 1400.0 137000
1681630206849 1500.0 137500
1681630207149 1600.0 138000
1681630207412 1700.0 138500
1681630207639 1800.0 139000
1681630207930 1900.0 139500
1681630208264 2000.0 140000
1681630208695 100.0 140500
1681630209610 200.0 141000
1681630209958 300.0 141500
1681630210812 400.0 142000
1681630211219 500.0 142500
1681630211936 600.0 143000
1681630212489 700.0 143500
1681630212948 800.0 144000
1681630213782 900.0 144500
1681630214233 1000.0 145000
1681630214608 1100.0 145500
1681630215003 1200.0 146000
1681630215951 1300.0 146500
1681630216380 1400.0 147000
1681630216715 1500.0 147500
1681630217283 1600.0 148000
1681630217669 1700.0 148500
1681630218543 1800.0 149000
1681630218907 1900.0 149500
1681630219450 2000.0 150000
1681630219983 100.0 150500
1681630220798 200.0 151000
1681630221307 300.0 151500
1681630222260 400.0 152000
1681630222725 500.0 152500
1681630223129 600.0 153000
1681630223512 700.0 153500
1681630223913 800.0 154000
1681630224298 900.0 154500
1681630224722 1000.0 155000
1681630225194 1100.0 155500
1681630225543 1200.0 156000
1681630226261 1300.0 156500
1681630226602 1400.0 157000
1681630227157 1500.0 157500
1681630227580 1600.0 158000
1681630228710 1700.0 158500
1681630229036 1800.0 159000
1681630229705 1900.0 159500
1681630230040 2000.0 160000
1681630230974 100.0 160500
1681630231266 200.0 161000
1681630231810 300.0 161500
1681630232213 400.0 162000
1681630233233 500.0 162500
1681630233557 600.0 163000
1681630234148 700.0 163500
1681630234470 800.0 164000
1681630234918 900.0 164500
1681630235240 1000.0 165000
1681630235741 1100.0 165500
1681630236051 1200.0 166000
1681630236534 1300.0 166500
1681630236818 1400.0 167000
1681630237341 1500.0 167500
1681630237697 1600.0 168000
1681630238205 1700.0 168500
1681630238560 1800.0 169000
1681630239547 1900.0 169500
1681630239860 2000.0 170000
1681630240414 100.0 170500
1681630240710 200.0 171000
1681630241421 300.0 171500
1681630241837 400.0 172000
1681630242687 500.0 172500
1681630243100 600.0 173000
1681630244352 700.0 173500
1681630244704 800.0 174000
1681630245020 900.0 174500
1681630245461 1000.0 175000
1681630245800 1100.0 175500
1681630246110 1200.0 176000
1681630246471 1300.0 176500
1681630246854 1400.0 177000
1681630247679 1500.0 177500
1681630248112 1600.0 178000
1681630248661 1700.0 178500
1681630249115 1800.0 179000
1681630249857 1900.0 179500
1681630250296 2000.0 180000
1681630251140 100.0 180500
1681630251636 200.0 181000
1681630252000 300.0 181500
1681630252489 400.0 182000
1681630253312 500.0 182500
1681630254095 600.0 183000
1681630254468 700.0 183500
1681630255073 800.0 184000
1681630255424 900.0 184500
1681630256276 1000.0 185000
1681630256722 1100.0 185500
1681630257968 1200.0 186000
1681630258398 1300.0 186500
1681630258869 1400.0 187000
1681630259459 1500.0 187500
1681630260272 1600.0 188000
1681630260911 1700.0 188500
1681630261723 1800.0 189000
1681630262394 1900.0 189500
1681630263236 2000.0 190000
1681630263605 100.0 190500
1681630263926 200.0 191000
1681630264193 300.0 191500
1681630264505 400.0 192000
1681630264857 500.0 192500
1681630265352 600.0 193000
1681630265787 700.0 193500
1681630266029 800.0 194000
1681630266449 900.0 194500
1681630267105 1000.0 195000
1681630267560 1100.0 195500
1681630268093 1200.0 196000
1681630268633 1300.0 196500
1681630269172 1400.0 197000
1681630269494 1500.0 197500
1681630270015 1600.0 198000
1681630270299 1700.0 198500
1681630270728 1800.0 199000
1681630271109 1900.0 199500
1681630271342 2000.0 200000
1681630271545 100.0 200500
1681630272005 200.0 201000
1681630272801 300.0 201500
1681630273124 400.0 202000
1681630273617 500.0 202500
1681630274623 600.0 203000
1681630275006 700.0 203500
1681630275671 800.0 204000
1681630276027 900.0 204500
1681630276426 1000.0 205000
1681630277033 1100.0 205500
1681630277386 1200.0 206000
1681630277961 1300.0 206500
1681630278426 1400.0 207000
1681630279395 1500.0 207500
1681630279679 1600.0 208000
1681630280313 1700.0 208500
1681630281012 1800.0 209000
1681630281389 1900.0 209500
1681630281759 2000.0 210000
1681630282285 100.0 210500
1681630282728 200.0 211000
1681630283288 300.0 211500
1681630283850 400.0 212000
1681630284206 500.0 212500
1681630284633 600.0 213000
1681630285186 700.0 213500
1681630285691 800.0 214000
1681630286128 900.0 214500
1681630287089 1000.0 215000
1681630287533 1100.0 215500
1681630288209 1200.0 216000
1681630288594 1300.0 216500
1681630289104 1400.0 217000
1681630289419 1500.0 217500
1681630289657 1600.0 218000
1681630290268 1700.0 218500
1681630290872 1800.0 219000
1681630291122 1900.0 219500
1681630291563 2000.0 220000
1681630291993 100.0 220500
1681630292454 200.0 221000
1681630292991 300.0 221500
1681630293831 400.0 222000
1681630294411 500.0 222500
1681630295259 600.0 223000
1681630295879 700.0 223500
1681630296809 800.0 224000
1681630297079 900.0 224500
1681630297353 1000.0 225000
1681630297617 1100.0 225500
1681630298163 1200.0 226000
1681630298777 1300.0 226500
1681630299465 1400.0 227000
1681630299990 1500.0 227500
1681630300398 1600.0 228000
1681630300865 1700.0 228500
1681630301290 1800.0 229000
1681630301737 1900.0 229500
1681630302285 2000.0 230000
1681630302782 100.0 230500
1681630303446 200.0 231000
1681630304090 300.0 231500
1681630304768 400.0 232000
1681630305293 500.0 232500
1681630305707 600.0 233000
1681630306131 700.0 233500
1681630306369 800.0 234000
1681630306697 900.0 234500
1681630307472 1000.0 235000
1681630307864 1100.0 235500
1681630308489 1200.0 236000
1681630308882 1300.0 236500
1681630309707 1400.0 237000
1681630310165 1500.0 237500
1681630310619 1600.0 238000
1681630311322 1700.0 238500
1681630311560 1800.0 239000
1681630311964 1900.0 239500
1681630312490 2000.0 240000
1681630312807 100.0 240500
1681630313456 200.0 241000
1681630314167 300.0 241500
1681630314839 400.0 242000
1681630315545 500.0 242500
1681630316196 600.0 243000
1681630316981 700.0 243500
1681630317322 800.0 244000
1681630318060 900.0 244500
1681630318768 1000.0 245000
1681630319283 1100.0 245500
1681630319691 1200.0 246000
1681630320649 1300.0 246500
1681630321505 1400.0 247000
1681630322430 1500.0 247500
1681630323117 1600.0 248000
1681630324019 1700.0 248500
1681630324779 1800.0 249000
1681630325595 1900.0 249500
1681630326215 2000.0 250000
1681630327106 100.0 250500
1681630327607 200.0 251000
1681630328092 300.0 251500
1681630328450 400.0 252000
1681630329205 500.0 252500
1681630329647 600.0 253000
1681630330128 700.0 253500
1681630330578 800.0 254000
1681630330948 900.0 254500
1681630331474 1000.0 255000
1681630331740 1100.0 255500
1681630332001 1200.0 256000
1681630332593 1300.0 256500
1681630332956 1400.0 257000
1681630333899 1500.0 257500
1681630334136 1600.0 258000
1681630334536 1700.0 258500
1681630335215 1800.0 259000
1681630335465 1900.0 259500
1681630336181 2000.0 260000
1681630337303 100.0 260500
1681630337984 200.0 261000
1681630338306 300.0 261500
1681630338744 400.0 262000
1681630339441 500.0 262500
1681630339792 600.0 263000
1681630340722 700.0 263500
1681630341172 800.0 264000
1681630342101 900.0 264500
1681630342534 1000.0 265000
1681630343285 1100.0 265500
1681630343567 1200.0 266000
1681630344260 1300.0 266500
1681630344828 1400.0 267000
1681630345254 1500.0 267500
1681630345724 1600.0 268000
1681630346293 1700.0 268500
1681630346833 1800.0 269000
1681630347535 1900.0 269500
1681630348181 2000.0 270000
1681630348714 100.0 270500
1681630349229 200.0 271000
1681630349825 300.0 271500
1681630350374 400.0 272000
1681630350764 500.0 272500
1681630351548 600.0 273000
1681630351992 700.0 273500
1681630352879 800.0 274000
1681630353188 900.0 274500
1681630353709 1000.0 275000
1681630354037 1100.0 275500
1681630354422 1200.0 276000
1681630355029 1300.0 276500
1681630355318 1400.0 277000
1681630355822 1500.0 277500
1681630356077 1600.0 278000
1681630356527 1700.0 278500
1681630357025 1800.0 279000
1681630357438 1900.0 279500
1681630358038 2000.0 280000
1681630358653 100.0 280500
1681630358940 200.0 281000
1681630359398 300.0 281500
1681630359902 400.0 282000
1681630360563 500.0 282500
1681630360987 600.0 283000
1681630361786 700.0 283500
1681630362171 800.0 284000
1681630362555 900.0 284500
1681630362845 1000.0 285000
1681630363440 1100.0 285500
1681630363793 1200.0 286000
1681630364531 1300.0 286500
1681630364984 1400.0 287000
1681630365863 1500.0 287500
1681630366206 1600.0 288000
1681630367124 1700.0 288500
1681630367495 1800.0 289000
1681630367893 1900.0 289500
1681630368884 2000.0 290000
1681630369403 100.0 290500
1681630370202 200.0 291000
1681630370646 300.0 291500
1681630371217 400.0 292000
1681630371536 500.0 292500
1681630371873 600.0 293000
1681630372494 700.0 293500
1681630372917 800.0 294000
1681630373804 900.0 294500
1681630374206 1000.0 295000
1681630374645 1100.0 295500
1681630375003 1200.0 296000
1681630375555 1300.0 296500
1681630375919 1400.0 297000
1681630376658 1500.0 297500
1681630377045 1600.0 298000
1681630377752 1700.0 298500
1681630378133 1800.0 299000
1681630378521 1900.0 299500
1681630378980 2000.0 300000
1681630379367 100.0 300500
1681630379752 200.0 301000
1681630380228 300.0 301500
1681630380907 400.0 302000
1681630381526 500.0 302500
1681630382201 600.0 303000
1681630382806 700.0 303500
1681630383532 800.0 304000
1681630384160 900.0 304500
1681630384832 1000.0 305000
1681630385196 1100.0 305500
1681630385747 1200.0 306000
1681630386176 1300.0 306500
1681630386526 1400.0 307000
1681630386912 1500.0 307500
1681630387884 1600.0 308000
1681630388376 1700.0 308500
1681630388839 1800.0 309000
1681630389381 1900.0 309500
1681630389812 2000.0 310000
1681630390347 100.0 310500
1681630390691 200.0 311000
1681630391371 300.0 311500
1681630391721 400.0 312000
1681630392301 500.0 312500
1681630392652 600.0 313000
1681630393368 700.0 313500
1681630393791 800.0 314000
1681630394554 900.0 314500
1681630394922 1000.0 315000
1681630395732 1100.0 315500
1681630396101 1200.0 316000
1681630397002 1300.0 316500
1681630397307 1400.0 317000
1681630397637 1500.0 317500
1681630398090 1600.0 318000
1681630398593 1700.0 318500
1681630399224 1800.0 319000
1681630399774 1900.0 319500
1681630400129 2000.0 320000
1681630401047 100.0 320500
1681630401396 200.0 321000
1681630401830 300.0 321500
1681630402356 400.0 322000
1681630402773 500.0 322500
1681630403250 600.0 323000
1681630403630 700.0 323500
1681630404586 800.0 324000
1681630405400 900.0 324500
1681630406204 1000.0 325000
1681630406925 1100.0 325500
1681630407496 1200.0 326000
1681630407804 1300.0 326500
1681630408168 1400.0 327000
1681630408896 1500.0 327500
1681630409441 1600.0 328000
1681630409895 1700.0 328500
1681630410163 1800.0 329000
1681630411328 1900.0 329500
1681630412084 2000.0 330000
1681630412455 100.0 330500
1681630413131 200.0 331000
1681630413593 300.0 331500
1681630414088 400.0 332000
1681630414843 500.0 332500
1681630415329 600.0 333000
1681630416185 700.0 333500
1681630416861 800.0 334000
1681630417915 900.0 334500
1681630418280 1000.0 335000
1681630418678 1100.0 335500
1681630419177 1200.0 336000
1681630419618 1300.0 336500
1681630419919 1400.0 337000
1681630420251 1500.0 337500
1681630420741 1600.0 338000
1681630421123 1700.0 338500
1681630421948 1800.0 339000
1681630422497 1900.0 339500
1681630423056 2000.0 340000
1681630423551 100.0 340500
1681630423865 200.0 341000
1681630424358 300.0 341500
1681630424752 400.0 342000
1681630425340 500.0 342500
1681630425728 600.0 343000
1681630426114 700.0 343500
1681630426663 800.0 344000
1681630427221 900.0 344500
1681630427986 1000.0 345000
1681630428935 1100.0 345500
1681630429370 1200.0 346000
1681630429893 1300.0 346500
1681630430228 1400.0 347000
1681630430810 1500.0 347500
1681630431062 1600.0 348000
1681630431571 1700.0 348500
1681630431996 1800.0 349000
1681630432628 1900.0 349500
1681630433098 2000.0 350000
1681630433653 100.0 350500
1681630434117 200.0 351000
1681630434670 300.0 351500
1681630435094 400.0 352000
1681630435948 500.0 352500
1681630436430 600.0 353000
1681630437519 700.0 353500
1681630437992 800.0 354000
1681630438400 900.0 354500
1681630438884 1000.0 355000
1681630439359 1100.0 355500
1681630439689 1200.0 356000
1681630440227 1300.0 356500
1681630440677 1400.0 357000
1681630441802 1500.0 357500
1681630442278 1600.0 358000
1681630442661 1700.0 358500
1681630443176 1800.0 359000
1681630443607 1900.0 359500
1681630443956 2000.0 360000
1681630444819 100.0 360500
1681630445174 200.0 361000
1681630445865 300.0 361500
1681630446277 400.0 362000
1681630446677 500.0 362500
1681630446994 600.0 363000
1681630447704 700.0 363500
1681630448147 800.0 364000
1681630448620 900.0 364500
1681630448980 1000.0 365000
1681630449463 1100.0 365500
1681630450341 1200.0 366000
1681630450735 1300.0 366500
1681630451288 1400.0 367000
1681630451590 1500.0 367500
1681630451998 1600.0 368000
1681630452246 1700.0 368500
1681630452619 1800.0 369000
1681630453014 1900.0 369500
1681630453296 2000.0 370000
1681630453671 100.0 370500
1681630454167 200.0 371000
1681630454780 300.0 371500
1681630455192 400.0 372000
1681630455599 500.0 372500
1681630455908 600.0 373000
1681630456444 700.0 373500
1681630457105 800.0 374000
1681630457624 900.0 374500
1681630457936 1000.0 375000
1681630458263 1100.0 375500
1681630458564 1200.0 376000
1681630459410 1300.0 376500
1681630459791 1400.0 377000
1681630460078 1500.0 377500
1681630460656 1600.0 378000
1681630461294 1700.0 378500
1681630461905 1800.0 379000
1681630462383 1900.0 379500
1681630463011 2000.0 380000
1681630463792 100.0 380500
1681630464336 200.0 381000
1681630464849 300.0 381500
1681630465213 400.0 382000
1681630465596 500.0 382500
1681630466062 600.0 383000
1681630466968 700.0 383500
1681630467505 800.0 384000
1681630467872 900.0 384500
1681630468346 1000.0 385000
1681630468825 1100.0 385500
1681630469696 1200.0 386000
1681630470186 1300.0 386500
1681630471146 1400.0 387000
1681630471615 1500.0 387500
1681630472128 1600.0 388000
1681630472510 1700.0 388500
1681630473145 1800.0 389000
1681630473551 1900.0 389500
1681630473964 2000.0 390000
1681630474758 100.0 390500
1681630475265 200.0 391000
1681630476268 300.0 391500
1681630476659 400.0 392000
1681630477087 500.0 392500
1681630477641 600.0 393000
1681630478349 700.0 393500
1681630478748 800.0 394000
1681630479150 900.0 394500
1681630479445 1000.0 395000
1681630480036 1100.0 395500
1681630480447 1200.0 396000
1681630480711 1300.0 396500
1681630481264 1400.0 397000
1681630481754 1500.0 397500
1681630482250 1600.0 398000
1681630482698 1700.0 398500
1681630483443 1800.0 399000
1681630483745 1900.0 399500
1681630484446 2000.0 400000
1681630485235 100.0 400500
1681630485530 200.0 401000
1681630485983 300.0 401500
1681630486887 400.0 402000
1681630487258 500.0 402500
1681630487754 600.0 403000
1681630488138 700.0 403500
1681630488710 800.0 404000
1681630489518 900.0 404500
1681630489874 1000.0 405000
1681630490513 1100.0 405500
1681630491509 1200.0 406000
1681630491975 1300.0 406500
1681630492509 1400.0 407000
1681630492929 1500.0 407500
1681630493409 1600.0 408000
1681630493777 1700.0 408500
1681630494172 1800.0 409000
1681630494616 1900.0 409500
1681630494871 2000.0 410000
1681630495335 100.0 410500
1681630496300 200.0 411000
1681630496949 300.0 411500
1681630497875 400.0 412000
1681630498473 500.0 412500
1681630498973 600.0 413000
1681630499336 700.0 413500
1681630499631 800.0 414000
1681630500038 900.0 414500
1681630500536 1000.0 415000
1681630501154 1100.0 415500
1681630501626 1200.0 416000
1681630501973 1300.0 416500
1681630502376 1400.0 417000
1681630502993 1500.0 417500
1681630503267 1600.0 418000
1681630503545 1700.0 418500
1681630504009 1800.0 419000
1681630504365 1900.0 419500
1681630504833 2000.0 420000
1681630505970 100.0 420500
1681630506534 200.0 421000
1681630507443 300.0 421500
1681630507945 400.0 422000
1681630508329 500.0 422500
1681630508767 600.0 423000
1681630509173 700.0 423500
1681630509785 800.0 424000
1681630510677 900.0 424500
1681630511135 1000.0 425000
1681630511623 1100.0 425500
1681630512006 1200.0 426000
1681630512773 1300.0 426500
1681630513199 1400.0 427000
1681630513580 1500.0 427500
1681630514134 1600.0 428000
1681630514527 1700.0 428500
1681630514892 1800.0 429000
1681630515441 1900.0 429500
1681630515823 2000.0 430000
1681630516113 100.0 430500
1681630516474 200.0 431000
1681630516767 300.0 431500
1681630517137 400.0 432000
1681630517604 500.0 432500
1681630518305 600.0 433000
1681630518625 700.0 433500
1681630519299 800.0 434000
1681630519604 900.0 434500
1681630519993 1000.0 435000
1681630520209 1100.0 435500
1681630520582 1200.0 436000
1681630520976 1300.0 436500
1681630521390 1400.0 437000
1681630521972 1500.0 437500
1681630522823 1600.0 438000
1681630523334 1700.0 438500
1681630524059 1800.0 439000
1681630524501 1900.0 439500
1681630524932 2000.0 440000
1681630525916 100.0 440500
1681630526210 200.0 441000
1681630526789 300.0 441500
1681630527263 400.0 442000
1681630528427 500.0 442500
1681630529029 600.0 443000
1681630529722 700.0 443500
1681630530184 800.0 444000
1681630530563 900.0 444500
1681630531154 1000.0 445000
1681630531486 1100.0 445500
1681630531836 1200.0 446000
1681630532134 1300.0 446500
1681630532545 1400.0 447000
1681630533277 1500.0 447500
1681630533589 1600.0 448000
1681630534102 1700.0 448500
1681630534870 1800.0 449000
1681630535162 1900.0 449500
1681630536204 2000.0 450000
1681630536834 100.0 450500
1681630537445 200.0 451000
1681630537783 300.0 451500
1681630538186 400.0 452000
1681630538604 500.0 452500
1681630539073 600.0 453000
1681630539401 700.0 453500
1681630539901 800.0 454000
1681630540500 900.0 454500
1681630540829 1000.0 455000
1681630541250 1100.0 455500
1681630541664 1200.0 456000
1681630541989 1300.0 456500
1681630542242 1400.0 457000
1681630542762 1500.0 457500
1681630543102 1600.0 458000
1681630543514 1700.0 458500
1681630543781 1800.0 459000
1681630544334 1900.0 459500
1681630544799 2000.0 460000
1681630545563 100.0 460500
1681630545971 200.0 461000
1681630546939 300.0 461500
1681630547241 400.0 462000
1681630547741 500.0 462500
1681630548008 600.0 463000
1681630548503 700.0 463500
1681630548769 800.0 464000
1681630549047 900.0 464500
1681630549414 1000.0 465000
1681630549856 1100.0 465500
1681630550481 1200.0 466000
1681630550723 1300.0 466500
1681630551291 1400.0 467000
1681630551896 1500.0 467500
1681630552336 1600.0 468000
1681630552804 1700.0 468500
1681630553428 1800.0 469000
1681630554268 1900.0 469500
1681630554704 2000.0 470000
1681630555236 100.0 470500
1681630555741 200.0 471000
1681630556098 300.0 471500
1681630556731 400.0 472000
1681630557120 500.0 472500
1681630557556 600.0 473000
1681630558328 700.0 473500
1681630558935 800.0 474000
1681630559509 900.0 474500
1681630559783 1000.0 475000
1681630560549 1100.0 475500
1681630560968 1200.0 476000
1681630561480 1300.0 476500
1681630561924 1400.0 477000
1681630562463 1500.0 477500
1681630562867 1600.0 478000
1681630563286 1700.0 478500
1681630563715 1800.0 479000
1681630564543 1900.0 479500
1681630564846 2000.0 480000
1681630565448 100.0 480500
1681630565812 200.0 481000
1681630566077 300.0 481500
1681630566336 400.0 482000
1681630566653 500.0 482500
1681630567083 600.0 483000
1681630567453 700.0 483500
1681630567882 800.0 484000
1681630568147 900.0 484500
1681630568663 1000.0 485000
1681630569076 1100.0 485500
1681630569414 1200.0 486000
1681630569668 1300.0 486500
1681630569993 1400.0 487000
1681630570590 1500.0 487500
1681630571137 1600.0 488000
1681630571427 1700.0 488500
1681630571721 1800.0 489000
1681630572025 1900.0 489500
1681630572334 2000.0 490000
1681630572727 100.0 490500
1681630573157 200.0 491000
1681630573385 300.0 491500
1681630573594 400.0 492000
1681630574356 500.0 492500
1681630574832 600.0 493000
1681630575112 700.0 493500
1681630575410 800.0 494000
1681630575707 900.0 494500
1681630576293 1000.0 495000
1681630576557 1100.0 495500
1681630576989 1200.0 496000
1681630577454 1300.0 496500
1681630577764 1400.0 497000
1681630578002 1500.0 497500
1681630578530 1600.0 498000
1681630578833 1700.0 498500
1681630579178 1800.0 499000
1681630579537 1900.0 499500
1681630579845 2000.0 500000
1681630580202 100.0 500500
1681630580775 200.0 501000
1681630581028 300.0 501500
1681630581319 400.0 502000
1681630581705 500.0 502500
1681630581952 600.0 503000
1681630582210 700.0 503500
1681630582669 800.0 504000
1681630583283 900.0 504500
1681630583597 1000.0 505000
1681630584005 1100.0 505500
1681630584369 1200.0 506000
1681630584869 1300.0 506500
1681630585325 1400.0 507000
1681630585941 1500.0 507500
1681630586361 1600.0 508000
1681630587002 1700.0 508500
1681630587334 1800.0 509000
1681630587583 1900.0 509500
1681630587886 2000.0 510000
1681630588185 100.0 510500
1681630588641 200.0 511000
1681630589272 300.0 511500
1681630589660 400.0 512000
1681630589905 500.0 512500
1681630590148 600.0 513000
1681630590448 700.0 513500
1681630590732 800.0 514000
1681630591126 900.0 514500
1681630591358 1000.0 515000
1681630591673 1100.0 515500
1681630592065 1200.0 516000
1681630592603 1300.0 516500
1681630592867 1400.0 517000
1681630593434 1500.0 517500
1681630593992 1600.0 518000
1681630594821 1700.0 518500
1681630595323 1800.0 519000
1681630595765 1900.0 519500
1681630596281 2000.0 520000
1681630596653 100.0 520500
1681630597057 200.0 521000
1681630597600 300.0 521500
1681630597948 400.0 522000
1681630598538 500.0 522500
1681630598836 600.0 523000
1681630599296 700.0 523500
1681630599818 800.0 524000
1681630600151 900.0 524500
1681630600902 1000.0 525000
1681630601628 1100.0 525500
1681630601990 1200.0 526000
1681630602322 1300.0 526500
1681630602859 1400.0 527000
1681630603086 1500.0 527500
1681630603530 1600.0 528000
1681630603817 1700.0 528500
1681630604111 1800.0 529000
1681630604468 1900.0 529500
1681630605125 2000.0 530000
1681630605462 100.0 530500
1681630606051 200.0 531000
1681630606388 300.0 531500
1681630606713 400.0 532000
1681630607031 500.0 532500
1681630607305 600.0 533000
1681630607689 700.0 533500
1681630608060 800.0 534000
1681630608723 900.0 534500
1681630609137 1000.0 535000
1681630609492 1100.0 535500
1681630610352 1200.0 536000
1681630610817 1300.0 536500
1681630611066 1400.0 537000
1681630611377 1500.0 537500
1681630611797 1600.0 538000
1681630612224 1700.0 538500
1681630612678 1800.0 539000
1681630613102 1900.0 539500
1681630613552 2000.0 540000
1681630613774 100.0 540500
1681630614272 200.0 541000
1681630614765 300.0 541500
1681630615385 400.0 542000
1681630616025 500.0 542500
1681630616700 600.0 543000
1681630617277 700.0 543500
1681630617705 800.0 544000
1681630617964 900.0 544500
1681630618430 1000.0 545000
1681630618809 1100.0 545500
1681630619118 1200.0 546000
1681630619750 1300.0 546500
1681630620159 1400.0 547000
1681630620665 1500.0 547500
1681630621058 1600.0 548000
1681630621524 1700.0 548500
1681630621946 1800.0 549000
1681630622337 1900.0 549500
1681630623205 2000.0 550000
1681630623487 100.0 550500
1681630624165 200.0 551000
1681630624650 300.0 551500
1681630624980 400.0 552000
1681630625594 500.0 552500
1681630626254 600.0 553000
1681630626476 700.0 553500
1681630626793 800.0 554000
1681630627043 900.0 554500
1681630627789 1000.0 555000
1681630628526 1100.0 555500
1681630629024 1200.0 556000
1681630629297 1300.0 556500
1681630629548 1400.0 557000
1681630630120 1500.0 557500
1681630630398 1600.0 558000
1681630630784 1700.0 558500
1681630631398 1800.0 559000
1681630631972 1900.0 559500
1681630632221 2000.0 560000
1681630632480 100.0 560500
1681630632748 200.0 561000
1681630633181 300.0 561500
1681630633928 400.0 562000
1681630634288 500.0 562500
1681630634978 600.0 563000
1681630635418 700.0 563500
1681630636064 800.0 564000
1681630636540 900.0 564500
1681630637482 1000.0 565000
1681630637891 1100.0 565500
1681630638448 1200.0 566000
1681630638808 1300.0 566500
1681630639382 1400.0 567000
1681630639745 1500.0 567500
1681630640458 1600.0 568000
1681630640890 1700.0 568500
1681630641330 1800.0 569000
1681630641749 1900.0 569500
1681630642196 2000.0 570000
1681630642746 100.0 570500
1681630643269 200.0 571000
1681630643952 300.0 571500
1681630644587 400.0 572000
1681630645084 500.0 572500
1681630645556 600.0 573000
1681630646007 700.0 573500
1681630646630 800.0 574000
1681630647003 900.0 574500
1681630647341 1000.0 575000
1681630647830 1100.0 575500
1681630648312 1200.0 576000
1681630648946 1300.0 576500
1681630649364 1400.0 577000
1681630649863 1500.0 577500
1681630650222 1600.0 578000
1681630650729 1700.0 578500
1681630651193 1800.0 579000
1681630651977 1900.0 579500
1681630652358 2000.0 580000
1681630652759 100.0 580500
1681630653313 200.0 581000
1681630653948 300.0 581500
1681630654670 400.0 582000
1681630654968 500.0 582500
1681630655334 600.0 583000
1681630655598 700.0 583500
1681630656284 800.0 584000
1681630656826 900.0 584500
1681630657122 1000.0 585000
1681630657670 1100.0 585500
1681630658072 1200.0 586000
1681630658524 1300.0 586500
1681630658895 1400.0 587000
1681630659453 1500.0 587500
1681630659930 1600.0 588000
1681630660550 1700.0 588500
1681630661036 1800.0 589000
1681630661456 1900.0 589500
1681630661928 2000.0 590000
1681630662366 100.0 590500
1681630662896 200.0 591000
1681630663384 300.0 591500
1681630663754 400.0 592000
1681630664418 500.0 592500
1681630664885 600.0 593000
1681630665903 700.0 593500
1681630666157 800.0 594000
1681630666561 900.0 594500
1681630667152 1000.0 595000
1681630667579 1100.0 595500
1681630667883 1200.0 596000
1681630668390 1300.0 596500
1681630668845 1400.0 597000
1681630669665 1500.0 597500
1681630670106 1600.0 598000
1681630670517 1700.0 598500
1681630670826 1800.0 599000
1681630671414 1900.0 599500
1681630672027 2000.0 600000
1681630672694 100.0 600500
1681630673368 200.0 601000
1681630673745 300.0 601500
1681630674038 400.0 602000
1681630674723 500.0 602500
1681630675204 600.0 603000
1681630675961 700.0 603500
1681630676558 800.0 604000
1681630677230 900.0 604500
1681630677737 1000.0 605000
1681630678222 1100.0 605500
1681630678614 1200.0 606000
1681630679258 1300.0 606500
1681630679727 1400.0 607000
1681630680144 1500.0 607500
1681630680426 1600.0 608000
1681630680670 1700.0 608500
1681630681010 1800.0 609000
1681630681260 1900.0 609500
1681630681595 2000.0 610000
1681630681994 100.0 610500
1681630682345 200.0 611000
1681630682624 300.0 611500
1681630682917 400.0 612000
1681630683206 500.0 612500
1681630683481 600.0 613000
1681630683724 700.0 613500
1681630684092 800.0 614000
1681630684403 900.0 614500
1681630684668 1000.0 615000
1681630685302 1100.0 615500
1681630685534 1200.0 616000
1681630685785 1300.0 616500
1681630686070 1400.0 617000
1681630686446 1500.0 617500
1681630686737 1600.0 618000
1681630687037 1700.0 618500
1681630687341 1800.0 619000
1681630687602 1900.0 619500
1681630687828 2000.0 620000
1681630688099 100.0 620500
1681630688315 200.0 621000
1681630688557 300.0 621500
1681630688914 400.0 622000
1681630689167 500.0 622500
1681630689551 600.0 623000
1681630689865 700.0 623500
1681630690134 800.0 624000
1681630690377 900.0 624500
1681630690661 1000.0 625000
1681630691038 1100.0 625500
1681630691393 1200.0 626000
1681630691648 1300.0 626500
1681630691950 1400.0 627000
1681630692250 1500.0 627500
1681630692589 1600.0 628000
1681630692916 1700.0 628500
1681630693261 1800.0 629000
1681630693509 1900.0 629500
1681630693885 2000.0 630000
1681630694381 100.0 630500
1681630694641 200.0 631000
1681630694963 300.0 631500
1681630695253 400.0 632000
1681630695561 500.0 632500
1681630695918 600.0 633000
1681630696673 700.0 633500
1681630696907 800.0 634000
1681630697151 900.0 634500
1681630697593 1000.0 635000
1681630698590 1100.0 635500
1681630698850 1200.0 636000
1681630699427 1300.0 636500
1681630699678 1400.0 637000
1681630700029 1500.0 637500
1681630700396 1600.0 638000
1681630700647 1700.0 638500
1681630700967 1800.0 639000
1681630701583 1900.0 639500
1681630701814 2000.0 640000
1681630702150 100.0 640500
1681630702569 200.0 641000
1681630702998 300.0 641500
1681630703334 400.0 642000
1681630703635 500.0 642500
1681630704074 600.0 643000
1681630704642 700.0 643500
1681630705341 800.0 644000
1681630705734 900.0 644500
1681630706506 1000.0 645000
1681630706816 1100.0 645500
1681630707151 1200.0 646000
1681630707773 1300.0 646500
1681630708256 1400.0 647000
1681630708750 1500.0 647500
1681630709296 1600.0 648000
1681630709720 1700.0 648500
1681630709984 1800.0 649000
1681630710498 1900.0 649500
1681630710979 2000.0 650000
1681630711322 100.0 650500
1681630711648 200.0 651000
1681630711935 300.0 651500
1681630712353 400.0 652000
1681630712765 500.0 652500
1681630713198 600.0 653000
1681630713859 700.0 653500
1681630714225 800.0 654000
1681630714640 900.0 654500
1681630715068 1000.0 655000
1681630715511 1100.0 655500
1681630716123 1200.0 656000
1681630716406 1300.0 656500
1681630716932 1400.0 657000
1681630717805 1500.0 657500
1681630718200 1600.0 658000
1681630718712 1700.0 658500
1681630719147 1800.0 659000
1681630719477 1900.0 659500
1681630720281 2000.0 660000
1681630720849 100.0 660500
1681630721211 200.0 661000
1681630721950 300.0 661500
1681630722320 400.0 662000
1681630722945 500.0 662500
1681630723273 600.0 663000
1681630723589 700.0 663500
1681630724001 800.0 664000
1681630724627 900.0 664500
1681630724855 1000.0 665000
1681630725129 1100.0 665500
1681630725387 1200.0 666000
1681630725927 1300.0 666500
1681630726191 1400.0 667000
1681630726461 1500.0 667500
1681630726789 1600.0 668000
1681630727096 1700.0 668500
1681630727463 1800.0 669000
1681630727873 1900.0 669500
1681630728116 2000.0 670000
1681630728356 100.0 670500
1681630728704 200.0 671000
1681630729032 300.0 671500
1681630729366 400.0 672000
1681630729567 500.0 672500
1681630729800 600.0 673000
1681630730081 700.0 673500
1681630730574 800.0 674000
1681630730790 900.0 674500
1681630731044 1000.0 675000
1681630731319 1100.0 675500
1681630731626 1200.0 676000
1681630731880 1300.0 676500
1681630732230 1400.0 677000
1681630732502 1500.0 677500
1681630732774 1600.0 678000
1681630733057 1700.0 678500
1681630733328 1800.0 679000
1681630733650 1900.0 679500
1681630733939 2000.0 680000
1681630734225 100.0 680500
1681630734536 200.0 681000
1681630734907 300.0 681500
1681630735750 400.0 682000
1681630736104 500.0 682500
1681630736473 600.0 683000
1681630736891 700.0 683500
1681630737409 800.0 684000
1681630737638 900.0 684500
1681630737919 1000.0 685000
1681630738661 1100.0 685500
1681630739458 1200.0 686000
1681630739680 1300.0 686500
1681630739982 1400.0 687000
1681630740194 1500.0 687500
1681630740529 1600.0 688000
1681630740725 1700.0 688500
1681630740933 1800.0 689000
1681630741395 1900.0 689500
1681630741669 2000.0 690000
1681630742201 100.0 690500
1681630742578 200.0 691000
1681630743149 300.0 691500
1681630743546 400.0 692000
1681630743817 500.0 692500
1681630744382 600.0 693000
1681630744945 700.0 693500
1681630745195 800.0 694000
1681630745552 900.0 694500
1681630746429 1000.0 695000
1681630746751 1100.0 695500
1681630747165 1200.0 696000
1681630747624 1300.0 696500
1681630748025 1400.0 697000
1681630748304 1500.0 697500
1681630748599 1600.0 698000
1681630749014 1700.0 698500
1681630749412 1800.0 699000
1681630750144 1900.0 699500
1681630750524 2000.0 700000
1681630751107 100.0 700500
1681630751378 200.0 701000
1681630751770 300.0 701500
1681630752325 400.0 702000
1681630752645 500.0 702500
1681630753238 600.0 703000
1681630753797 700.0 703500
1681630754062 800.0 704000
1681630754560 900.0 704500
1681630755014 1000.0 705000
1681630755834 1100.0 705500
1681630756210 1200.0 706000
1681630757111 1300.0 706500
1681630757430 1400.0 707000
1681630758105 1500.0 707500
1681630758511 1600.0 708000
1681630759078 1700.0 708500
1681630759551 1800.0 709000
1681630759860 1900.0 709500
1681630760306 2000.0 710000
1681630760872 100.0 710500
1681630761295 200.0 711000
1681630761821 300.0 711500
1681630762242 400.0 712000
1681630762637 500.0 712500
1681630763064 600.0 713000
1681630763333 700.0 713500
1681630763690 800.0 714000
1681630764055 900.0 714500
1681630764380 1000.0 715000
1681630764907 1100.0 715500
1681630765474 1200.0 716000
1681630765755 1300.0 716500
1681630766158 1400.0 717000
1681630766798 1500.0 717500
1681630767306 1600.0 718000
1681630767661 1700.0 718500
1681630768189 1800.0 719000
1681630768833 1900.0 719500
1681630769278 2000.0 720000
1681630769933 100.0 720500
1681630770230 200.0 721000
1681630770552 300.0 721500
1681630770986 400.0 722000
1681630771407 500.0 722500
1681630771882 600.0 723000
1681630772224 700.0 723500
1681630772618 800.0 724000
1681630773098 900.0 724500
1681630773402 1000.0 725000
1681630773909 1100.0 725500
1681630774308 1200.0 726000
1681630775054 1300.0 726500
1681630775468 1400.0 727000
1681630775881 1500.0 727500
1681630776416 1600.0 728000
1681630776739 1700.0 728500
1681630777210 1800.0 729000
1681630777492 1900.0 729500
1681630778008 2000.0 730000
1681630778399 100.0 730500
1681630779124 200.0 731000
1681630779674 300.0 731500
1681630780525 400.0 732000
1681630781038 500.0 732500
1681630781368 600.0 733000
1681630781962 700.0 733500
1681630782340 800.0 734000
1681630782715 900.0 734500
1681630783197 1000.0 735000
1681630783555 1100.0 735500
1681630784432 1200.0 736000
1681630784902 1300.0 736500
1681630785468 1400.0 737000
1681630785709 1500.0 737500
1681630786127 1600.0 738000
1681630786425 1700.0 738500
1681630786798 1800.0 739000
1681630787807 1900.0 739500
1681630788088 2000.0 740000
1681630788434 100.0 740500
1681630788661 200.0 741000
1681630789041 300.0 741500
1681630789387 400.0 742000
1681630790006 500.0 742500
1681630790299 600.0 743000
1681630790604 700.0 743500
1681630790892 800.0 744000
1681630791280 900.0 744500
1681630791809 1000.0 745000
1681630792183 1100.0 745500
1681630792609 1200.0 746000
1681630792963 1300.0 746500
1681630793240 1400.0 747000
1681630793991 1500.0 747500
1681630794540 1600.0 748000
1681630794787 1700.0 748500
1681630795067 1800.0 749000
1681630795630 1900.0 749500
1681630796118 2000.0 750000
1681630796471 100.0 750500
1681630796866 200.0 751000
1681630797211 300.0 751500
1681630797792 400.0 752000
1681630798295 500.0 752500
1681630798813 600.0 753000
1681630799159 700.0 753500
1681630799520 800.0 754000
1681630799978 900.0 754500
1681630800342 1000.0 755000
1681630800623 1100.0 755500
1681630800907 1200.0 756000
1681630801271 1300.0 756500
1681630801572 1400.0 757000
1681630801986 1500.0 757500
1681630802222 1600.0 758000
1681630802748 1700.0 758500
1681630803193 1800.0 759000
1681630803885 1900.0 759500
1681630804266 2000.0 760000
1681630805116 100.0 760500
1681630805439 200.0 761000
1681630805847 300.0 761500
1681630806454 400.0 762000
1681630807192 500.0 762500
1681630807793 600.0 763000
1681630808331 700.0 763500
1681630808632 800.0 764000
1681630808985 900.0 764500
1681630809816 1000.0 765000
1681630810178 1100.0 765500
1681630810711 1200.0 766000
1681630811063 1300.0 766500
1681630811410 1400.0 767000
1681630811911 1500.0 767500
1681630812317 1600.0 768000
1681630812839 1700.0 768500
1681630813205 1800.0 769000
1681630813716 1900.0 769500
1681630814177 2000.0 770000
1681630814947 100.0 770500
1681630815451 200.0 771000
1681630815972 300.0 771500
1681630816442 400.0 772000
1681630816967 500.0 772500
1681630817302 600.0 773000
1681630817615 700.0 773500
1681630817959 800.0 774000
1681630818331 900.0 774500
1681630818649 1000.0 775000
1681630818945 1100.0 775500
1681630819268 1200.0 776000
1681630819515 1300.0 776500
1681630819954 1400.0 777000
1681630820315 1500.0 777500
1681630820791 1600.0 778000
1681630821267 1700.0 778500
1681630821493 1800.0 779000
1681630822023 1900.0 779500
1681630822425 2000.0 780000
1681630822684 100.0 780500
1681630823344 200.0 781000
1681630823763 300.0 781500
1681630824011 400.0 782000
1681630824317 500.0 782500
1681630824754 600.0 783000
1681630825033 700.0 783500
1681630825327 800.0 784000
1681630825597 900.0 784500
1681630825908 1000.0 785000
1681630826229 1100.0 785500
1681630826732 1200.0 786000
1681630826991 1300.0 786500
1681630827562 1400.0 787000
1681630828015 1500.0 787500
1681630828279 1600.0 788000
1681630828566 1700.0 788500
1681630828888 1800.0 789000
1681630829178 1900.0 789500
1681630829409 2000.0 790000
1681630829646 100.0 790500
1681630829912 200.0 791000
1681630830156 300.0 791500
1681630830430 400.0 792000
1681630830686 500.0 792500
1681630830977 600.0 793000
1681630831398 700.0 793500
1681630831725 800.0 794000
1681630832091 900.0 794500
1681630832382 1000.0 795000
1681630832794 1100.0 795500
1681630833136 1200.0 796000
1681630833884 1300.0 796500
1681630834496 1400.0 797000
1681630834758 1500.0 797500
1681630835144 1600.0 798000
1681630835471 1700.0 798500
1681630835717 1800.0 799000
1681630836129 1900.0 799500
1681630836528 2000.0 800000
1681630836850 100.0 800500
1681630837293 200.0 801000
1681630837950 300.0 801500
1681630838282 400.0 802000
1681630838759 500.0 802500
1681630839173 600.0 803000
1681630839869 700.0 803500
1681630840383 800.0 804000
1681630840904 900.0 804500
1681630841339 1000.0 805000
1681630841919 1100.0 805500
1681630842350 1200.0 806000
1681630843027 1300.0 806500
1681630843547 1400.0 807000
1681630843870 1500.0 807500
1681630844311 1600.0 808000
1681630844574 1700.0 808500
1681630845139 1800.0 809000
1681630845686 1900.0 809500
1681630846161 2000.0 810000
1681630846567 100.0 810500
1681630846822 200.0 811000
1681630847065 300.0 811500
1681630847307 400.0 812000
1681630847975 500.0 812500
1681630848316 600.0 813000
1681630848701 700.0 813500
1681630849272 800.0 814000
1681630849812 900.0 814500
1681630850655 1000.0 815000
1681630851075 1100.0 815500
1681630851551 1200.0 816000
1681630851918 1300.0 816500
1681630852382 1400.0 817000
1681630852785 1500.0 817500
1681630853292 1600.0 818000
1681630853767 1700.0 818500
1681630854381 1800.0 819000
1681630855029 1900.0 819500
1681630855823 2000.0 820000
1681630856095 100.0 820500
1681630856690 200.0 821000
1681630857058 300.0 821500
1681630857499 400.0 822000
1681630857805 500.0 822500
1681630858246 600.0 823000
1681630858587 700.0 823500
1681630859494 800.0 824000
1681630859915 900.0 824500
1681630860397 1000.0 825000
1681630861148 1100.0 825500
1681630861471 1200.0 826000
1681630861799 1300.0 826500
1681630862168 1400.0 827000
1681630862748 1500.0 827500
1681630863150 1600.0 828000
1681630863606 1700.0 828500
1681630864144 1800.0 829000
1681630864764 1900.0 829500
1681630865249 2000.0 830000
1681630865963 100.0 830500
1681630866204 200.0 831000
1681630866638 300.0 831500
1681630867074 400.0 832000
1681630867479 500.0 832500
1681630868172 600.0 833000
1681630868542 700.0 833500
1681630868766 800.0 834000
1681630869017 900.0 834500
1681630869219 1000.0 835000
1681630869554 1100.0 835500
1681630869763 1200.0 836000
1681630869980 1300.0 836500
1681630870361 1400.0 837000
1681630870704 1500.0 837500
1681630871314 1600.0 838000
1681630871533 1700.0 838500
1681630871740 1800.0 839000
1681630872038 1900.0 839500
1681630872526 2000.0 840000
1681630872791 100.0 840500
1681630873383 200.0 841000
1681630873978 300.0 841500
1681630874389 400.0 842000
1681630874698 500.0 842500
1681630875388 600.0 843000
1681630875749 700.0 843500
1681630876007 800.0 844000
1681630876411 900.0 844500
1681630876774 1000.0 845000
1681630877551 1100.0 845500
1681630877928 1200.0 846000
1681630878660 1300.0 846500
1681630878953 1400.0 847000
1681630879201 1500.0 847500
1681630879631 1600.0 848000
1681630880027 1700.0 848500
1681630880292 1800.0 849000
1681630880533 1900.0 849500
1681630880800 2000.0 850000
1681630881154 100.0 850500
1681630881461 200.0 851000
1681630881912 300.0 851500
1681630882180 400.0 852000
1681630882764 500.0 852500
1681630883230 600.0 853000
1681630883557 700.0 853500
1681630883806 800.0 854000
1681630884364 900.0 854500
1681630885042 1000.0 855000
1681630885310 1100.0 855500
1681630885720 1200.0 856000
1681630886067 1300.0 856500
1681630886910 1400.0 857000
1681630887420 1500.0 857500
1681630887621 1600.0 858000
1681630888031 1700.0 858500
1681630888310 1800.0 859000
1681630888712 1900.0 859500
1681630889131 2000.0 860000
1681630889415 100.0 860500
1681630889919 200.0 861000
1681630890351 300.0 861500
1681630890929 400.0 862000
1681630891315 500.0 862500
1681630892044 600.0 863000
1681630892368 700.0 863500
1681630892666 800.0 864000
1681630893517 900.0 864500
1681630893907 1000.0 865000
1681630894453 1100.0 865500
1681630894867 1200.0 866000
1681630895302 1300.0 866500
1681630895583 1400.0 867000
1681630896082 1500.0 867500
1681630896440 1600.0 868000
1681630897167 1700.0 868500
1681630897443 1800.0 869000
1681630897951 1900.0 869500
1681630898323 2000.0 870000
1681630898874 100.0 870500
1681630899519 200.0 871000
1681630900009 300.0 871500
1681630900640 400.0 872000
1681630901070 500.0 872500
1681630901347 600.0 873000
1681630901713 700.0 873500
1681630902020 800.0 874000
1681630902301 900.0 874500
1681630902842 1000.0 875000
1681630903269 1100.0 875500
1681630903952 1200.0 876000
1681630904478 1300.0 876500
1681630904757 1400.0 877000
1681630905245 1500.0 877500
1681630905502 1600.0 878000
1681630905714 1700.0 878500
1681630906264 1800.0 879000
1681630906671 1900.0 879500
1681630907474 2000.0 880000
1681630907884 100.0 880500
1681630908271 200.0 881000
1681630908550 300.0 881500
1681630908969 400.0 882000
1681630909196 500.0 882500
1681630909437 600.0 883000
1681630909770 700.0 883500
1681630910805 800.0 884000
1681630911138 900.0 884500
1681630911392 1000.0 885000
1681630911944 1100.0 885500
1681630912289 1200.0 886000
1681630912542 1300.0 886500
1681630912886 1400.0 887000
1681630913243 1500.0 887500
1681630913489 1600.0 888000
1681630913725 1700.0 888500
1681630913934 1800.0 889000
1681630914266 1900.0 889500
1681630914612 2000.0 890000
1681630914804 100.0 890500
1681630915268 200.0 891000
1681630915607 300.0 891500
1681630915815 400.0 892000
1681630916055 500.0 892500
1681630916367 600.0 893000
1681630916821 700.0 893500
1681630917160 800.0 894000
1681630917728 900.0 894500
1681630918137 1000.0 895000
1681630918865 1100.0 895500
1681630919425 1200.0 896000
1681630919831 1300.0 896500
1681630920217 1400.0 897000
1681630920697 1500.0 897500
1681630921154 1600.0 898000
1681630921473 1700.0 898500
1681630921727 1800.0 899000
1681630922145 1900.0 899500
1681630922445 2000.0 900000
1681630923028 100.0 900500
1681630923382 200.0 901000
1681630924096 300.0 901500
1681630924369 400.0 902000
1681630924603 500.0 902500
1681630925095 600.0 903000
1681630925443 700.0 903500
1681630925996 800.0 904000
1681630926341 900.0 904500
1681630926986 1000.0 905000
1681630927376 1100.0 905500
1681630928176 1200.0 906000
1681630928579 1300.0 906500
1681630929014 1400.0 907000
1681630929367 1500.0 907500
1681630929826 1600.0 908000
1681630930362 1700.0 908500
1681630930836 1800.0 909000
1681630931327 1900.0 909500
1681630931641 2000.0 910000
1681630932205 100.0 910500
1681630932543 200.0 911000
1681630933011 300.0 911500
1681630933368 400.0 912000
1681630934049 500.0 912500
1681630934475 600.0 913000
1681630935061 700.0 913500
1681630935425 800.0 914000
1681630936028 900.0 914500
1681630936384 1000.0 915000
1681630936673 1100.0 915500
1681630937044 1200.0 916000
1681630937484 1300.0 916500
1681630937751 1400.0 917000
1681630938103 1500.0 917500
1681630938453 1600.0 918000
1681630938813 1700.0 918500
1681630939181 1800.0 919000
1681630939492 1900.0 919500
1681630939813 2000.0 920000
1681630940080 100.0 920500
1681630940453 200.0 921000
1681630940867 300.0 921500
1681630941153 400.0 922000
1681630941781 500.0 922500
1681630942181 600.0 923000
1681630942393 700.0 923500
1681630942675 800.0 924000
1681630942999 900.0 924500
1681630943433 1000.0 925000
1681630943692 1100.0 925500
1681630943992 1200.0 926000
1681630944270 1300.0 926500
1681630944496 1400.0 927000
1681630944830 1500.0 927500
1681630945131 1600.0 928000
1681630945416 1700.0 928500
1681630945777 1800.0 929000
1681630946048 1900.0 929500
1681630946406 2000.0 930000
1681630947105 100.0 930500
1681630947404 200.0 931000
1681630947756 300.0 931500
1681630948093 400.0 932000
1681630948361 500.0 932500
1681630948625 600.0 933000
1681630948861 700.0 933500
1681630949089 800.0 934000
1681630949358 900.0 934500
1681630949644 1000.0 935000
1681630949926 1100.0 935500
1681630950144 1200.0 936000
1681630950419 1300.0 936500
1681630950668 1400.0 937000
1681630950947 1500.0 937500
1681630951240 1600.0 938000
1681630951548 1700.0 938500
1681630951867 1800.0 939000
1681630952095 1900.0 939500
1681630952336 2000.0 940000
1681630952573 100.0 940500
1681630952928 200.0 941000
1681630953234 300.0 941500
1681630953573 400.0 942000
1681630954200 500.0 942500
1681630954622 600.0 943000
1681630954911 700.0 943500
1681630955491 800.0 944000
1681630956185 900.0 944500
1681630956561 1000.0 945000
1681630957058 1100.0 945500
1681630957399 1200.0 946000
1681630957995 1300.0 946500
1681630958469 1400.0 947000
1681630959039 1500.0 947500
1681630959548 1600.0 948000
1681630959783 1700.0 948500
1681630960418 1800.0 949000
1681630960970 1900.0 949500
1681630961203 2000.0 950000
1681630961885 100.0 950500
1681630962428 200.0 951000
1681630962810 300.0 951500
1681630963155 400.0 952000
1681630963538 500.0 952500
1681630963889 600.0 953000
1681630964214 700.0 953500
1681630964502 800.0 954000
1681630964811 900.0 954500
1681630965065 1000.0 955000
1681630965369 1100.0 955500
1681630965624 1200.0 956000
1681630965905 1300.0 956500
1681630966310 1400.0 957000
1681630966566 1500.0 957500
1681630966795 1600.0 958000
1681630967030 1700.0 958500
1681630967362 1800.0 959000
1681630967875 1900.0 959500
1681630968189 2000.0 960000
1681630968510 100.0 960500
1681630968873 200.0 961000
1681630969157 300.0 961500
1681630969373 400.0 962000
1681630969634 500.0 962500
1681630969965 600.0 963000
1681630970399 700.0 963500
1681630970695 800.0 964000
1681630971037 900.0 964500
1681630971264 1000.0 965000
1681630971592 1100.0 965500
1681630971928 1200.0 966000
1681630972258 1300.0 966500
1681630972684 1400.0 967000
1681630973105 1500.0 967500
1681630973506 1600.0 968000
1681630973716 1700.0 968500
1681630973929 1800.0 969000
1681630974549 1900.0 969500
1681630975137 2000.0 970000
1681630975356 100.0 970500
1681630975561 200.0 971000
1681630975787 300.0 971500
1681630976040 400.0 972000
1681630976428 500.0 972500
1681630976778 600.0 973000
1681630977136 700.0 973500
1681630977875 800.0 974000
1681630978573 900.0 974500
1681630978833 1000.0 975000
1681630979243 1100.0 975500
1681630979635 1200.0 976000
1681630979869 1300.0 976500
1681630980147 1400.0 977000
1681630980445 1500.0 977500
1681630980787 1600.0 978000
1681630981484 1700.0 978500
1681630981887 1800.0 979000
1681630982282 1900.0 979500
1681630982534 2000.0 980000
1681630982967 100.0 980500
1681630983276 200.0 981000
1681630983531 300.0 981500
1681630983905 400.0 982000
1681630984162 500.0 982500
1681630984428 600.0 983000
1681630984871 700.0 983500
1681630985251 800.0 984000
1681630985756 900.0 984500
1681630986230 1000.0 985000
1681630986535 1100.0 985500
1681630986898 1200.0 986000
1681630987155 1300.0 986500
1681630987593 1400.0 987000
1681630987971 1500.0 987500
1681630988331 1600.0 988000
1681630988698 1700.0 988500
1681630988963 1800.0 989000
1681630989327 1900.0 989500
1681630989599 2000.0 990000
1681630989851 100.0 990500
1681630990180 200.0 991000
1681630990602 300.0 991500
1681630990881 400.0 992000
1681630991081 500.0 992500
1681630991373 600.0 993000
1681630991793 700.0 993500
1681630992012 800.0 994000
1681630992258 900.0 994500
1681630992498 1000.0 995000
1681630992791 1100.0 995500
1681630993138 1200.0 996000
1681630993339 1300.0 996500
1681630993597 1400.0 997000
1681630993802 1500.0 997500
1681630994059 1600.0 998000
1681630994256 1700.0 998500
1681630994626 1800.0 999000
1681630994857 1900.0 999500
1681630995132 2000.0 1000000
