1681630125503 0.0 500
1681630125710 0.0 1000
1681630125936 0.0 1500
1681630126151 0.0 2000
1681630126421 1.0 2500
1681630126689 1.0 3000
1681630126916 1.0 3500
1681630127164 1.0 4000
1681630127402 2.0 4500
1681630127819 2.0 5000
1681630128624 3.0 5500
1681630128890 3.0 6000
1681630129158 3.0 6500
1681630129371 4.0 7000
1681630129679 4.0 7500
1681630129908 4.0 8000
1681630130258 4.0 8500
1681630130608 5.0 9000
1681630130836 5.0 9500
1681630131069 5.0 10000
1681630131343 0.0 10500
1681630131619 0.0 11000
1681630132145 1.0 11500
1681630132414 1.0 12000
1681630132669 1.0 12500
1681630132885 1.0 13000
1681630133214 2.0 13500
1681630133492 2.0 14000
1681630133767 2.0 14500
1681630134019 2.0 15000
1681630134278 3.0 15500
1681630134532 3.0 16000
1681630134787 3.0 16500
1681630135083 3.0 17000
1681630135330 4.0 17500
1681630135653 4.0 18000
1681630135949 4.0 18500
1681630136171 5.0 19000
1681630136389 5.0 19500
1681630136698 5.0 20000
1681630136959 0.0 20500
1681630137247 0.0 21000
1681630137513 0.0 21500
1681630137781 1.0 22000
1681630138043 1.0 22500
1681630138314 1.0 23000
1681630138654 1.0 23500
1681630138942 2.0 24000
1681630139205 2.0 24500
1681630139441 2.0 25000
1681630139660 2.0 25500
1681630139963 3.0 26000
1681630140231 3.0 26500
1681630140562 3.0 27000
1681630140798 4.0 27500
1681630141048 4.0 28000
1681630141307 4.0 28500
1681630141624 4.0 29000
1681630142040 5.0 29500
1681630142241 5.0 30000
1681630142486 0.0 30500
1681630142903 0.0 31000
1681630143300 1.0 31500
1681630143590 1.0 32000
1681630143859 1.0 32500
1681630144134 1.0 33000
1681630144486 2.0 33500
1681630144907 2.0 34000
1681630145188 2.0 34500
1681630145417 3.0 35000
1681630145676 3.0 35500
1681630146009 3.0 36000
1681630146417 4.0 36500
1681630146891 4.0 37000
1681630147198 4.0 37500
1681630147571 5.0 38000
1681630147996 5.0 38500
1681630148374 6.0 39000
1681630148875 6.0 39500
1681630149193 6.0 40000
1681630149658 0.0 40500
1681630149945 0.0 41000
1681630150264 1.0 41500
1681630150580 1.0 42000
1681630150979 1.0 42500
1681630151272 2.0 43000
1681630151577 2.0 43500
1681630151879 2.0 44000
1681630152248 3.0 44500
1681630152618 3.0 45000
1681630152954 3.0 45500
1681630153248 4.0 46000
1681630153584 4.0 46500
1681630153851 4.0 47000
1681630154095 4.0 47500
1681630154329 5.0 48000
1681630154617 5.0 48500
1681630154930 5.0 49000
1681630155152 5.0 49500
1681630155378 6.0 50000
1681630155630 0.0 50500
1681630155874 0.0 51000
1681630156112 0.0 51500
1681630156392 1.0 52000
1681630156700 1.0 52500
1681630156940 1.0 53000
1681630157152 1.0 53500
1681630157408 2.0 54000
1681630157622 2.0 54500
1681630157871 2.0 55000
1681630158100 2.0 55500
1681630158368 2.0 56000
1681630158609 3.0 56500
1681630158946 3.0 57000
1681630159177 3.0 57500
1681630159431 4.0 58000
1681630159666 4.0 58500
1681630159979 4.0 59000
1681630160219 4.0 59500
1681630160436 5.0 60000
1681630160682 0.0 60500
1681630160908 0.0 61000
1681630161168 0.0 61500
1681630161417 0.0 62000
1681630161871 1.0 62500
1681630162092 1.0 63000
1681630162339 1.0 63500
1681630162653 2.0 64000
1681630162891 2.0 64500
1681630163099 2.0 65000
1681630163318 2.0 65500
1681630163516 3.0 66000
1681630163743 3.0 66500
1681630163949 3.0 67000
1681630164151 3.0 67500
1681630164344 3.0 68000
1681630164541 4.0 68500
1681630164744 4.0 69000
1681630164970 4.0 69500
1681630165165 4.0 70000
1681630165357 0.0 70500
1681630165546 0.0 71000
1681630165735 0.0 71500
1681630165925 0.0 72000
1681630166119 0.0 72500
1681630166328 1.0 73000
1681630166552 1.0 73500
1681630166748 1.0 74000
1681630166968 1.0 74500
1681630167212 2.0 75000
1681630167414 2.0 75500
1681630167611 2.0 76000
1681630167880 2.0 76500
1681630168135 2.0 77000
1681630168422 3.0 77500
1681630168634 3.0 78000
1681630168830 3.0 78500
1681630169057 3.0 79000
1681630169387 4.0 79500
1681630169766 4.0 80000
1681630170193 0.0 80500
1681630170459 0.0 81000
1681630170730 0.0 81500
1681630171117 1.0 82000
1681630171693 1.0 82500
1681630172131 2.0 83000
1681630172459 2.0 83500
1681630172782 3.0 84000
1681630173383 3.0 84500
1681630174288 4.0 85000
1681630174797 5.0 85500
1681630175381 5.0 86000
1681630175657 5.0 86500
1681630176026 6.0 87000
1681630176552 6.0 87500
1681630177391 7.0 88000
1681630177684 7.0 88500
1681630178184 8.0 89000
1681630178721 8.0 89500
1681630179136 9.0 90000
1681630180005 0.0 90500
1681630180269 1.0 91000
1681630180599 1.0 91500
1681630180824 1.0 92000
1681630181061 1.0 92500
1681630181261 2.0 93000
1681630181461 2.0 93500
1681630181658 2.0 94000
1681630181860 2.0 94500
1681630182105 2.0 95000
1681630182348 3.0 95500
1681630182578 3.0 96000
1681630182785 3.0 96500
1681630183010 3.0 97000
1681630183212 4.0 97500
1681630183420 4.0 98000
1681630183682 4.0 98500
1681630183903 4.0 99000
1681630184125 4.0 99500
1681630184323 5.0 100000
1681630184526 0.0 100500
1681630184725 0.0 101000
1681630184921 0.0 101500
1681630185123 0.0 102000
1681630185341 1.0 102500
1681630185572 1.0 103000
1681630185776 1.0 103500
1681630185976 1.0 104000
1681630186187 1.0 104500
1681630186427 2.0 105000
1681630186764 2.0 105500
1681630187126 2.0 106000
1681630187402 3.0 106500
1681630187686 3.0 107000
1681630188063 3.0 107500
1681630188462 4.0 108000
1681630189174 4.0 108500
1681630189583 5.0 109000
1681630190140 5.0 109500
1681630190589 6.0 110000
1681630191080 0.0 110500
1681630191908 1.0 111000
1681630192529 1.0 111500
1681630193360 2.0 112000
1681630194079 3.0 112500
1681630194592 3.0 113000
1681630195146 4.0 113500
1681630195482 4.0 114000
1681630195911 5.0 114500
1681630196234 5.0 115000
1681630196597 5.0 115500
1681630196978 6.0 116000
1681630197267 6.0 116500
1681630197683 7.0 117000
1681630197957 7.0 117500
1681630198229 7.0 118000
1681630198445 7.0 118500
1681630198644 8.0 119000
1681630198839 8.0 119500
1681630199068 8.0 120000
1681630199280 0.0 120500
1681630199486 0.0 121000
1681630199740 0.0 121500
1681630199953 0.0 122000
1681630200153 1.0 122500
1681630200383 1.0 123000
1681630200565 1.0 123500
1681630200760 1.0 124000
1681630200942 1.0 124500
1681630201143 2.0 125000
1681630201345 2.0 125500
1681630201537 2.0 126000
1681630201714 2.0 126500
1681630201892 2.0 127000
1681630202067 2.0 127500
1681630202243 3.0 128000
1681630202419 3.0 128500
1681630202603 3.0 129000
1681630202805 3.0 129500
1681630203010 3.0 130000
1681630203219 0.0 130500
1681630203406 0.0 131000
1681630203593 0.0 131500
1681630203817 0.0 132000
1681630204005 0.0 132500
1681630204198 1.0 133000
1681630204391 1.0 133500
1681630204582 1.0 134000
1681630204830 1.0 134500
1681630205074 2.0 135000
1681630205309 2.0 135500
1681630205561 2.0 136000
1681630206042 3.0 136500
1681630206609 3.0 137000
1681630206849 3.0 137500
1681630207150 4.0 138000
1681630207412 4.0 138500
1681630207640 4.0 139000
1681630207930 4.0 139500
1681630208265 5.0 140000
1681630208696 0.0 140500
1681630209610 1.0 141000
1681630209959 1.0 141500
1681630210813 2.0 142000
1681630211220 2.0 142500
1681630211936 3.0 143000
1681630212490 4.0 143500
1681630212949 4.0 144000
1681630213783 5.0 144500
1681630214234 5.0 145000
1681630214608 6.0 145500
1681630215003 6.0 146000
1681630215952 7.0 146500
1681630216380 8.0 147000
1681630216715 8.0 147500
1681630217284 9.0 148000
1681630217670 9.0 148500
1681630218543 10.0 149000
1681630218908 10.0 149500
1681630219450 11.0 150000
1681630219983 0.0 150500
1681630220798 1.0 151000
1681630221307 1.0 151500
1681630222260 2.0 152000
1681630222726 3.0 152500
1681630223130 3.0 153000
1681630223512 4.0 153500
1681630223913 4.0 154000
1681630224299 4.0 154500
1681630224722 5.0 155000
1681630225194 5.0 155500
1681630225543 6.0 156000
1681630226262 6.0 156500
1681630226603 7.0 157000
1681630227158 7.0 157500
1681630227581 8.0 158000
1681630228711 9.0 158500
1681630229037 9.0 159000
1681630229706 10.0 159500
1681630230041 10.0 160000
1681630230975 0.0 160500
1681630231266 1.0 161000
1681630231810 1.0 161500
1681630232214 2.0 162000
1681630233233 3.0 162500
1681630233558 3.0 163000
1681630234148 4.0 163500
1681630234471 4.0 164000
1681630234919 4.0 164500
1681630235240 5.0 165000
1681630235741 5.0 165500
1681630236052 6.0 166000
1681630236535 6.0 166500
1681630236819 6.0 167000
1681630237342 7.0 167500
1681630237697 7.0 168000
1681630238206 8.0 168500
1681630238560 8.0 169000
1681630239547 9.0 169500
1681630239860 9.0 170000
1681630240414 0.0 170500
1681630240710 0.0 171000
1681630241421 1.0 171500
1681630241837 1.0 172000
1681630242687 2.0 172500
1681630243101 3.0 173000
1681630244352 4.0 173500
1681630244705 4.0 174000
1681630245021 5.0 174500
1681630245462 5.0 175000
1681630245800 5.0 175500
1681630246111 6.0 176000
1681630246471 6.0 176500
1681630246855 6.0 177000
1681630247680 7.0 177500
1681630248113 8.0 178000
1681630248662 8.0 178500
1681630249116 9.0 179000
1681630249858 9.0 179500
1681630250297 10.0 180000
1681630251140 0.0 180500
1681630251637 1.0 181000
1681630252001 1.0 181500
1681630252490 2.0 182000
1681630253313 3.0 182500
1681630254096 3.0 183000
1681630254468 4.0 183500
1681630255074 4.0 184000
1681630255424 5.0 184500
1681630256277 5.0 185000
1681630256723 6.0 185500
1681630257968 7.0 186000
1681630258399 8.0 186500
1681630258869 8.0 187000
1681630259460 9.0 187500
1681630260273 9.0 188000
1681630260911 10.0 188500
1681630261723 11.0 189000
1681630262395 12.0 189500
1681630263237 12.0 190000
1681630263606 0.0 190500
1681630263926 0.0 191000
1681630264193 0.0 191500
1681630264505 1.0 192000
1681630264857 1.0 192500
1681630265353 2.0 193000
1681630265787 2.0 193500
1681630266030 2.0 194000
1681630266449 3.0 194500
1681630267105 3.0 195000
1681630267560 4.0 195500
1681630268093 4.0 196000
1681630268634 5.0 196500
1681630269173 5.0 197000
1681630269495 6.0 197500
1681630270016 6.0 198000
1681630270300 7.0 198500
1681630270729 7.0 199000
1681630271110 7.0 199500
1681630271342 8.0 200000
1681630271545 0.0 200500
1681630272005 0.0 201000
1681630272802 1.0 201500
1681630273124 1.0 202000
1681630273617 2.0 202500
1681630274623 3.0 203000
1681630275007 3.0 203500
1681630275671 4.0 204000
1681630276028 4.0 204500
1681630276426 5.0 205000
1681630277033 5.0 205500
1681630277386 6.0 206000
1681630277962 6.0 206500
1681630278426 7.0 207000
1681630279396 8.0 207500
1681630279679 8.0 208000
1681630280313 8.0 208500
1681630281013 9.0 209000
1681630281389 10.0 209500
1681630281759 10.0 210000
1681630282285 0.0 210500
1681630282729 0.0 211000
1681630283289 1.0 211500
1681630283851 2.0 212000
1681630284206 2.0 212500
1681630284633 2.0 213000
1681630285186 3.0 213500
1681630285691 3.0 214000
1681630286129 4.0 214500
1681630287089 5.0 215000
1681630287533 5.0 215500
1681630288209 6.0 216000
1681630288594 6.0 216500
1681630289104 7.0 217000
1681630289420 7.0 217500
1681630289658 7.0 218000
1681630290269 8.0 218500
1681630290873 9.0 219000
1681630291123 9.0 219500
1681630291564 9.0 220000
1681630291993 0.0 220500
1681630292455 0.0 221000
1681630292991 1.0 221500
1681630293831 2.0 222000
1681630294412 2.0 222500
1681630295259 3.0 223000
1681630295880 4.0 223500
1681630296809 5.0 224000
1681630297080 5.0 224500
1681630297353 5.0 225000
1681630297618 6.0 225500
1681630298163 6.0 226000
1681630298777 7.0 226500
1681630299465 7.0 227000
1681630299990 8.0 227500
1681630300398 8.0 228000
1681630300865 9.0 228500
1681630301290 9.0 229000
1681630301738 10.0 229500
1681630302286 10.0 230000
1681630302782 0.0 230500
1681630303446 1.0 231000
1681630304090 1.0 231500
1681630304768 2.0 232000
1681630305293 2.0 232500
1681630305707 3.0 233000
1681630306131 3.0 233500
1681630306369 4.0 234000
1681630306697 4.0 234500
1681630307472 5.0 235000
1681630307864 5.0 235500
1681630308489 6.0 236000
1681630308883 6.0 236500
1681630309707 7.0 237000
1681630310166 7.0 237500
1681630310619 8.0 238000
1681630311323 9.0 238500
1681630311560 9.0 239000
1681630311964 9.0 239500
1681630312491 10.0 240000
1681630312808 0.0 240500
1681630313457 0.0 241000
1681630314167 1.0 241500
1681630314840 2.0 242000
1681630315545 3.0 242500
1681630316196 3.0 243000
1681630316981 4.0 243500
1681630317322 4.0 244000
1681630318060 5.0 244500
1681630318768 6.0 245000
1681630319284 6.0 245500
1681630319692 7.0 246000
1681630320650 8.0 246500
1681630321506 9.0 247000
1681630322430 9.0 247500
1681630323118 10.0 248000
1681630324019 11.0 248500
1681630324779 12.0 249000
1681630325595 13.0 249500
1681630326216 13.0 250000
1681630327106 0.0 250500
1681630327608 1.0 251000
1681630328092 1.0 251500
1681630328450 2.0 252000
1681630329205 2.0 252500
1681630329647 3.0 253000
1681630330129 3.0 253500
1681630330578 4.0 254000
1681630330948 4.0 254500
1681630331474 5.0 255000
1681630331741 5.0 255500
1681630332002 5.0 256000
1681630332593 6.0 256500
1681630332957 6.0 257000
1681630333900 7.0 257500
1681630334136 7.0 258000
1681630334536 8.0 258500
1681630335216 8.0 259000
1681630335465 9.0 259500
1681630336181 9.0 260000
1681630337304 1.0 260500
1681630337984 1.0 261000
1681630338306 2.0 261500
1681630338744 2.0 262000
1681630339442 3.0 262500
1681630339793 3.0 263000
1681630340722 4.0 263500
1681630341173 4.0 264000
1681630342101 5.0 264500
1681630342535 6.0 265000
1681630343286 7.0 265500
1681630343568 7.0 266000
1681630344260 8.0 266500
1681630344828 8.0 267000
1681630345254 9.0 267500
1681630345724 9.0 268000
1681630346293 10.0 268500
1681630346833 10.0 269000
1681630347535 11.0 269500
1681630348181 11.0 270000
1681630348714 0.0 270500
1681630349230 1.0 271000
1681630349825 1.0 271500
1681630350374 2.0 272000
1681630350764 2.0 272500
1681630351548 3.0 273000
1681630351993 3.0 273500
1681630352879 4.0 274000
1681630353188 4.0 274500
1681630353709 5.0 275000
1681630354037 5.0 275500
1681630354423 6.0 276000
1681630355029 6.0 276500
1681630355318 7.0 277000
1681630355822 7.0 277500
1681630356078 7.0 278000
1681630356528 8.0 278500
1681630357025 8.0 279000
1681630357439 9.0 279500
1681630358039 9.0 280000
1681630358654 0.0 280500
1681630358940 0.0 281000
1681630359398 1.0 281500
1681630359902 1.0 282000
1681630360563 2.0 282500
1681630360987 2.0 283000
1681630361786 3.0 283500
1681630362171 4.0 284000
1681630362555 4.0 284500
1681630362845 4.0 285000
1681630363440 5.0 285500
1681630363793 5.0 286000
1681630364531 6.0 286500
1681630364984 6.0 287000
1681630365864 7.0 287500
1681630366206 8.0 288000
1681630367125 9.0 288500
1681630367496 9.0 289000
1681630367893 9.0 289500
1681630368885 10.0 290000
1681630369403 0.0 290500
1681630370202 1.0 291000
1681630370646 1.0 291500
1681630371217 2.0 292000
1681630371537 2.0 292500
1681630371873 2.0 293000
1681630372494 3.0 293500
1681630372917 4.0 294000
1681630373804 4.0 294500
1681630374207 5.0 295000
1681630374646 5.0 295500
1681630375003 6.0 296000
1681630375555 6.0 296500
1681630375919 7.0 297000
1681630376658 7.0 297500
1681630377046 8.0 298000
1681630377753 8.0 298500
1681630378134 9.0 299000
1681630378522 9.0 299500
1681630378980 10.0 300000
1681630379367 0.0 300500
1681630379752 0.0 301000
1681630380228 1.0 301500
1681630380908 1.0 302000
1681630381527 2.0 302500
1681630382201 3.0 303000
1681630382806 3.0 303500
1681630383533 4.0 304000
1681630384160 5.0 304500
1681630384833 5.0 305000
1681630385196 6.0 305500
1681630385748 6.0 306000
1681630386176 7.0 306500
1681630386527 7.0 307000
1681630386913 7.0 307500
1681630387885 8.0 308000
1681630388376 9.0 308500
1681630388840 9.0 309000
1681630389382 10.0 309500
1681630389812 10.0 310000
1681630390347 0.0 310500
1681630390692 0.0 311000
1681630391371 1.0 311500
1681630391722 1.0 312000
1681630392302 2.0 312500
1681630392652 2.0 313000
1681630393368 3.0 313500
1681630393791 3.0 314000
1681630394555 4.0 314500
1681630394923 5.0 315000
1681630395732 5.0 315500
1681630396101 6.0 316000
1681630397003 7.0 316500
1681630397308 7.0 317000
1681630397637 7.0 317500
1681630398091 8.0 318000
1681630398593 8.0 318500
1681630399225 9.0 319000
1681630399774 9.0 319500
1681630400130 10.0 320000
1681630401047 0.0 320500
1681630401397 1.0 321000
1681630401830 1.0 321500
1681630402357 2.0 322000
1681630402774 2.0 322500
1681630403250 3.0 323000
1681630403630 3.0 323500
1681630404587 4.0 324000
1681630405400 5.0 324500
1681630406205 6.0 325000
1681630406926 6.0 325500
1681630407496 7.0 326000
1681630407805 7.0 326500
1681630408168 8.0 327000
1681630408896 8.0 327500
1681630409442 9.0 328000
1681630409896 9.0 328500
1681630410163 10.0 329000
1681630411328 11.0 329500
1681630412084 11.0 330000
1681630412455 0.0 330500
1681630413131 1.0 331000
1681630413594 1.0 331500
1681630414089 1.0 332000
1681630414843 2.0 332500
1681630415330 3.0 333000
1681630416185 4.0 333500
1681630416862 4.0 334000
1681630417915 5.0 334500
1681630418280 6.0 335000
1681630418678 6.0 335500
1681630419177 7.0 336000
1681630419619 7.0 336500
1681630419919 7.0 337000
1681630420251 8.0 337500
1681630420742 8.0 338000
1681630421123 9.0 338500
1681630421949 9.0 339000
1681630422497 10.0 339500
1681630423057 10.0 340000
1681630423552 0.0 340500
1681630423865 0.0 341000
1681630424358 1.0 341500
1681630424752 1.0 342000
1681630425341 2.0 342500
1681630425728 2.0 343000
1681630426114 3.0 343500
1681630426663 3.0 344000
1681630427221 4.0 344500
1681630427987 4.0 345000
1681630428935 5.0 345500
1681630429371 6.0 346000
1681630429893 6.0 346500
1681630430228 7.0 347000
1681630430811 7.0 347500
1681630431062 7.0 348000
1681630431572 8.0 348500
1681630431997 8.0 349000
1681630432628 9.0 349500
1681630433099 10.0 350000
1681630433653 0.0 350500
1681630434117 1.0 351000
1681630434670 1.0 351500
1681630435095 1.0 352000
1681630435948 2.0 352500
1681630436430 3.0 353000
1681630437520 4.0 353500
1681630437993 4.0 354000
1681630438401 5.0 354500
1681630438885 5.0 355000
1681630439359 6.0 355500
1681630439689 6.0 356000
1681630440227 7.0 356500
1681630440677 7.0 357000
1681630441802 8.0 357500
1681630442278 9.0 358000
1681630442662 9.0 358500
1681630443176 10.0 359000
1681630443608 10.0 359500
1681630443956 10.0 360000
1681630444819 0.0 360500
1681630445174 1.0 361000
1681630445865 1.0 361500
1681630446277 2.0 362000
1681630446677 2.0 362500
1681630446995 3.0 363000
1681630447704 3.0 363500
1681630448147 4.0 364000
1681630448620 4.0 364500
1681630448981 5.0 365000
1681630449463 5.0 365500
1681630450342 6.0 366000
1681630450735 6.0 366500
1681630451289 7.0 367000
1681630451590 7.0 367500
1681630451998 8.0 368000
1681630452247 8.0 368500
1681630452619 8.0 369000
1681630453014 9.0 369500
1681630453296 9.0 370000
1681630453672 0.0 370500
1681630454167 0.0 371000
1681630454780 1.0 371500
1681630455192 1.0 372000
1681630455599 2.0 372500
1681630455909 2.0 373000
1681630456444 3.0 373500
1681630457106 3.0 374000
1681630457624 4.0 374500
1681630457937 4.0 375000
1681630458263 4.0 375500
1681630458564 5.0 376000
1681630459410 6.0 376500
1681630459792 6.0 377000
1681630460078 6.0 377500
1681630460656 7.0 378000
1681630461294 7.0 378500
1681630461905 8.0 379000
1681630462385 9.0 379500
1681630463012 9.0 380000
1681630463793 0.0 380500
1681630464337 1.0 381000
1681630464850 1.0 381500
1681630465214 2.0 382000
1681630465596 2.0 382500
1681630466063 3.0 383000
1681630466970 3.0 383500
1681630467505 4.0 384000
1681630467873 4.0 384500
1681630468346 5.0 385000
1681630468825 5.0 385500
1681630469696 6.0 386000
1681630470186 7.0 386500
1681630471147 8.0 387000
1681630471616 8.0 387500
1681630472128 9.0 388000
1681630472510 9.0 388500
1681630473146 10.0 389000
1681630473552 10.0 389500
1681630473964 10.0 390000
1681630474758 0.0 390500
1681630475266 1.0 391000
1681630476269 2.0 391500
1681630476660 2.0 392000
1681630477088 3.0 392500
1681630477642 3.0 393000
1681630478349 4.0 393500
1681630478749 4.0 394000
1681630479151 5.0 394500
1681630479445 5.0 395000
1681630480037 6.0 395500
1681630480447 6.0 396000
1681630480711 6.0 396500
1681630481264 7.0 397000
1681630481755 7.0 397500
1681630482250 8.0 398000
1681630482698 8.0 398500
1681630483444 9.0 399000
1681630483745 9.0 399500
1681630484446 10.0 400000
1681630485235 0.0 400500
1681630485531 1.0 401000
1681630485983 1.0 401500
1681630486887 2.0 402000
1681630487259 2.0 402500
1681630487754 3.0 403000
1681630488138 3.0 403500
1681630488710 4.0 404000
1681630489519 5.0 404500
1681630489874 5.0 405000
1681630490514 6.0 405500
1681630491509 7.0 406000
1681630491976 7.0 406500
1681630492510 8.0 407000
1681630492929 8.0 407500
1681630493410 8.0 408000
1681630493778 9.0 408500
1681630494173 9.0 409000
1681630494616 10.0 409500
1681630494871 10.0 410000
1681630495336 0.0 410500
1681630496300 1.0 411000
1681630496950 2.0 411500
1681630497875 2.0 412000
1681630498474 3.0 412500
1681630498973 4.0 413000
1681630499337 4.0 413500
1681630499632 4.0 414000
1681630500038 5.0 414500
1681630500536 5.0 415000
1681630501155 6.0 415500
1681630501626 6.0 416000
1681630501973 7.0 416500
1681630502376 7.0 417000
1681630502993 8.0 417500
1681630503267 8.0 418000
1681630503546 8.0 418500
1681630504009 9.0 419000
1681630504365 9.0 419500
1681630504833 9.0 420000
1681630505970 1.0 420500
1681630506535 1.0 421000
1681630507443 2.0 421500
1681630507945 3.0 422000
1681630508338 3.0 422500
1681630508768 3.0 423000
1681630509173 4.0 423500
1681630509786 4.0 424000
1681630510678 5.0 424500
1681630511135 6.0 425000
1681630511623 6.0 425500
1681630512007 7.0 426000
1681630512774 7.0 426500
1681630513200 8.0 427000
1681630513581 8.0 427500
1681630514134 9.0 428000
1681630514528 9.0 428500
1681630514893 10.0 429000
1681630515442 10.0 429500
1681630515824 10.0 430000
1681630516114 0.0 430500
1681630516475 0.0 431000
1681630516767 0.0 431500
1681630517138 1.0 432000
1681630517605 1.0 432500
1681630518305 2.0 433000
1681630518625 2.0 433500
1681630519299 3.0 434000
1681630519604 3.0 434500
1681630519993 4.0 435000
1681630520209 4.0 435500
1681630520583 4.0 436000
1681630520977 5.0 436500
1681630521391 5.0 437000
1681630521972 6.0 437500
1681630522823 6.0 438000
1681630523335 7.0 438500
1681630524059 8.0 439000
1681630524502 8.0 439500
1681630524932 9.0 440000
1681630525916 0.0 440500
1681630526210 1.0 441000
1681630526790 1.0 441500
1681630527264 2.0 442000
1681630528427 3.0 442500
1681630529029 4.0 443000
1681630529722 4.0 443500
1681630530185 5.0 444000
1681630530563 5.0 444500
1681630531154 6.0 445000
1681630531486 6.0 445500
1681630531837 6.0 446000
1681630532135 7.0 446500
1681630532546 7.0 447000
1681630533277 8.0 447500
1681630533590 8.0 448000
1681630534103 9.0 448500
1681630534871 9.0 449000
1681630535162 10.0 449500
1681630536204 11.0 450000
1681630536835 0.0 450500
1681630537446 1.0 451000
1681630537784 1.0 451500
1681630538186 1.0 452000
1681630538605 2.0 452500
1681630539073 2.0 453000
1681630539402 3.0 453500
1681630539901 3.0 454000
1681630540501 4.0 454500
1681630540829 4.0 455000
1681630541251 5.0 455500
1681630541664 5.0 456000
1681630541990 5.0 456500
1681630542243 6.0 457000
1681630542763 6.0 457500
1681630543102 6.0 458000
1681630543515 7.0 458500
1681630543782 7.0 459000
1681630544334 8.0 459500
1681630544799 8.0 460000
1681630545564 0.0 460500
1681630545971 1.0 461000
1681630546939 2.0 461500
1681630547242 2.0 462000
1681630547741 2.0 462500
1681630548009 3.0 463000
1681630548503 3.0 463500
1681630548770 3.0 464000
1681630549048 4.0 464500
1681630549415 4.0 465000
1681630549857 5.0 465500
1681630550481 5.0 466000
1681630550724 5.0 466500
1681630551291 6.0 467000
1681630551897 7.0 467500
1681630552337 7.0 468000
1681630552805 7.0 468500
1681630553429 8.0 469000
1681630554269 9.0 469500
1681630554705 9.0 470000
1681630555236 0.0 470500
1681630555741 1.0 471000
1681630556098 1.0 471500
1681630556732 2.0 472000
1681630557121 2.0 472500
1681630557556 2.0 473000
1681630558328 3.0 473500
1681630558935 4.0 474000
1681630559510 4.0 474500
1681630559783 5.0 475000
1681630560550 5.0 475500
1681630560968 6.0 476000
1681630561480 6.0 476500
1681630561924 7.0 477000
1681630562463 7.0 477500
1681630562867 8.0 478000
1681630563286 8.0 478500
1681630563715 9.0 479000
1681630564544 9.0 479500
1681630564846 10.0 480000
1681630565448 0.0 480500
1681630565813 0.0 481000
1681630566077 1.0 481500
1681630566337 1.0 482000
1681630566653 1.0 482500
1681630567083 2.0 483000
1681630567453 2.0 483500
1681630567882 3.0 484000
1681630568147 3.0 484500
1681630568664 3.0 485000
1681630569076 4.0 485500
1681630569415 4.0 486000
1681630569669 4.0 486500
1681630569993 5.0 487000
1681630570590 5.0 487500
1681630571137 6.0 488000
1681630571428 6.0 488500
1681630571721 6.0 489000
1681630572025 7.0 489500
1681630572335 7.0 490000
1681630572728 0.0 490500
1681630573158 0.0 491000
1681630573386 1.0 491500
1681630573594 1.0 492000
1681630574356 2.0 492500
1681630574832 2.0 493000
1681630575112 2.0 493500
1681630575410 3.0 494000
1681630575707 3.0 494500
1681630576294 3.0 495000
1681630576557 4.0 495500
1681630576989 4.0 496000
1681630577455 5.0 496500
1681630577765 5.0 497000
1681630578002 5.0 497500
1681630578531 6.0 498000
1681630578834 6.0 498500
1681630579178 6.0 499000
1681630579537 7.0 499500
1681630579845 7.0 500000
1681630580203 0.0 500500
1681630580775 0.0 501000
1681630581028 1.0 501500
1681630581320 1.0 502000
1681630581706 1.0 502500
1681630581952 2.0 503000
1681630582211 2.0 503500
1681630582670 2.0 504000
1681630583284 3.0 504500
1681630583598 3.0 505000
1681630584006 4.0 505500
1681630584369 4.0 506000
1681630584869 5.0 506500
1681630585325 5.0 507000
1681630585942 6.0 507500
1681630586361 6.0 508000
1681630587003 7.0 508500
1681630587335 7.0 509000
1681630587583 7.0 509500
1681630587887 8.0 510000
1681630588186 0.0 510500
1681630588641 0.0 511000
1681630589273 1.0 511500
1681630589661 1.0 512000
1681630589905 2.0 512500
1681630590149 2.0 513000
1681630590448 2.0 513500
1681630590733 2.0 514000
1681630591127 3.0 514500
1681630591358 3.0 515000
1681630591674 3.0 515500
1681630592066 4.0 516000
1681630592603 4.0 516500
1681630592868 4.0 517000
1681630593434 5.0 517500
1681630593993 6.0 518000
1681630594821 6.0 518500
1681630595323 7.0 519000
1681630595765 7.0 519500
1681630596282 8.0 520000
1681630596653 0.0 520500
1681630597058 0.0 521000
1681630597600 1.0 521500
1681630597949 1.0 522000
1681630598539 2.0 522500
1681630598836 2.0 523000
1681630599296 3.0 523500
1681630599819 3.0 524000
1681630600152 3.0 524500
1681630600902 4.0 525000
1681630601628 5.0 525500
1681630601990 5.0 526000
1681630602322 6.0 526500
1681630602859 6.0 527000
1681630603086 6.0 527500
1681630603531 7.0 528000
1681630603818 7.0 528500
1681630604111 7.0 529000
1681630604469 8.0 529500
1681630605125 8.0 530000
1681630605462 0.0 530500
1681630606052 0.0 531000
1681630606388 1.0 531500
1681630606714 1.0 532000
1681630607031 1.0 532500
1681630607305 2.0 533000
1681630607689 2.0 533500
1681630608060 2.0 534000
1681630608724 3.0 534500
1681630609138 4.0 535000
1681630609492 4.0 535500
1681630610353 5.0 536000
1681630610818 5.0 536500
1681630611066 5.0 537000
1681630611377 6.0 537500
1681630611797 6.0 538000
1681630612224 7.0 538500
1681630612679 7.0 539000
1681630613102 7.0 539500
1681630613553 8.0 540000
1681630613774 0.0 540500
1681630614273 0.0 541000
1681630614765 1.0 541500
1681630615385 1.0 542000
1681630616026 2.0 542500
1681630616701 3.0 543000
1681630617277 3.0 543500
1681630617705 4.0 544000
1681630617964 4.0 544500
1681630618431 4.0 545000
1681630618809 5.0 545500
1681630619118 5.0 546000
1681630619750 6.0 546500
1681630620160 6.0 547000
1681630620665 7.0 547500
1681630621058 7.0 548000
1681630621524 7.0 548500
1681630621946 8.0 549000
1681630622337 8.0 549500
1681630623205 9.0 550000
1681630623487 0.0 550500
1681630624165 0.0 551000
1681630624650 1.0 551500
1681630624980 1.0 552000
1681630625595 2.0 552500
1681630626254 3.0 553000
1681630626476 3.0 553500
1681630626793 3.0 554000
1681630627043 3.0 554500
1681630627789 4.0 555000
1681630628527 5.0 555500
1681630629025 5.0 556000
1681630629297 6.0 556500
1681630629548 6.0 557000
1681630630120 6.0 557500
1681630630398 7.0 558000
1681630630785 7.0 558500
1681630631398 8.0 559000
1681630631972 8.0 559500
1681630632221 9.0 560000
1681630632481 0.0 560500
1681630632748 0.0 561000
1681630633181 0.0 561500
1681630633928 1.0 562000
1681630634289 2.0 562500
1681630634978 2.0 563000
1681630635418 3.0 563500
1681630636064 3.0 564000
1681630636540 4.0 564500
1681630637482 5.0 565000
1681630637891 5.0 565500
1681630638448 6.0 566000
1681630638809 6.0 566500
1681630639383 7.0 567000
1681630639745 7.0 567500
1681630640459 8.0 568000
1681630640890 8.0 568500
1681630641331 9.0 569000
1681630641749 9.0 569500
1681630642196 9.0 570000
1681630642746 0.0 570500
1681630643269 1.0 571000
1681630643952 1.0 571500
1681630644587 2.0 572000
1681630645084 2.0 572500
1681630645556 3.0 573000
1681630646008 3.0 573500
1681630646630 4.0 574000
1681630647003 4.0 574500
1681630647341 5.0 575000
1681630647831 5.0 575500
1681630648312 6.0 576000
1681630648947 6.0 576500
1681630649364 7.0 577000
1681630649863 7.0 577500
1681630650223 8.0 578000
1681630650730 8.0 578500
1681630651193 8.0 579000
1681630651977 9.0 579500
1681630652359 10.0 580000
1681630652759 0.0 580500
1681630653314 0.0 581000
1681630653949 1.0 581500
1681630654670 2.0 582000
1681630654968 2.0 582500
1681630655335 2.0 583000
1681630655598 3.0 583500
1681630656284 3.0 584000
1681630656826 4.0 584500
1681630657122 4.0 585000
1681630657671 5.0 585500
1681630658072 5.0 586000
1681630658524 6.0 586500
1681630658896 6.0 587000
1681630659454 7.0 587500
1681630659930 7.0 588000
1681630660551 8.0 588500
1681630661036 8.0 589000
1681630661456 9.0 589500
1681630661928 9.0 590000
1681630662367 0.0 590500
1681630662896 0.0 591000
1681630663384 1.0 591500
1681630663755 1.0 592000
1681630664418 2.0 592500
1681630664885 2.0 593000
1681630665903 3.0 593500
1681630666157 4.0 594000
1681630666561 4.0 594500
1681630667153 5.0 595000
1681630667580 5.0 595500
1681630667884 5.0 596000
1681630668391 6.0 596500
1681630668846 6.0 597000
1681630669665 7.0 597500
1681630670106 8.0 598000
1681630670518 8.0 598500
1681630670826 8.0 599000
1681630671414 9.0 599500
1681630672028 10.0 600000
1681630672695 0.0 600500
1681630673368 1.0 601000
1681630673746 1.0 601500
1681630674038 2.0 602000
1681630674723 2.0 602500
1681630675204 3.0 603000
1681630675961 3.0 603500
1681630676558 4.0 604000
1681630677231 5.0 604500
1681630677737 5.0 605000
1681630678222 6.0 605500
1681630678614 6.0 606000
1681630679258 7.0 606500
1681630679727 7.0 607000
1681630680145 8.0 607500
1681630680426 8.0 608000
1681630680670 8.0 608500
1681630681010 8.0 609000
1681630681260 9.0 609500
1681630681596 9.0 610000
1681630681994 0.0 610500
1681630682345 0.0 611000
1681630682624 1.0 611500
1681630682917 1.0 612000
1681630683206 1.0 612500
1681630683481 1.0 613000
1681630683724 2.0 613500
1681630684092 2.0 614000
1681630684404 2.0 614500
1681630684669 3.0 615000
1681630685303 3.0 615500
1681630685534 3.0 616000
1681630685785 4.0 616500
1681630686070 4.0 617000
1681630686447 4.0 617500
1681630686738 5.0 618000
1681630687037 5.0 618500
1681630687342 5.0 619000
1681630687603 5.0 619500
1681630687828 6.0 620000
1681630688099 0.0 620500
1681630688315 0.0 621000
1681630688557 0.0 621500
1681630688914 1.0 622000
1681630689167 1.0 622500
1681630689552 1.0 623000
1681630689866 2.0 623500
1681630690134 2.0 624000
1681630690377 2.0 624500
1681630690662 2.0 625000
1681630691038 3.0 625500
1681630691393 3.0 626000
1681630691648 3.0 626500
1681630691950 4.0 627000
1681630692251 4.0 627500
1681630692589 4.0 628000
1681630692917 5.0 628500
1681630693261 5.0 629000
1681630693510 5.0 629500
1681630693885 6.0 630000
1681630694381 0.0 630500
1681630694641 0.0 631000
1681630694964 1.0 631500
1681630695253 1.0 632000
1681630695561 1.0 632500
1681630695918 2.0 633000
1681630696673 2.0 633500
1681630696907 3.0 634000
1681630697151 3.0 634500
1681630697593 3.0 635000
1681630698590 4.0 635500
1681630698850 4.0 636000
1681630699428 5.0 636500
1681630699678 5.0 637000
1681630700029 6.0 637500
1681630700397 6.0 638000
1681630700648 6.0 638500
1681630700967 7.0 639000
1681630701584 7.0 639500
1681630701814 7.0 640000
1681630702151 0.0 640500
1681630702569 0.0 641000
1681630702998 1.0 641500
1681630703335 1.0 642000
1681630703635 1.0 642500
1681630704074 2.0 643000
1681630704643 2.0 643500
1681630705341 3.0 644000
1681630705734 3.0 644500
1681630706506 4.0 645000
1681630706816 4.0 645500
1681630707151 5.0 646000
1681630707773 5.0 646500
1681630708257 6.0 647000
1681630708751 6.0 647500
1681630709297 7.0 648000
1681630709720 7.0 648500
1681630709984 8.0 649000
1681630710499 8.0 649500
1681630710979 9.0 650000
1681630711323 0.0 650500
1681630711648 0.0 651000
1681630711936 0.0 651500
1681630712353 1.0 652000
1681630712765 1.0 652500
1681630713198 2.0 653000
1681630713859 2.0 653500
1681630714225 3.0 654000
1681630714640 3.0 654500
1681630715069 4.0 655000
1681630715512 4.0 655500
1681630716123 5.0 656000
1681630716406 5.0 656500
1681630716932 5.0 657000
1681630717806 6.0 657500
1681630718200 7.0 658000
1681630718712 7.0 658500
1681630719147 8.0 659000
1681630719477 8.0 659500
1681630720281 9.0 660000
1681630720850 0.0 660500
1681630721211 0.0 661000
1681630721950 1.0 661500
1681630722321 2.0 662000
1681630722946 2.0 662500
1681630723274 2.0 663000
1681630723590 3.0 663500
1681630724002 3.0 664000
1681630724628 4.0 664500
1681630724855 4.0 665000
1681630725129 4.0 665500
1681630725387 5.0 666000
1681630725927 5.0 666500
1681630726192 5.0 667000
1681630726461 6.0 667500
1681630726789 6.0 668000
1681630727097 6.0 668500
1681630727463 7.0 669000
1681630727873 7.0 669500
1681630728116 7.0 670000
1681630728357 0.0 670500
1681630728704 0.0 671000
1681630729032 0.0 671500
1681630729366 1.0 672000
1681630729568 1.0 672500
1681630729800 1.0 673000
1681630730081 1.0 673500
1681630730574 2.0 674000
1681630730790 2.0 674500
1681630731045 2.0 675000
1681630731320 3.0 675500
1681630731627 3.0 676000
1681630731880 3.0 676500
1681630732231 4.0 677000
1681630732502 4.0 677500
1681630732774 4.0 678000
1681630733058 4.0 678500
1681630733328 5.0 679000
1681630733651 5.0 679500
1681630733939 5.0 680000
1681630734225 0.0 680500
1681630734536 0.0 681000
1681630734907 0.0 681500
1681630735751 1.0 682000
1681630736104 2.0 682500
1681630736473 2.0 683000
1681630736891 2.0 683500
1681630737409 3.0 684000
1681630737639 3.0 684500
1681630737920 3.0 685000
1681630738661 4.0 685500
1681630739459 5.0 686000
1681630739680 5.0 686500
1681630739982 6.0 687000
1681630740194 6.0 687500
1681630740530 6.0 688000
1681630740726 6.0 688500
1681630740933 6.0 689000
1681630741396 7.0 689500
1681630741669 7.0 690000
1681630742201 0.0 690500
1681630742578 0.0 691000
1681630743150 1.0 691500
1681630743546 1.0 692000
1681630743817 2.0 692500
1681630744382 2.0 693000
1681630744945 3.0 693500
1681630745196 3.0 694000
1681630745552 3.0 694500
1681630746430 4.0 695000
1681630746752 5.0 695500
1681630747165 5.0 696000
1681630747624 5.0 696500
1681630748026 6.0 697000
1681630748304 6.0 697500
1681630748599 6.0 698000
1681630749015 7.0 698500
1681630749412 7.0 699000
1681630750145 8.0 699500
1681630750524 8.0 700000
1681630751107 0.0 700500
1681630751379 0.0 701000
1681630751770 1.0 701500
1681630752326 1.0 702000
1681630752645 2.0 702500
1681630753238 2.0 703000
1681630753797 3.0 703500
1681630754063 3.0 704000
1681630754560 4.0 704500
1681630755014 4.0 705000
1681630755834 5.0 705500
1681630756210 5.0 706000
1681630757111 6.0 706500
1681630757431 6.0 707000
1681630758105 7.0 707500
1681630758512 7.0 708000
1681630759078 8.0 708500
1681630759551 9.0 709000
1681630759861 9.0 709500
1681630760306 9.0 710000
1681630760873 0.0 710500
1681630761296 0.0 711000
1681630761822 1.0 711500
1681630762242 1.0 712000
1681630762637 2.0 712500
1681630763064 2.0 713000
1681630763334 3.0 713500
1681630763690 3.0 714000
1681630764055 3.0 714500
1681630764380 4.0 715000
1681630764907 4.0 715500
1681630765475 5.0 716000
1681630765756 5.0 716500
1681630766158 5.0 717000
1681630766798 6.0 717500
1681630767307 6.0 718000
1681630767661 7.0 718500
1681630768189 7.0 719000
1681630768834 8.0 719500
1681630769278 8.0 720000
1681630769933 0.0 720500
1681630770230 0.0 721000
1681630770553 1.0 721500
1681630770986 1.0 722000
1681630771408 2.0 722500
1681630771882 2.0 723000
1681630772225 2.0 723500
1681630772619 3.0 724000
1681630773098 3.0 724500
1681630773403 4.0 725000
1681630773909 4.0 725500
1681630774309 5.0 726000
1681630775054 5.0 726500
1681630775468 6.0 727000
1681630775881 6.0 727500
1681630776417 7.0 728000
1681630776740 7.0 728500
1681630777211 7.0 729000
1681630777492 8.0 729500
1681630778008 8.0 730000
1681630778399 0.0 730500
1681630779124 1.0 731000
1681630779675 1.0 731500
1681630780526 2.0 732000
1681630781039 3.0 732500
1681630781369 3.0 733000
1681630781963 3.0 733500
1681630782340 4.0 734000
1681630782716 4.0 734500
1681630783198 5.0 735000
1681630783555 5.0 735500
1681630784432 6.0 736000
1681630784902 6.0 736500
1681630785468 7.0 737000
1681630785709 7.0 737500
1681630786127 8.0 738000
1681630786425 8.0 738500
1681630786798 8.0 739000
1681630787808 9.0 739500
1681630788089 10.0 740000
1681630788435 0.0 740500
1681630788662 0.0 741000
1681630789041 0.0 741500
1681630789387 1.0 742000
1681630790006 1.0 742500
1681630790299 2.0 743000
1681630790605 2.0 743500
1681630790892 2.0 744000
1681630791281 3.0 744500
1681630791809 3.0 745000
1681630792183 4.0 745500
1681630792610 4.0 746000
1681630792963 4.0 746500
1681630793240 5.0 747000
1681630793992 5.0 747500
1681630794540 6.0 748000
1681630794787 6.0 748500
1681630795068 6.0 749000
1681630795631 7.0 749500
1681630796118 8.0 750000
1681630796471 0.0 750500
1681630796867 0.0 751000
1681630797211 1.0 751500
1681630797793 1.0 752000
1681630798295 2.0 752500
1681630798813 2.0 753000
1681630799160 3.0 753500
1681630799521 3.0 754000
1681630799978 3.0 754500
1681630800342 4.0 755000
1681630800624 4.0 755500
1681630800908 4.0 756000
1681630801272 5.0 756500
1681630801572 5.0 757000
1681630801987 5.0 757500
1681630802223 6.0 758000
1681630802749 6.0 758500
1681630803194 7.0 759000
1681630803885 7.0 759500
1681630804267 8.0 760000
1681630805116 0.0 760500
1681630805439 1.0 761000
1681630805847 1.0 761500
1681630806454 2.0 762000
1681630807192 2.0 762500
1681630807793 3.0 763000
1681630808331 4.0 763500
1681630808632 4.0 764000
1681630808985 4.0 764500
1681630809817 5.0 765000
1681630810178 5.0 765500
1681630810711 6.0 766000
1681630811063 6.0 766500
1681630811411 7.0 767000
1681630811911 7.0 767500
1681630812318 8.0 768000
1681630812839 8.0 768500
1681630813206 8.0 769000
1681630813716 9.0 769500
1681630814177 9.0 770000
1681630814948 0.0 770500
1681630815451 1.0 771000
1681630815972 1.0 771500
1681630816443 2.0 772000
1681630816967 2.0 772500
1681630817302 3.0 773000
1681630817616 3.0 773500
1681630817960 3.0 774000
1681630818331 4.0 774500
1681630818649 4.0 775000
1681630818945 4.0 775500
1681630819268 5.0 776000
1681630819515 5.0 776500
1681630819954 5.0 777000
1681630820316 6.0 777500
1681630820792 6.0 778000
1681630821267 7.0 778500
1681630821494 7.0 779000
1681630822023 7.0 779500
1681630822426 8.0 780000
1681630822684 0.0 780500
1681630823345 0.0 781000
1681630823763 1.0 781500
1681630824011 1.0 782000
1681630824318 1.0 782500
1681630824755 2.0 783000
1681630825034 2.0 783500
1681630825328 2.0 784000
1681630825597 3.0 784500
1681630825908 3.0 785000
1681630826230 3.0 785500
1681630826732 4.0 786000
1681630826991 4.0 786500
1681630827562 5.0 787000
1681630828015 5.0 787500
1681630828280 5.0 788000
1681630828567 6.0 788500
1681630828888 6.0 789000
1681630829178 6.0 789500
1681630829410 6.0 790000
1681630829646 0.0 790500
1681630829912 0.0 791000
1681630830156 0.0 791500
1681630830430 1.0 792000
1681630830687 1.0 792500
1681630830977 1.0 793000
1681630831398 1.0 793500
1681630831726 2.0 794000
1681630832091 2.0 794500
1681630832383 2.0 795000
1681630832795 3.0 795500
1681630833137 3.0 796000
1681630833884 4.0 796500
1681630834496 5.0 797000
1681630834758 5.0 797500
1681630835145 5.0 798000
1681630835472 6.0 798500
1681630835717 6.0 799000
1681630836129 6.0 799500
1681630836529 7.0 800000
1681630836850 0.0 800500
1681630837293 0.0 801000
1681630837950 1.0 801500
1681630838282 1.0 802000
1681630838760 2.0 802500
1681630839174 2.0 803000
1681630839869 3.0 803500
1681630840383 3.0 804000
1681630840904 4.0 804500
1681630841340 4.0 805000
1681630841919 5.0 805500
1681630842351 5.0 806000
1681630843028 6.0 806500
1681630843547 7.0 807000
1681630843870 7.0 807500
1681630844311 7.0 808000
1681630844574 8.0 808500
1681630845140 8.0 809000
1681630845686 9.0 809500
1681630846161 9.0 810000
1681630846567 0.0 810500
1681630846822 0.0 811000
1681630847065 0.0 811500
1681630847307 1.0 812000
1681630847975 1.0 812500
1681630848317 2.0 813000
1681630848701 2.0 813500
1681630849273 3.0 814000
1681630849812 3.0 814500
1681630850655 4.0 815000
1681630851076 4.0 815500
1681630851552 5.0 816000
1681630851918 5.0 816500
1681630852382 6.0 817000
1681630852786 6.0 817500
1681630853292 7.0 818000
1681630853767 7.0 818500
1681630854381 8.0 819000
1681630855030 8.0 819500
1681630855823 9.0 820000
1681630856095 0.0 820500
1681630856691 0.0 821000
1681630857058 1.0 821500
1681630857500 1.0 822000
1681630857805 1.0 822500
1681630858246 2.0 823000
1681630858587 2.0 823500
1681630859495 3.0 824000
1681630859916 4.0 824500
1681630860398 4.0 825000
1681630861148 5.0 825500
1681630861471 5.0 826000
1681630861799 5.0 826500
1681630862168 6.0 827000
1681630862749 6.0 827500
1681630863151 7.0 828000
1681630863606 7.0 828500
1681630864144 8.0 829000
1681630864765 8.0 829500
1681630865249 9.0 830000
1681630865963 0.0 830500
1681630866205 0.0 831000
1681630866639 1.0 831500
1681630867074 1.0 832000
1681630867480 2.0 832500
1681630868172 2.0 833000
1681630868543 3.0 833500
1681630868766 3.0 834000
1681630869018 3.0 834500
1681630869219 3.0 835000
1681630869555 4.0 835500
1681630869764 4.0 836000
1681630869981 4.0 836500
1681630870361 5.0 837000
1681630870705 5.0 837500
1681630871315 6.0 838000
1681630871533 6.0 838500
1681630871740 6.0 839000
1681630872038 6.0 839500
1681630872526 7.0 840000
1681630872792 0.0 840500
1681630873383 0.0 841000
1681630873978 1.0 841500
1681630874389 1.0 842000
1681630874698 2.0 842500
1681630875388 2.0 843000
1681630875749 3.0 843500
1681630876007 3.0 844000
1681630876411 3.0 844500
1681630876775 4.0 845000
1681630877551 5.0 845500
1681630877928 5.0 846000
1681630878660 6.0 846500
1681630878954 6.0 847000
1681630879202 6.0 847500
1681630879631 7.0 848000
1681630880028 7.0 848500
1681630880292 7.0 849000
1681630880533 7.0 849500
1681630880800 8.0 850000
1681630881154 0.0 850500
1681630881461 0.0 851000
1681630881913 1.0 851500
1681630882180 1.0 852000
1681630882764 1.0 852500
1681630883230 2.0 853000
1681630883558 2.0 853500
1681630883807 2.0 854000
1681630884364 3.0 854500
1681630885042 4.0 855000
1681630885310 4.0 855500
1681630885720 4.0 856000
1681630886067 5.0 856500
1681630886910 6.0 857000
1681630887421 6.0 857500
1681630887622 6.0 858000
1681630888031 7.0 858500
1681630888311 7.0 859000
1681630888712 7.0 859500
1681630889132 8.0 860000
1681630889415 0.0 860500
1681630889920 0.0 861000
1681630890351 1.0 861500
1681630890929 1.0 862000
1681630891315 2.0 862500
1681630892045 2.0 863000
1681630892369 3.0 863500
1681630892666 3.0 864000
1681630893517 4.0 864500
1681630893908 4.0 865000
1681630894453 5.0 865500
1681630894867 5.0 866000
1681630895302 6.0 866500
1681630895584 6.0 867000
1681630896082 6.0 867500
1681630896441 7.0 868000
1681630897167 8.0 868500
1681630897443 8.0 869000
1681630897952 8.0 869500
1681630898323 9.0 870000
1681630898874 0.0 870500
1681630899520 1.0 871000
1681630900009 1.0 871500
1681630900640 2.0 872000
1681630901070 2.0 872500
1681630901347 3.0 873000
1681630901713 3.0 873500
1681630902020 3.0 874000
1681630902301 3.0 874500
1681630902842 4.0 875000
1681630903269 4.0 875500
1681630903952 5.0 876000
1681630904478 6.0 876500
1681630904758 6.0 877000
1681630905245 6.0 877500
1681630905502 7.0 878000
1681630905714 7.0 878500
1681630906264 7.0 879000
1681630906672 8.0 879500
1681630907475 9.0 880000
1681630907885 0.0 880500
1681630908271 0.0 881000
1681630908550 1.0 881500
1681630908969 1.0 882000
1681630909197 1.0 882500
1681630909438 1.0 883000
1681630909771 2.0 883500
1681630910805 3.0 884000
1681630911139 3.0 884500
1681630911392 3.0 885000
1681630911945 4.0 885500
1681630912290 4.0 886000
1681630912542 5.0 886500
1681630912887 5.0 887000
1681630913243 5.0 887500
1681630913490 6.0 888000
1681630913725 6.0 888500
1681630913934 6.0 889000
1681630914266 6.0 889500
1681630914612 7.0 890000
1681630914804 0.0 890500
1681630915268 0.0 891000
1681630915607 0.0 891500
1681630915816 1.0 892000
1681630916055 1.0 892500
1681630916368 1.0 893000
1681630916821 2.0 893500
1681630917160 2.0 894000
1681630917729 3.0 894500
1681630918137 3.0 895000
1681630918865 4.0 895500
1681630919425 4.0 896000
1681630919832 5.0 896500
1681630920218 5.0 897000
1681630920697 6.0 897500
1681630921154 6.0 898000
1681630921474 6.0 898500
1681630921728 7.0 899000
1681630922146 7.0 899500
1681630922446 7.0 900000
1681630923029 0.0 900500
1681630923382 0.0 901000
1681630924096 1.0 901500
1681630924369 1.0 902000
1681630924603 2.0 902500
1681630925095 2.0 903000
1681630925443 2.0 903500
1681630925996 3.0 904000
1681630926342 3.0 904500
1681630926986 4.0 905000
1681630927376 4.0 905500
1681630928176 5.0 906000
1681630928579 6.0 906500
1681630929015 6.0 907000
1681630929367 6.0 907500
1681630929826 7.0 908000
1681630930363 7.0 908500
1681630930836 8.0 909000
1681630931328 8.0 909500
1681630931641 9.0 910000
1681630932206 0.0 910500
1681630932543 0.0 911000
1681630933011 1.0 911500
1681630933368 1.0 912000
1681630934049 2.0 912500
1681630934475 2.0 913000
1681630935061 3.0 913500
1681630935425 3.0 914000
1681630936028 4.0 914500
1681630936384 4.0 915000
1681630936673 5.0 915500
1681630937044 5.0 916000
1681630937484 5.0 916500
1681630937751 6.0 917000
1681630938103 6.0 917500
1681630938454 6.0 918000
1681630938814 7.0 918500
1681630939181 7.0 919000
1681630939493 7.0 919500
1681630939813 8.0 920000
1681630940080 0.0 920500
1681630940454 0.0 921000
1681630940867 1.0 921500
1681630941154 1.0 922000
1681630941781 1.0 922500
1681630942181 2.0 923000
1681630942393 2.0 923500
1681630942675 2.0 924000
1681630943000 3.0 924500
1681630943433 3.0 925000
1681630943693 3.0 925500
1681630943992 4.0 926000
1681630944271 4.0 926500
1681630944497 4.0 927000
1681630944830 5.0 927500
1681630945131 5.0 928000
1681630945416 5.0 928500
1681630945777 5.0 929000
1681630946048 6.0 929500
1681630946407 6.0 930000
1681630947105 0.0 930500
1681630947404 0.0 931000
1681630947756 1.0 931500
1681630948093 1.0 932000
1681630948362 1.0 932500
1681630948625 2.0 933000
1681630948862 2.0 933500
1681630949090 2.0 934000
1681630949358 2.0 934500
1681630949645 3.0 935000
1681630949926 3.0 935500
1681630950144 3.0 936000
1681630950419 4.0 936500
1681630950668 4.0 937000
1681630950947 4.0 937500
1681630951241 4.0 938000
1681630951548 5.0 938500
1681630951868 5.0 939000
1681630952095 5.0 939500
1681630952337 5.0 940000
1681630952573 0.0 940500
1681630952929 0.0 941000
1681630953235 0.0 941500
1681630953573 1.0 942000
1681630954201 1.0 942500
1681630954622 2.0 943000
1681630954911 2.0 943500
1681630955492 3.0 944000
1681630956185 3.0 944500
1681630956562 4.0 945000
1681630957058 4.0 945500
1681630957400 5.0 946000
1681630957995 5.0 946500
1681630958469 6.0 947000
1681630959039 6.0 947500
1681630959549 7.0 948000
1681630959783 7.0 948500
1681630960418 8.0 949000
1681630960970 8.0 949500
1681630961203 8.0 950000
1681630961885 0.0 950500
1681630962429 1.0 951000
1681630962811 1.0 951500
1681630963156 1.0 952000
1681630963538 2.0 952500
1681630963890 2.0 953000
1681630964214 3.0 953500
1681630964502 3.0 954000
1681630964812 3.0 954500
1681630965065 3.0 955000
1681630965370 4.0 955500
1681630965624 4.0 956000
1681630965906 4.0 956500
1681630966310 5.0 957000
1681630966566 5.0 957500
1681630966796 5.0 958000
1681630967031 5.0 958500
1681630967363 6.0 959000
1681630967876 6.0 959500
1681630968189 6.0 960000
1681630968510 0.0 960500
1681630968874 0.0 961000
1681630969157 0.0 961500
1681630969373 1.0 962000
1681630969634 1.0 962500
1681630969965 1.0 963000
1681630970400 2.0 963500
1681630970695 2.0 964000
1681630971038 2.0 964500
1681630971264 3.0 965000
1681630971593 3.0 965500
1681630971928 3.0 966000
1681630972259 4.0 966500
1681630972684 4.0 967000
1681630973106 4.0 967500
1681630973507 5.0 968000
1681630973716 5.0 968500
1681630973929 5.0 969000
1681630974550 6.0 969500
1681630975137 6.0 970000
1681630975357 0.0 970500
1681630975561 0.0 971000
1681630975787 0.0 971500
1681630976040 0.0 972000
1681630976428 1.0 972500
1681630976778 1.0 973000
1681630977136 1.0 973500
1681630977876 2.0 974000
1681630978573 3.0 974500
1681630978833 3.0 975000
1681630979243 4.0 975500
1681630979636 4.0 976000
1681630979869 4.0 976500
1681630980148 5.0 977000
1681630980445 5.0 977500
1681630980787 5.0 978000
1681630981485 6.0 978500
1681630981888 6.0 979000
1681630982283 7.0 979500
1681630982534 7.0 980000
1681630982967 0.0 980500
1681630983276 0.0 981000
1681630983531 0.0 981500
1681630983906 1.0 982000
1681630984163 1.0 982500
1681630984429 1.0 983000
1681630984871 2.0 983500
1681630985252 2.0 984000
1681630985757 3.0 984500
1681630986230 3.0 985000
1681630986535 3.0 985500
1681630986898 4.0 986000
1681630987155 4.0 986500
1681630987594 5.0 987000
1681630987971 5.0 987500
1681630988331 5.0 988000
1681630988698 6.0 988500
1681630988964 6.0 989000
1681630989327 6.0 989500
1681630989600 7.0 990000
1681630989851 0.0 990500
1681630990181 0.0 991000
1681630990603 0.0 991500
1681630990881 1.0 992000
1681630991082 1.0 992500
1681630991373 1.0 993000
1681630991794 2.0 993500
1681630992013 2.0 994000
1681630992258 2.0 994500
1681630992498 2.0 995000
1681630992792 3.0 995500
1681630993139 3.0 996000
1681630993339 3.0 996500
1681630993597 3.0 997000
1681630993803 4.0 997500
1681630994060 4.0 998000
1681630994256 4.0 998500
1681630994627 5.0 999000
1681630994858 5.0 999500
1681630995133 5.0 1000000
