1681630125504 500.0 500
1681630125710 1000.0 1000
1681630125936 1500.0 1500
1681630126151 2000.0 2000
1681630126422 2500.0 2500
1681630126690 3000.0 3000
1681630126916 3500.0 3500
1681630127165 4000.0 4000
1681630127403 4500.0 4500
1681630127819 5000.0 5000
1681630128624 5500.0 5500
1681630128891 6000.0 6000
1681630129158 6500.0 6500
1681630129371 7000.0 7000
1681630129679 7500.0 7500
1681630129909 8000.0 8000
1681630130258 8500.0 8500
1681630130608 9000.0 9000
1681630130837 9500.0 9500
1681630131069 10000.0 10000
1681630131343 10500.0 10500
1681630131620 11000.0 11000
1681630132146 11500.0 11500
1681630132414 12000.0 12000
1681630132670 12500.0 12500
1681630132885 13000.0 13000
1681630133214 13500.0 13500
1681630133492 14000.0 14000
1681630133767 14500.0 14500
1681630134020 15000.0 15000
1681630134279 15500.0 15500
1681630134533 16000.0 16000
1681630134787 16500.0 16500
1681630135083 17000.0 17000
1681630135331 17500.0 17500
1681630135654 18000.0 18000
1681630135949 18500.0 18500
1681630136171 19000.0 19000
1681630136389 19500.0 19500
1681630136698 20000.0 20000
1681630136959 20500.0 20500
1681630137247 21000.0 21000
1681630137513 21500.0 21500
1681630137781 22000.0 22000
1681630138043 22500.0 22500
1681630138314 23000.0 23000
1681630138654 23500.0 23500
1681630138942 24000.0 24000
1681630139205 24500.0 24500
1681630139441 25000.0 25000
1681630139661 25500.0 25500
1681630139963 26000.0 26000
1681630140231 26500.0 26500
1681630140562 27000.0 27000
1681630140798 27500.0 27500
1681630141048 28000.0 28000
1681630141307 28500.0 28500
1681630141624 29000.0 29000
1681630142040 29500.0 29500
1681630142242 30000.0 30000
1681630142486 30500.0 30500
1681630142904 31000.0 31000
1681630143300 31500.0 31500
1681630143591 32000.0 32000
1681630143859 32500.0 32500
1681630144134 33000.0 33000
1681630144487 33500.0 33500
1681630144910 34000.0 34000
1681630145188 34500.0 34500
1681630145417 35000.0 35000
1681630145677 35500.0 35500
1681630146010 36000.0 36000
1681630146418 36500.0 36500
1681630146892 37000.0 37000
1681630147198 37500.0 37500
1681630147572 38000.0 38000
1681630147998 38500.0 38500
1681630148377 39000.0 39000
1681630148875 39500.0 39500
1681630149193 40000.0 40000
1681630149658 40500.0 40500
1681630149946 41000.0 41000
1681630150265 41500.0 41500
1681630150581 42000.0 42000
1681630150979 42500.0 42500
1681630151272 43000.0 43000
1681630151578 43500.0 43500
1681630151879 44000.0 44000
1681630152249 44500.0 44500
1681630152618 45000.0 45000
1681630152954 45500.0 45500
1681630153249 46000.0 46000
1681630153585 46500.0 46500
1681630153851 47000.0 47000
1681630154095 47500.0 47500
1681630154329 48000.0 48000
1681630154618 48500.0 48500
1681630154930 49000.0 49000
1681630155152 49500.0 49500
1681630155378 50000.0 50000
1681630155631 50500.0 50500
1681630155874 51000.0 51000
1681630156113 51500.0 51500
1681630156392 52000.0 52000
1681630156701 52500.0 52500
1681630156941 53000.0 53000
1681630157152 53500.0 53500
1681630157408 54000.0 54000
1681630157623 54500.0 54500
1681630157872 55000.0 55000
1681630158100 55500.0 55500
1681630158369 56000.0 56000
1681630158610 56500.0 56500
1681630158946 57000.0 57000
1681630159177 57500.0 57500
1681630159431 58000.0 58000
1681630159667 58500.0 58500
1681630159980 59000.0 59000
1681630160220 59500.0 59500
1681630160437 60000.0 60000
1681630160682 60500.0 60500
1681630160908 61000.0 61000
1681630161168 61500.0 61500
1681630161417 62000.0 62000
1681630161872 62500.0 62500
1681630162093 63000.0 63000
1681630162339 63500.0 63500
1681630162653 64000.0 64000
1681630162891 64500.0 64500
1681630163099 65000.0 65000
1681630163318 65500.0 65500
1681630163516 66000.0 66000
1681630163744 66500.0 66500
1681630163949 67000.0 67000
1681630164152 67500.0 67500
1681630164344 68000.0 68000
1681630164541 68500.0 68500
1681630164744 69000.0 69000
1681630164970 69500.0 69500
1681630165165 70000.0 70000
1681630165357 70500.0 70500
1681630165547 71000.0 71000
1681630165735 71500.0 71500
1681630165925 72000.0 72000
1681630166119 72500.0 72500
1681630166328 73000.0 73000
1681630166553 73500.0 73500
1681630166748 74000.0 74000
1681630166969 74500.0 74500
1681630167212 75000.0 75000
1681630167415 75500.0 75500
1681630167611 76000.0 76000
1681630167881 76500.0 76500
1681630168135 77000.0 77000
1681630168422 77500.0 77500
1681630168634 78000.0 78000
1681630168830 78500.0 78500
1681630169057 79000.0 79000
1681630169387 79500.0 79500
1681630169766 80000.0 80000
1681630170193 80500.0 80500
1681630170459 81000.0 81000
1681630170730 81500.0 81500
1681630171117 82000.0 82000
1681630171694 82500.0 82500
1681630172132 83000.0 83000
1681630172460 83500.0 83500
1681630172783 84000.0 84000
1681630173383 84500.0 84500
1681630174288 85000.0 85000
1681630174798 85500.0 85500
1681630175381 86000.0 86000
1681630175657 86500.0 86500
1681630176027 87000.0 87000
1681630176552 87500.0 87500
1681630177391 88000.0 88000
1681630177684 88500.0 88500
1681630178185 89000.0 89000
1681630178722 89500.0 89500
1681630179136 90000.0 90000
1681630180005 90500.0 90500
1681630180269 91000.0 91000
1681630180599 91500.0 91500
1681630180825 92000.0 92000
1681630181061 92500.0 92500
1681630181261 93000.0 93000
1681630181462 93500.0 93500
1681630181658 94000.0 94000
1681630181860 94500.0 94500
1681630182105 95000.0 95000
1681630182348 95500.0 95500
1681630182578 96000.0 96000
1681630182785 96500.0 96500
1681630183011 97000.0 97000
1681630183212 97500.0 97500
1681630183420 98000.0 98000
1681630183682 98500.0 98500
1681630183903 99000.0 99000
1681630184125 99500.0 99500
1681630184323 100000.0 100000
1681630184526 100500.0 100500
1681630184725 101000.0 101000
1681630184921 101500.0 101500
1681630185123 102000.0 102000
1681630185342 102500.0 102500
1681630185573 103000.0 103000
1681630185777 103500.0 103500
1681630185977 104000.0 104000
1681630186188 104500.0 104500
1681630186427 105000.0 105000
1681630186770 105500.0 105500
1681630187126 106000.0 106000
1681630187403 106500.0 106500
1681630187687 107000.0 107000
1681630188063 107500.0 107500
1681630188463 108000.0 108000
1681630189174 108500.0 108500
1681630189583 109000.0 109000
1681630190140 109500.0 109500
1681630190589 110000.0 110000
1681630191080 110500.0 110500
1681630191908 111000.0 111000
1681630192529 111500.0 111500
1681630193360 112000.0 112000
1681630194080 112500.0 112500
1681630194592 113000.0 113000
1681630195146 113500.0 113500
1681630195482 114000.0 114000
1681630195911 114500.0 114500
1681630196234 115000.0 115000
1681630196598 115500.0 115500
1681630196979 116000.0 116000
1681630197268 116500.0 116500
1681630197683 117000.0 117000
1681630197957 117500.0 117500
1681630198230 118000.0 118000
1681630198445 118500.0 118500
1681630198644 119000.0 119000
1681630198839 119500.0 119500
1681630199069 120000.0 120000
1681630199281 120500.0 120500
1681630199486 121000.0 121000
1681630199740 121500.0 121500
1681630199954 122000.0 122000
1681630200153 122500.0 122500
1681630200384 123000.0 123000
1681630200565 123500.0 123500
1681630200760 124000.0 124000
1681630200942 124500.0 124500
1681630201143 125000.0 125000
1681630201345 125500.0 125500
1681630201537 126000.0 126000
1681630201715 126500.0 126500
1681630201892 127000.0 127000
1681630202068 127500.0 127500
1681630202243 128000.0 128000
1681630202420 128500.0 128500
1681630202603 129000.0 129000
1681630202805 129500.0 129500
1681630203010 130000.0 130000
1681630203220 130500.0 130500
1681630203406 131000.0 131000
1681630203593 131500.0 131500
1681630203818 132000.0 132000
1681630204005 132500.0 132500
1681630204199 133000.0 133000
1681630204392 133500.0 133500
1681630204582 134000.0 134000
1681630204830 134500.0 134500
1681630205074 135000.0 135000
1681630205309 135500.0 135500
1681630205562 136000.0 136000
1681630206042 136500.0 136500
1681630206609 137000.0 137000
1681630206850 137500.0 137500
1681630207150 138000.0 138000
1681630207413 138500.0 138500
1681630207641 139000.0 139000
1681630207930 139500.0 139500
1681630208265 140000.0 140000
1681630208696 140500.0 140500
1681630209611 141000.0 141000
1681630209959 141500.0 141500
1681630210813 142000.0 142000
1681630211220 142500.0 142500
1681630211937 143000.0 143000
1681630212490 143500.0 143500
1681630212949 144000.0 144000
1681630213783 144500.0 144500
1681630214234 145000.0 145000
1681630214608 145500.0 145500
1681630215003 146000.0 146000
1681630215952 146500.0 146500
1681630216381 147000.0 147000
1681630216716 147500.0 147500
1681630217284 148000.0 148000
1681630217670 148500.0 148500
1681630218543 149000.0 149000
1681630218908 149500.0 149500
1681630219451 150000.0 150000
1681630219983 150500.0 150500
1681630220799 151000.0 151000
1681630221307 151500.0 151500
1681630222260 152000.0 152000
1681630222726 152500.0 152500
1681630223130 153000.0 153000
1681630223512 153500.0 153500
1681630223913 154000.0 154000
1681630224299 154500.0 154500
1681630224723 155000.0 155000
1681630225194 155500.0 155500
1681630225544 156000.0 156000
1681630226262 156500.0 156500
1681630226603 157000.0 157000
1681630227158 157500.0 157500
1681630227581 158000.0 158000
1681630228711 158500.0 158500
1681630229037 159000.0 159000
1681630229706 159500.0 159500
1681630230041 160000.0 160000
1681630230975 160500.0 160500
1681630231267 161000.0 161000
1681630231811 161500.0 161500
1681630232214 162000.0 162000
1681630233234 162500.0 162500
1681630233558 163000.0 163000
1681630234149 163500.0 163500
1681630234471 164000.0 164000
1681630234919 164500.0 164500
1681630235240 165000.0 165000
1681630235741 165500.0 165500
1681630236052 166000.0 166000
1681630236535 166500.0 166500
1681630236819 167000.0 167000
1681630237342 167500.0 167500
1681630237698 168000.0 168000
1681630238206 168500.0 168500
1681630238560 169000.0 169000
1681630239548 169500.0 169500
1681630239861 170000.0 170000
1681630240415 170500.0 170500
1681630240711 171000.0 171000
1681630241421 171500.0 171500
1681630241838 172000.0 172000
1681630242687 172500.0 172500
1681630243101 173000.0 173000
1681630244352 173500.0 173500
1681630244705 174000.0 174000
1681630245021 174500.0 174500
1681630245462 175000.0 175000
1681630245800 175500.0 175500
1681630246111 176000.0 176000
1681630246472 176500.0 176500
1681630246856 177000.0 177000
1681630247680 177500.0 177500
1681630248113 178000.0 178000
1681630248662 178500.0 178500
1681630249116 179000.0 179000
1681630249858 179500.0 179500
1681630250297 180000.0 180000
1681630251141 180500.0 180500
1681630251637 181000.0 181000
1681630252001 181500.0 181500
1681630252490 182000.0 182000
1681630253313 182500.0 182500
1681630254096 183000.0 183000
1681630254468 183500.0 183500
1681630255074 184000.0 184000
1681630255425 184500.0 184500
1681630256278 185000.0 185000
1681630256723 185500.0 185500
1681630257969 186000.0 186000
1681630258399 186500.0 186500
1681630258870 187000.0 187000
1681630259460 187500.0 187500
1681630260273 188000.0 188000
1681630260912 188500.0 188500
1681630261724 189000.0 189000
1681630262395 189500.0 189500
1681630263237 190000.0 190000
1681630263606 190500.0 190500
1681630263926 191000.0 191000
1681630264193 191500.0 191500
1681630264506 192000.0 192000
1681630264858 192500.0 192500
1681630265353 193000.0 193000
1681630265787 193500.0 193500
1681630266030 194000.0 194000
1681630266450 194500.0 194500
1681630267106 195000.0 195000
1681630267561 195500.0 195500
1681630268094 196000.0 196000
1681630268634 196500.0 196500
1681630269173 197000.0 197000
1681630269495 197500.0 197500
1681630270016 198000.0 198000
1681630270300 198500.0 198500
1681630270729 199000.0 199000
1681630271110 199500.0 199500
1681630271343 200000.0 200000
1681630271545 200500.0 200500
1681630272005 201000.0 201000
1681630272803 201500.0 201500
1681630273124 202000.0 202000
1681630273618 202500.0 202500
1681630274624 203000.0 203000
1681630275008 203500.0 203500
1681630275672 204000.0 204000
1681630276028 204500.0 204500
1681630276427 205000.0 205000
1681630277033 205500.0 205500
1681630277386 206000.0 206000
1681630277962 206500.0 206500
1681630278426 207000.0 207000
1681630279396 207500.0 207500
1681630279680 208000.0 208000
1681630280314 208500.0 208500
1681630281013 209000.0 209000
1681630281389 209500.0 209500
1681630281759 210000.0 210000
1681630282286 210500.0 210500
1681630282729 211000.0 211000
1681630283289 211500.0 211500
1681630283851 212000.0 212000
1681630284206 212500.0 212500
1681630284633 213000.0 213000
1681630285187 213500.0 213500
1681630285691 214000.0 214000
1681630286129 214500.0 214500
1681630287090 215000.0 215000
1681630287534 215500.0 215500
1681630288210 216000.0 216000
1681630288595 216500.0 216500
1681630289105 217000.0 217000
1681630289420 217500.0 217500
1681630289658 218000.0 218000
1681630290269 218500.0 218500
1681630290873 219000.0 219000
1681630291123 219500.0 219500
1681630291564 220000.0 220000
1681630291994 220500.0 220500
1681630292455 221000.0 221000
1681630292992 221500.0 221500
1681630293831 222000.0 222000
1681630294412 222500.0 222500
1681630295260 223000.0 223000
1681630295880 223500.0 223500
1681630296810 224000.0 224000
1681630297080 224500.0 224500
1681630297354 225000.0 225000
1681630297618 225500.0 225500
1681630298163 226000.0 226000
1681630298778 226500.0 226500
1681630299465 227000.0 227000
1681630299990 227500.0 227500
1681630300399 228000.0 228000
1681630300866 228500.0 228500
1681630301291 229000.0 229000
1681630301738 229500.0 229500
1681630302286 230000.0 230000
1681630302783 230500.0 230500
1681630303447 231000.0 231000
1681630304091 231500.0 231500
1681630304768 232000.0 232000
1681630305293 232500.0 232500
1681630305708 233000.0 233000
1681630306132 233500.0 233500
1681630306370 234000.0 234000
1681630306697 234500.0 234500
1681630307473 235000.0 235000
1681630307865 235500.0 235500
1681630308490 236000.0 236000
1681630308883 236500.0 236500
1681630309708 237000.0 237000
1681630310166 237500.0 237500
1681630310620 238000.0 238000
1681630311323 238500.0 238500
1681630311561 239000.0 239000
1681630311964 239500.0 239500
1681630312491 240000.0 240000
1681630312808 240500.0 240500
1681630313457 241000.0 241000
1681630314167 241500.0 241500
1681630314840 242000.0 242000
1681630315545 242500.0 242500
1681630316197 243000.0 243000
1681630316982 243500.0 243500
1681630317322 244000.0 244000
1681630318061 244500.0 244500
1681630318769 245000.0 245000
1681630319284 245500.0 245500
1681630319692 246000.0 246000
1681630320650 246500.0 246500
1681630321506 247000.0 247000
1681630322431 247500.0 247500
1681630323118 248000.0 248000
1681630324019 248500.0 248500
1681630324779 249000.0 249000
1681630325595 249500.0 249500
1681630326216 250000.0 250000
1681630327106 250500.0 250500
1681630327608 251000.0 251000
1681630328093 251500.0 251500
1681630328451 252000.0 252000
1681630329206 252500.0 252500
1681630329648 253000.0 253000
1681630330129 253500.0 253500
1681630330579 254000.0 254000
1681630330948 254500.0 254500
1681630331474 255000.0 255000
1681630331741 255500.0 255500
1681630332002 256000.0 256000
1681630332593 256500.0 256500
1681630332957 257000.0 257000
1681630333900 257500.0 257500
1681630334137 258000.0 258000
1681630334536 258500.0 258500
1681630335216 259000.0 259000
1681630335466 259500.0 259500
1681630336182 260000.0 260000
1681630337304 260500.0 260500
1681630337984 261000.0 261000
1681630338307 261500.0 261500
1681630338745 262000.0 262000
1681630339442 262500.0 262500
1681630339793 263000.0 263000
1681630340723 263500.0 263500
1681630341173 264000.0 264000
1681630342102 264500.0 264500
1681630342535 265000.0 265000
1681630343286 265500.0 265500
1681630343568 266000.0 266000
1681630344261 266500.0 266500
1681630344828 267000.0 267000
1681630345254 267500.0 267500
1681630345724 268000.0 268000
1681630346293 268500.0 268500
1681630346833 269000.0 269000
1681630347536 269500.0 269500
1681630348182 270000.0 270000
1681630348715 270500.0 270500
1681630349230 271000.0 271000
1681630349825 271500.0 271500
1681630350374 272000.0 272000
1681630350764 272500.0 272500
1681630351549 273000.0 273000
1681630351993 273500.0 273500
1681630352880 274000.0 274000
1681630353189 274500.0 274500
1681630353709 275000.0 275000
1681630354037 275500.0 275500
1681630354423 276000.0 276000
1681630355030 276500.0 276500
1681630355319 277000.0 277000
1681630355823 277500.0 277500
1681630356078 278000.0 278000
1681630356528 278500.0 278500
1681630357026 279000.0 279000
1681630357439 279500.0 279500
1681630358039 280000.0 280000
1681630358654 280500.0 280500
1681630358940 281000.0 281000
1681630359398 281500.0 281500
1681630359902 282000.0 282000
1681630360564 282500.0 282500
1681630360987 283000.0 283000
1681630361787 283500.0 283500
1681630362172 284000.0 284000
1681630362556 284500.0 284500
1681630362845 285000.0 285000
1681630363440 285500.0 285500
1681630363794 286000.0 286000
1681630364532 286500.0 286500
1681630364985 287000.0 287000
1681630365864 287500.0 287500
1681630366206 288000.0 288000
1681630367125 288500.0 288500
1681630367496 289000.0 289000
1681630367893 289500.0 289500
1681630368885 290000.0 290000
1681630369404 290500.0 290500
1681630370203 291000.0 291000
1681630370646 291500.0 291500
1681630371218 292000.0 292000
1681630371537 292500.0 292500
1681630371874 293000.0 293000
1681630372495 293500.0 293500
1681630372918 294000.0 294000
1681630373805 294500.0 294500
1681630374207 295000.0 295000
1681630374646 295500.0 295500
1681630375004 296000.0 296000
1681630375555 296500.0 296500
1681630375920 297000.0 297000
1681630376659 297500.0 297500
1681630377046 298000.0 298000
1681630377753 298500.0 298500
1681630378134 299000.0 299000
1681630378522 299500.0 299500
1681630378980 300000.0 300000
1681630379368 300500.0 300500
1681630379753 301000.0 301000
1681630380229 301500.0 301500
1681630380908 302000.0 302000
1681630381527 302500.0 302500
1681630382202 303000.0 303000
1681630382806 303500.0 303500
1681630383533 304000.0 304000
1681630384161 304500.0 304500
1681630384833 305000.0 305000
1681630385197 305500.0 305500
1681630385748 306000.0 306000
1681630386177 306500.0 306500
1681630386527 307000.0 307000
1681630386913 307500.0 307500
1681630387885 308000.0 308000
1681630388377 308500.0 308500
1681630388840 309000.0 309000
1681630389382 309500.0 309500
1681630389813 310000.0 310000
1681630390348 310500.0 310500
1681630390692 311000.0 311000
1681630391371 311500.0 311500
1681630391722 312000.0 312000
1681630392302 312500.0 312500
1681630392653 313000.0 313000
1681630393369 313500.0 313500
1681630393791 314000.0 314000
1681630394555 314500.0 314500
1681630394923 315000.0 315000
1681630395733 315500.0 315500
1681630396102 316000.0 316000
1681630397003 316500.0 316500
1681630397308 317000.0 317000
1681630397638 317500.0 317500
1681630398091 318000.0 318000
1681630398593 318500.0 318500
1681630399225 319000.0 319000
1681630399775 319500.0 319500
1681630400130 320000.0 320000
1681630401048 320500.0 320500
1681630401397 321000.0 321000
1681630401831 321500.0 321500
1681630402357 322000.0 322000
1681630402774 322500.0 322500
1681630403251 323000.0 323000
1681630403631 323500.0 323500
1681630404587 324000.0 324000
1681630405401 324500.0 324500
1681630406205 325000.0 325000
1681630406927 325500.0 325500
1681630407497 326000.0 326000
1681630407805 326500.0 326500
1681630408168 327000.0 327000
1681630408897 327500.0 327500
1681630409442 328000.0 328000
1681630409896 328500.0 328500
1681630410163 329000.0 329000
1681630411329 329500.0 329500
1681630412085 330000.0 330000
1681630412455 330500.0 330500
1681630413132 331000.0 331000
1681630413594 331500.0 331500
1681630414089 332000.0 332000
1681630414844 332500.0 332500
1681630415330 333000.0 333000
1681630416185 333500.0 333500
1681630416862 334000.0 334000
1681630417915 334500.0 334500
1681630418280 335000.0 335000
1681630418678 335500.0 335500
1681630419177 336000.0 336000
1681630419619 336500.0 336500
1681630419920 337000.0 337000
1681630420251 337500.0 337500
1681630420742 338000.0 338000
1681630421124 338500.0 338500
1681630421949 339000.0 339000
1681630422498 339500.0 339500
1681630423057 340000.0 340000
1681630423552 340500.0 340500
1681630423866 341000.0 341000
1681630424359 341500.0 341500
1681630424753 342000.0 342000
1681630425341 342500.0 342500
1681630425729 343000.0 343000
1681630426114 343500.0 343500
1681630426663 344000.0 344000
1681630427221 344500.0 344500
1681630427987 345000.0 345000
1681630428935 345500.0 345500
1681630429371 346000.0 346000
1681630429893 346500.0 346500
1681630430229 347000.0 347000
1681630430811 347500.0 347500
1681630431063 348000.0 348000
1681630431572 348500.0 348500
1681630431997 349000.0 349000
1681630432628 349500.0 349500
1681630433099 350000.0 350000
1681630433654 350500.0 350500
1681630434117 351000.0 351000
1681630434671 351500.0 351500
1681630435095 352000.0 352000
1681630435948 352500.0 352500
1681630436431 353000.0 353000
1681630437520 353500.0 353500
1681630437993 354000.0 354000
1681630438401 354500.0 354500
1681630438885 355000.0 355000
1681630439360 355500.0 355500
1681630439689 356000.0 356000
1681630440228 356500.0 356500
1681630440678 357000.0 357000
1681630441803 357500.0 357500
1681630442279 358000.0 358000
1681630442662 358500.0 358500
1681630443177 359000.0 359000
1681630443608 359500.0 359500
1681630443957 360000.0 360000
1681630444819 360500.0 360500
1681630445174 361000.0 361000
1681630445865 361500.0 361500
1681630446278 362000.0 362000
1681630446678 362500.0 362500
1681630446995 363000.0 363000
1681630447705 363500.0 363500
1681630448147 364000.0 364000
1681630448621 364500.0 364500
1681630448981 365000.0 365000
1681630449463 365500.0 365500
1681630450342 366000.0 366000
1681630450736 366500.0 366500
1681630451289 367000.0 367000
1681630451590 367500.0 367500
1681630451998 368000.0 368000
1681630452247 368500.0 368500
1681630452619 369000.0 369000
1681630453015 369500.0 369500
1681630453297 370000.0 370000
1681630453672 370500.0 370500
1681630454168 371000.0 371000
1681630454781 371500.0 371500
1681630455193 372000.0 372000
1681630455599 372500.0 372500
1681630455909 373000.0 373000
1681630456444 373500.0 373500
1681630457106 374000.0 374000
1681630457625 374500.0 374500
1681630457937 375000.0 375000
1681630458264 375500.0 375500
1681630458565 376000.0 376000
1681630459411 376500.0 376500
1681630459792 377000.0 377000
1681630460079 377500.0 377500
1681630460657 378000.0 378000
1681630461294 378500.0 378500
1681630461906 379000.0 379000
1681630462386 379500.0 379500
1681630463012 380000.0 380000
1681630463794 380500.0 380500
1681630464337 381000.0 381000
1681630464850 381500.0 381500
1681630465214 382000.0 382000
1681630465597 382500.0 382500
1681630466063 383000.0 383000
1681630466971 383500.0 383500
1681630467506 384000.0 384000
1681630467873 384500.0 384500
1681630468347 385000.0 385000
1681630468826 385500.0 385500
1681630469697 386000.0 386000
1681630470187 386500.0 386500
1681630471147 387000.0 387000
1681630471616 387500.0 387500
1681630472129 388000.0 388000
1681630472511 388500.0 388500
1681630473146 389000.0 389000
1681630473552 389500.0 389500
1681630473965 390000.0 390000
1681630474759 390500.0 390500
1681630475266 391000.0 391000
1681630476269 391500.0 391500
1681630476660 392000.0 392000
1681630477088 392500.0 392500
1681630477642 393000.0 393000
1681630478350 393500.0 393500
1681630478749 394000.0 394000
1681630479151 394500.0 394500
1681630479446 395000.0 395000
1681630480037 395500.0 395500
1681630480448 396000.0 396000
1681630480712 396500.0 396500
1681630481265 397000.0 397000
1681630481755 397500.0 397500
1681630482250 398000.0 398000
1681630482699 398500.0 398500
1681630483444 399000.0 399000
1681630483746 399500.0 399500
1681630484447 400000.0 400000
1681630485236 400500.0 400500
1681630485531 401000.0 401000
1681630485984 401500.0 401500
1681630486888 402000.0 402000
1681630487259 402500.0 402500
1681630487754 403000.0 403000
1681630488138 403500.0 403500
1681630488710 404000.0 404000
1681630489519 404500.0 404500
1681630489874 405000.0 405000
1681630490514 405500.0 405500
1681630491509 406000.0 406000
1681630491976 406500.0 406500
1681630492510 407000.0 407000
1681630492930 407500.0 407500
1681630493410 408000.0 408000
1681630493778 408500.0 408500
1681630494173 409000.0 409000
1681630494617 409500.0 409500
1681630494872 410000.0 410000
1681630495336 410500.0 410500
1681630496301 411000.0 411000
1681630496950 411500.0 411500
1681630497875 412000.0 412000
1681630498474 412500.0 412500
1681630498974 413000.0 413000
1681630499337 413500.0 413500
1681630499632 414000.0 414000
1681630500038 414500.0 414500
1681630500537 415000.0 415000
1681630501155 415500.0 415500
1681630501627 416000.0 416000
1681630501974 416500.0 416500
1681630502377 417000.0 417000
1681630502994 417500.0 417500
1681630503267 418000.0 418000
1681630503546 418500.0 418500
1681630504009 419000.0 419000
1681630504365 419500.0 419500
1681630504835 420000.0 420000
1681630505971 420500.0 420500
1681630506536 421000.0 421000
1681630507444 421500.0 421500
1681630507945 422000.0 422000
1681630508338 422500.0 422500
1681630508768 423000.0 423000
1681630509174 423500.0 423500
1681630509786 424000.0 424000
1681630510678 424500.0 424500
1681630511136 425000.0 425000
1681630511624 425500.0 425500
1681630512007 426000.0 426000
1681630512774 426500.0 426500
1681630513200 427000.0 427000
1681630513581 427500.0 427500
1681630514135 428000.0 428000
1681630514529 428500.0 428500
1681630514893 429000.0 429000
1681630515442 429500.0 429500
1681630515824 430000.0 430000
1681630516114 430500.0 430500
1681630516475 431000.0 431000
1681630516767 431500.0 431500
1681630517138 432000.0 432000
1681630517605 432500.0 432500
1681630518306 433000.0 433000
1681630518625 433500.0 433500
1681630519300 434000.0 434000
1681630519605 434500.0 434500
1681630519994 435000.0 435000
1681630520210 435500.0 435500
1681630520583 436000.0 436000
1681630520977 436500.0 436500
1681630521391 437000.0 437000
1681630521973 437500.0 437500
1681630522823 438000.0 438000
1681630523335 438500.0 438500
1681630524060 439000.0 439000
1681630524502 439500.0 439500
1681630524932 440000.0 440000
1681630525916 440500.0 440500
1681630526210 441000.0 441000
1681630526790 441500.0 441500
1681630527264 442000.0 442000
1681630528427 442500.0 442500
1681630529029 443000.0 443000
1681630529723 443500.0 443500
1681630530185 444000.0 444000
1681630530563 444500.0 444500
1681630531155 445000.0 445000
1681630531487 445500.0 445500
1681630531837 446000.0 446000
1681630532135 446500.0 446500
1681630532546 447000.0 447000
1681630533278 447500.0 447500
1681630533590 448000.0 448000
1681630534103 448500.0 448500
1681630534871 449000.0 449000
1681630535163 449500.0 449500
1681630536205 450000.0 450000
1681630536835 450500.0 450500
1681630537446 451000.0 451000
1681630537784 451500.0 451500
1681630538187 452000.0 452000
1681630538605 452500.0 452500
1681630539073 453000.0 453000
1681630539402 453500.0 453500
1681630539902 454000.0 454000
1681630540501 454500.0 454500
1681630540830 455000.0 455000
1681630541251 455500.0 455500
1681630541664 456000.0 456000
1681630541990 456500.0 456500
1681630542243 457000.0 457000
1681630542763 457500.0 457500
1681630543103 458000.0 458000
1681630543515 458500.0 458500
1681630543782 459000.0 459000
1681630544335 459500.0 459500
1681630544800 460000.0 460000
1681630545564 460500.0 460500
1681630545972 461000.0 461000
1681630546939 461500.0 461500
1681630547242 462000.0 462000
1681630547742 462500.0 462500
1681630548009 463000.0 463000
1681630548504 463500.0 463500
1681630548770 464000.0 464000
1681630549048 464500.0 464500
1681630549415 465000.0 465000
1681630549857 465500.0 465500
1681630550481 466000.0 466000
1681630550724 466500.0 466500
1681630551291 467000.0 467000
1681630551897 467500.0 467500
1681630552337 468000.0 468000
1681630552805 468500.0 468500
1681630553429 469000.0 469000
1681630554269 469500.0 469500
1681630554705 470000.0 470000
1681630555237 470500.0 470500
1681630555742 471000.0 471000
1681630556099 471500.0 471500
1681630556732 472000.0 472000
1681630557121 472500.0 472500
1681630557557 473000.0 473000
1681630558329 473500.0 473500
1681630558935 474000.0 474000
1681630559510 474500.0 474500
1681630559783 475000.0 475000
1681630560550 475500.0 475500
1681630560969 476000.0 476000
1681630561481 476500.0 476500
1681630561924 477000.0 477000
1681630562464 477500.0 477500
1681630562867 478000.0 478000
1681630563286 478500.0 478500
1681630563716 479000.0 479000
1681630564544 479500.0 479500
1681630564847 480000.0 480000
1681630565449 480500.0 480500
1681630565813 481000.0 481000
1681630566078 481500.0 481500
1681630566337 482000.0 482000
1681630566654 482500.0 482500
1681630567084 483000.0 483000
1681630567454 483500.0 483500
1681630567883 484000.0 484000
1681630568148 484500.0 484500
1681630568664 485000.0 485000
1681630569076 485500.0 485500
1681630569415 486000.0 486000
1681630569669 486500.0 486500
1681630569994 487000.0 487000
1681630570591 487500.0 487500
1681630571138 488000.0 488000
1681630571428 488500.0 488500
1681630571722 489000.0 489000
1681630572026 489500.0 489500
1681630572335 490000.0 490000
1681630572728 490500.0 490500
1681630573158 491000.0 491000
1681630573386 491500.0 491500
1681630573594 492000.0 492000
1681630574356 492500.0 492500
1681630574833 493000.0 493000
1681630575113 493500.0 493500
1681630575411 494000.0 494000
1681630575708 494500.0 494500
1681630576294 495000.0 495000
1681630576557 495500.0 495500
1681630576990 496000.0 496000
1681630577455 496500.0 496500
1681630577765 497000.0 497000
1681630578003 497500.0 497500
1681630578531 498000.0 498000
1681630578834 498500.0 498500
1681630579178 499000.0 499000
1681630579538 499500.0 499500
1681630579846 500000.0 500000
1681630580203 500500.0 500500
1681630580776 501000.0 501000
1681630581028 501500.0 501500
1681630581320 502000.0 502000
1681630581706 502500.0 502500
1681630581952 503000.0 503000
1681630582211 503500.0 503500
1681630582670 504000.0 504000
1681630583284 504500.0 504500
1681630583598 505000.0 505000
1681630584006 505500.0 505500
1681630584370 506000.0 506000
1681630584869 506500.0 506500
1681630585325 507000.0 507000
1681630585942 507500.0 507500
1681630586362 508000.0 508000
1681630587003 508500.0 508500
1681630587335 509000.0 509000
1681630587584 509500.0 509500
1681630587887 510000.0 510000
1681630588186 510500.0 510500
1681630588642 511000.0 511000
1681630589273 511500.0 511500
1681630589661 512000.0 512000
1681630589906 512500.0 512500
1681630590149 513000.0 513000
1681630590449 513500.0 513500
1681630590733 514000.0 514000
1681630591127 514500.0 514500
1681630591359 515000.0 515000
1681630591674 515500.0 515500
1681630592066 516000.0 516000
1681630592604 516500.0 516500
1681630592868 517000.0 517000
1681630593435 517500.0 517500
1681630593993 518000.0 518000
1681630594822 518500.0 518500
1681630595324 519000.0 519000
1681630595766 519500.0 519500
1681630596282 520000.0 520000
1681630596654 520500.0 520500
1681630597058 521000.0 521000
1681630597601 521500.0 521500
1681630597949 522000.0 522000
1681630598539 522500.0 522500
1681630598837 523000.0 523000
1681630599297 523500.0 523500
1681630599819 524000.0 524000
1681630600152 524500.0 524500
1681630600902 525000.0 525000
1681630601628 525500.0 525500
1681630601991 526000.0 526000
1681630602322 526500.0 526500
1681630602859 527000.0 527000
1681630603086 527500.0 527500
1681630603531 528000.0 528000
1681630603818 528500.0 528500
1681630604112 529000.0 529000
1681630604469 529500.0 529500
1681630605126 530000.0 530000
1681630605463 530500.0 530500
1681630606052 531000.0 531000
1681630606389 531500.0 531500
1681630606714 532000.0 532000
1681630607032 532500.0 532500
1681630607306 533000.0 533000
1681630607689 533500.0 533500
1681630608060 534000.0 534000
1681630608724 534500.0 534500
1681630609138 535000.0 535000
1681630609492 535500.0 535500
1681630610353 536000.0 536000
1681630610818 536500.0 536500
1681630611066 537000.0 537000
1681630611378 537500.0 537500
1681630611797 538000.0 538000
1681630612224 538500.0 538500
1681630612679 539000.0 539000
1681630613103 539500.0 539500
1681630613553 540000.0 540000
1681630613775 540500.0 540500
1681630614273 541000.0 541000
1681630614765 541500.0 541500
1681630615386 542000.0 542000
1681630616026 542500.0 542500
1681630616701 543000.0 543000
1681630617278 543500.0 543500
1681630617705 544000.0 544000
1681630617964 544500.0 544500
1681630618431 545000.0 545000
1681630618810 545500.0 545500
1681630619119 546000.0 546000
1681630619750 546500.0 546500
1681630620160 547000.0 547000
1681630620666 547500.0 547500
1681630621059 548000.0 548000
1681630621524 548500.0 548500
1681630621947 549000.0 549000
1681630622338 549500.0 549500
1681630623206 550000.0 550000
1681630623487 550500.0 550500
1681630624166 551000.0 551000
1681630624651 551500.0 551500
1681630624981 552000.0 552000
1681630625595 552500.0 552500
1681630626255 553000.0 553000
1681630626477 553500.0 553500
1681630626794 554000.0 554000
1681630627043 554500.0 554500
1681630627790 555000.0 555000
1681630628527 555500.0 555500
1681630629025 556000.0 556000
1681630629298 556500.0 556500
1681630629548 557000.0 557000
1681630630121 557500.0 557500
1681630630399 558000.0 558000
1681630630785 558500.0 558500
1681630631399 559000.0 559000
1681630631972 559500.0 559500
1681630632222 560000.0 560000
1681630632481 560500.0 560500
1681630632748 561000.0 561000
1681630633182 561500.0 561500
1681630633929 562000.0 562000
1681630634289 562500.0 562500
1681630634978 563000.0 563000
1681630635418 563500.0 563500
1681630636065 564000.0 564000
1681630636540 564500.0 564500
1681630637482 565000.0 565000
1681630637891 565500.0 565500
1681630638449 566000.0 566000
1681630638809 566500.0 566500
1681630639383 567000.0 567000
1681630639745 567500.0 567500
1681630640459 568000.0 568000
1681630640891 568500.0 568500
1681630641331 569000.0 569000
1681630641749 569500.0 569500
1681630642197 570000.0 570000
1681630642747 570500.0 570500
1681630643270 571000.0 571000
1681630643953 571500.0 571500
1681630644588 572000.0 572000
1681630645085 572500.0 572500
1681630645557 573000.0 573000
1681630646008 573500.0 573500
1681630646631 574000.0 574000
1681630647004 574500.0 574500
1681630647342 575000.0 575000
1681630647831 575500.0 575500
1681630648313 576000.0 576000
1681630648947 576500.0 576500
1681630649365 577000.0 577000
1681630649864 577500.0 577500
1681630650223 578000.0 578000
1681630650730 578500.0 578500
1681630651194 579000.0 579000
1681630651978 579500.0 579500
1681630652359 580000.0 580000
1681630652759 580500.0 580500
1681630653314 581000.0 581000
1681630653949 581500.0 581500
1681630654671 582000.0 582000
1681630654969 582500.0 582500
1681630655335 583000.0 583000
1681630655599 583500.0 583500
1681630656285 584000.0 584000
1681630656827 584500.0 584500
1681630657123 585000.0 585000
1681630657671 585500.0 585500
1681630658073 586000.0 586000
1681630658525 586500.0 586500
1681630658896 587000.0 587000
1681630659454 587500.0 587500
1681630659930 588000.0 588000
1681630660551 588500.0 588500
1681630661037 589000.0 589000
1681630661457 589500.0 589500
1681630661929 590000.0 590000
1681630662367 590500.0 590500
1681630662896 591000.0 591000
1681630663384 591500.0 591500
1681630663755 592000.0 592000
1681630664418 592500.0 592500
1681630664885 593000.0 593000
1681630665903 593500.0 593500
1681630666158 594000.0 594000
1681630666562 594500.0 594500
1681630667153 595000.0 595000
1681630667580 595500.0 595500
1681630667884 596000.0 596000
1681630668391 596500.0 596500
1681630668846 597000.0 597000
1681630669665 597500.0 597500
1681630670106 598000.0 598000
1681630670518 598500.0 598500
1681630670827 599000.0 599000
1681630671415 599500.0 599500
1681630672028 600000.0 600000
1681630672695 600500.0 600500
1681630673369 601000.0 601000
1681630673746 601500.0 601500
1681630674039 602000.0 602000
1681630674723 602500.0 602500
1681630675205 603000.0 603000
1681630675961 603500.0 603500
1681630676558 604000.0 604000
1681630677231 604500.0 604500
1681630677738 605000.0 605000
1681630678223 605500.0 605500
1681630678615 606000.0 606000
1681630679259 606500.0 606500
1681630679727 607000.0 607000
1681630680145 607500.0 607500
1681630680426 608000.0 608000
1681630680671 608500.0 608500
1681630681011 609000.0 609000
1681630681261 609500.0 609500
1681630681596 610000.0 610000
1681630681995 610500.0 610500
1681630682345 611000.0 611000
1681630682624 611500.0 611500
1681630682917 612000.0 612000
1681630683207 612500.0 612500
1681630683482 613000.0 613000
1681630683725 613500.0 613500
1681630684092 614000.0 614000
1681630684404 614500.0 614500
1681630684669 615000.0 615000
1681630685303 615500.0 615500
1681630685535 616000.0 616000
1681630685786 616500.0 616500
1681630686071 617000.0 617000
1681630686447 617500.0 617500
1681630686738 618000.0 618000
1681630687037 618500.0 618500
1681630687342 619000.0 619000
1681630687603 619500.0 619500
1681630687829 620000.0 620000
1681630688100 620500.0 620500
1681630688316 621000.0 621000
1681630688558 621500.0 621500
1681630688915 622000.0 622000
1681630689168 622500.0 622500
1681630689552 623000.0 623000
1681630689866 623500.0 623500
1681630690135 624000.0 624000
1681630690377 624500.0 624500
1681630690662 625000.0 625000
1681630691039 625500.0 625500
1681630691393 626000.0 626000
1681630691649 626500.0 626500
1681630691951 627000.0 627000
1681630692251 627500.0 627500
1681630692590 628000.0 628000
1681630692917 628500.0 628500
1681630693261 629000.0 629000
1681630693510 629500.0 629500
1681630693885 630000.0 630000
1681630694382 630500.0 630500
1681630694642 631000.0 631000
1681630694964 631500.0 631500
1681630695254 632000.0 632000
1681630695561 632500.0 632500
1681630695918 633000.0 633000
1681630696674 633500.0 633500
1681630696908 634000.0 634000
1681630697152 634500.0 634500
1681630697594 635000.0 635000
1681630698591 635500.0 635500
1681630698851 636000.0 636000
1681630699428 636500.0 636500
1681630699679 637000.0 637000
1681630700030 637500.0 637500
1681630700397 638000.0 638000
1681630700648 638500.0 638500
1681630700968 639000.0 639000
1681630701584 639500.0 639500
1681630701814 640000.0 640000
1681630702151 640500.0 640500
1681630702569 641000.0 641000
1681630702999 641500.0 641500
1681630703335 642000.0 642000
1681630703635 642500.0 642500
1681630704075 643000.0 643000
1681630704643 643500.0 643500
1681630705342 644000.0 644000
1681630705735 644500.0 644500
1681630706507 645000.0 645000
1681630706817 645500.0 645500
1681630707152 646000.0 646000
1681630707774 646500.0 646500
1681630708257 647000.0 647000
1681630708752 647500.0 647500
1681630709297 648000.0 648000
1681630709721 648500.0 648500
1681630709985 649000.0 649000
1681630710499 649500.0 649500
1681630710980 650000.0 650000
1681630711323 650500.0 650500
1681630711649 651000.0 651000
1681630711936 651500.0 651500
1681630712353 652000.0 652000
1681630712765 652500.0 652500
1681630713199 653000.0 653000
1681630713859 653500.0 653500
1681630714225 654000.0 654000
1681630714641 654500.0 654500
1681630715069 655000.0 655000
1681630715512 655500.0 655500
1681630716123 656000.0 656000
1681630716407 656500.0 656500
1681630716932 657000.0 657000
1681630717806 657500.0 657500
1681630718200 658000.0 658000
1681630718713 658500.0 658500
1681630719147 659000.0 659000
1681630719478 659500.0 659500
1681630720282 660000.0 660000
1681630720850 660500.0 660500
1681630721212 661000.0 661000
1681630721951 661500.0 661500
1681630722321 662000.0 662000
1681630722946 662500.0 662500
1681630723274 663000.0 663000
1681630723590 663500.0 663500
1681630724002 664000.0 664000
1681630724628 664500.0 664500
1681630724855 665000.0 665000
1681630725130 665500.0 665500
1681630725388 666000.0 666000
1681630725928 666500.0 666500
1681630726192 667000.0 667000
1681630726462 667500.0 667500
1681630726790 668000.0 668000
1681630727097 668500.0 668500
1681630727463 669000.0 669000
1681630727874 669500.0 669500
1681630728116 670000.0 670000
1681630728357 670500.0 670500
1681630728704 671000.0 671000
1681630729033 671500.0 671500
1681630729366 672000.0 672000
1681630729568 672500.0 672500
1681630729801 673000.0 673000
1681630730081 673500.0 673500
1681630730575 674000.0 674000
1681630730791 674500.0 674500
1681630731045 675000.0 675000
1681630731320 675500.0 675500
1681630731627 676000.0 676000
1681630731880 676500.0 676500
1681630732231 677000.0 677000
1681630732502 677500.0 677500
1681630732775 678000.0 678000
1681630733058 678500.0 678500
1681630733329 679000.0 679000
1681630733651 679500.0 679500
1681630733939 680000.0 680000
1681630734225 680500.0 680500
1681630734537 681000.0 681000
1681630734907 681500.0 681500
1681630735751 682000.0 682000
1681630736105 682500.0 682500
1681630736474 683000.0 683000
1681630736892 683500.0 683500
1681630737409 684000.0 684000
1681630737639 684500.0 684500
1681630737920 685000.0 685000
1681630738661 685500.0 685500
1681630739459 686000.0 686000
1681630739681 686500.0 686500
1681630739983 687000.0 687000
1681630740194 687500.0 687500
1681630740530 688000.0 688000
1681630740726 688500.0 688500
1681630740934 689000.0 689000
1681630741396 689500.0 689500
1681630741670 690000.0 690000
1681630742201 690500.0 690500
1681630742579 691000.0 691000
1681630743150 691500.0 691500
1681630743547 692000.0 692000
1681630743818 692500.0 692500
1681630744383 693000.0 693000
1681630744946 693500.0 693500
1681630745196 694000.0 694000
1681630745552 694500.0 694500
1681630746430 695000.0 695000
1681630746752 695500.0 695500
1681630747165 696000.0 696000
1681630747625 696500.0 696500
1681630748026 697000.0 697000
1681630748305 697500.0 697500
1681630748600 698000.0 698000
1681630749015 698500.0 698500
1681630749413 699000.0 699000
1681630750145 699500.0 699500
1681630750525 700000.0 700000
1681630751108 700500.0 700500
1681630751379 701000.0 701000
1681630751771 701500.0 701500
1681630752326 702000.0 702000
1681630752645 702500.0 702500
1681630753238 703000.0 703000
1681630753797 703500.0 703500
1681630754063 704000.0 704000
1681630754561 704500.0 704500
1681630755015 705000.0 705000
1681630755835 705500.0 705500
1681630756211 706000.0 706000
1681630757111 706500.0 706500
1681630757431 707000.0 707000
1681630758106 707500.0 707500
1681630758512 708000.0 708000
1681630759078 708500.0 708500
1681630759552 709000.0 709000
1681630759861 709500.0 709500
1681630760307 710000.0 710000
1681630760873 710500.0 710500
1681630761296 711000.0 711000
1681630761822 711500.0 711500
1681630762243 712000.0 712000
1681630762638 712500.0 712500
1681630763065 713000.0 713000
1681630763334 713500.0 713500
1681630763690 714000.0 714000
1681630764056 714500.0 714500
1681630764381 715000.0 715000
1681630764908 715500.0 715500
1681630765475 716000.0 716000
1681630765756 716500.0 716500
1681630766159 717000.0 717000
1681630766799 717500.0 717500
1681630767307 718000.0 718000
1681630767665 718500.0 718500
1681630768190 719000.0 719000
1681630768834 719500.0 719500
1681630769278 720000.0 720000
1681630769934 720500.0 720500
1681630770230 721000.0 721000
1681630770553 721500.0 721500
1681630770986 722000.0 722000
1681630771408 722500.0 722500
1681630771883 723000.0 723000
1681630772225 723500.0 723500
1681630772619 724000.0 724000
1681630773099 724500.0 724500
1681630773403 725000.0 725000
1681630773910 725500.0 725500
1681630774309 726000.0 726000
1681630775055 726500.0 726500
1681630775468 727000.0 727000
1681630775882 727500.0 727500
1681630776417 728000.0 728000
1681630776740 728500.0 728500
1681630777211 729000.0 729000
1681630777493 729500.0 729500
1681630778008 730000.0 730000
1681630778399 730500.0 730500
1681630779124 731000.0 731000
1681630779675 731500.0 731500
1681630780526 732000.0 732000
1681630781039 732500.0 732500
1681630781369 733000.0 733000
1681630781963 733500.0 733500
1681630782341 734000.0 734000
1681630782716 734500.0 734500
1681630783198 735000.0 735000
1681630783555 735500.0 735500
1681630784433 736000.0 736000
1681630784903 736500.0 736500
1681630785468 737000.0 737000
1681630785710 737500.0 737500
1681630786128 738000.0 738000
1681630786426 738500.0 738500
1681630786798 739000.0 739000
1681630787808 739500.0 739500
1681630788089 740000.0 740000
1681630788435 740500.0 740500
1681630788662 741000.0 741000
1681630789042 741500.0 741500
1681630789388 742000.0 742000
1681630790006 742500.0 742500
1681630790299 743000.0 743000
1681630790605 743500.0 743500
1681630790893 744000.0 744000
1681630791281 744500.0 744500
1681630791810 745000.0 745000
1681630792183 745500.0 745500
1681630792610 746000.0 746000
1681630792964 746500.0 746500
1681630793241 747000.0 747000
1681630793992 747500.0 747500
1681630794541 748000.0 748000
1681630794788 748500.0 748500
1681630795068 749000.0 749000
1681630795631 749500.0 749500
1681630796119 750000.0 750000
1681630796472 750500.0 750500
1681630796867 751000.0 751000
1681630797211 751500.0 751500
1681630797793 752000.0 752000
1681630798295 752500.0 752500
1681630798813 753000.0 753000
1681630799160 753500.0 753500
1681630799521 754000.0 754000
1681630799979 754500.0 754500
1681630800343 755000.0 755000
1681630800624 755500.0 755500
1681630800908 756000.0 756000
1681630801272 756500.0 756500
1681630801573 757000.0 757000
1681630801987 757500.0 757500
1681630802223 758000.0 758000
1681630802749 758500.0 758500
1681630803194 759000.0 759000
1681630803886 759500.0 759500
1681630804267 760000.0 760000
1681630805117 760500.0 760500
1681630805440 761000.0 761000
1681630805848 761500.0 761500
1681630806455 762000.0 762000
1681630807193 762500.0 762500
1681630807794 763000.0 763000
1681630808332 763500.0 763500
1681630808632 764000.0 764000
1681630808985 764500.0 764500
1681630809817 765000.0 765000
1681630810178 765500.0 765500
1681630810711 766000.0 766000
1681630811064 766500.0 766500
1681630811411 767000.0 767000
1681630811912 767500.0 767500
1681630812318 768000.0 768000
1681630812840 768500.0 768500
1681630813206 769000.0 769000
1681630813717 769500.0 769500
1681630814178 770000.0 770000
1681630814948 770500.0 770500
1681630815452 771000.0 771000
1681630815972 771500.0 771500
1681630816443 772000.0 772000
1681630816968 772500.0 772500
1681630817303 773000.0 773000
1681630817616 773500.0 773500
1681630817960 774000.0 774000
1681630818331 774500.0 774500
1681630818649 775000.0 775000
1681630818945 775500.0 775500
1681630819269 776000.0 776000
1681630819516 776500.0 776500
1681630819955 777000.0 777000
1681630820316 777500.0 777500
1681630820792 778000.0 778000
1681630821267 778500.0 778500
1681630821494 779000.0 779000
1681630822023 779500.0 779500
1681630822426 780000.0 780000
1681630822684 780500.0 780500
1681630823345 781000.0 781000
1681630823763 781500.0 781500
1681630824011 782000.0 782000
1681630824318 782500.0 782500
1681630824755 783000.0 783000
1681630825034 783500.0 783500
1681630825328 784000.0 784000
1681630825598 784500.0 784500
1681630825909 785000.0 785000
1681630826230 785500.0 785500
1681630826732 786000.0 786000
1681630826992 786500.0 786500
1681630827563 787000.0 787000
1681630828015 787500.0 787500
1681630828280 788000.0 788000
1681630828567 788500.0 788500
1681630828889 789000.0 789000
1681630829179 789500.0 789500
1681630829410 790000.0 790000
1681630829646 790500.0 790500
1681630829912 791000.0 791000
1681630830156 791500.0 791500
1681630830431 792000.0 792000
1681630830687 792500.0 792500
1681630830978 793000.0 793000
1681630831399 793500.0 793500
1681630831726 794000.0 794000
1681630832091 794500.0 794500
1681630832383 795000.0 795000
1681630832795 795500.0 795500
1681630833137 796000.0 796000
1681630833884 796500.0 796500
1681630834496 797000.0 797000
1681630834758 797500.0 797500
1681630835145 798000.0 798000
1681630835472 798500.0 798500
1681630835717 799000.0 799000
1681630836129 799500.0 799500
1681630836529 800000.0 800000
1681630836850 800500.0 800500
1681630837294 801000.0 801000
1681630837950 801500.0 801500
1681630838283 802000.0 802000
1681630838760 802500.0 802500
1681630839174 803000.0 803000
1681630839870 803500.0 803500
1681630840384 804000.0 804000
1681630840905 804500.0 804500
1681630841340 805000.0 805000
1681630841920 805500.0 805500
1681630842351 806000.0 806000
1681630843028 806500.0 806500
1681630843548 807000.0 807000
1681630843870 807500.0 807500
1681630844312 808000.0 808000
1681630844574 808500.0 808500
1681630845140 809000.0 809000
1681630845687 809500.0 809500
1681630846162 810000.0 810000
1681630846568 810500.0 810500
1681630846823 811000.0 811000
1681630847066 811500.0 811500
1681630847307 812000.0 812000
1681630847975 812500.0 812500
1681630848317 813000.0 813000
1681630848702 813500.0 813500
1681630849273 814000.0 814000
1681630849813 814500.0 814500
1681630850656 815000.0 815000
1681630851076 815500.0 815500
1681630851552 816000.0 816000
1681630851919 816500.0 816500
1681630852382 817000.0 817000
1681630852786 817500.0 817500
1681630853293 818000.0 818000
1681630853767 818500.0 818500
1681630854381 819000.0 819000
1681630855030 819500.0 819500
1681630855823 820000.0 820000
1681630856095 820500.0 820500
1681630856691 821000.0 821000
1681630857059 821500.0 821500
1681630857500 822000.0 822000
1681630857806 822500.0 822500
1681630858246 823000.0 823000
1681630858588 823500.0 823500
1681630859495 824000.0 824000
1681630859916 824500.0 824500
1681630860398 825000.0 825000
1681630861148 825500.0 825500
1681630861471 826000.0 826000
1681630861800 826500.0 826500
1681630862168 827000.0 827000
1681630862749 827500.0 827500
1681630863151 828000.0 828000
1681630863607 828500.0 828500
1681630864145 829000.0 829000
1681630864765 829500.0 829500
1681630865249 830000.0 830000
1681630865963 830500.0 830500
1681630866205 831000.0 831000
1681630866639 831500.0 831500
1681630867075 832000.0 832000
1681630867480 832500.0 832500
1681630868172 833000.0 833000
1681630868543 833500.0 833500
1681630868767 834000.0 834000
1681630869018 834500.0 834500
1681630869220 835000.0 835000
1681630869555 835500.0 835500
1681630869764 836000.0 836000
1681630869981 836500.0 836500
1681630870361 837000.0 837000
1681630870705 837500.0 837500
1681630871315 838000.0 838000
1681630871534 838500.0 838500
1681630871741 839000.0 839000
1681630872038 839500.0 839500
1681630872527 840000.0 840000
1681630872792 840500.0 840500
1681630873383 841000.0 841000
1681630873979 841500.0 841500
1681630874390 842000.0 842000
1681630874699 842500.0 842500
1681630875388 843000.0 843000
1681630875750 843500.0 843500
1681630876008 844000.0 844000
1681630876412 844500.0 844500
1681630876775 845000.0 845000
1681630877552 845500.0 845500
1681630877928 846000.0 846000
1681630878660 846500.0 846500
1681630878954 847000.0 847000
1681630879202 847500.0 847500
1681630879632 848000.0 848000
1681630880028 848500.0 848500
1681630880293 849000.0 849000
1681630880534 849500.0 849500
1681630880800 850000.0 850000
1681630881154 850500.0 850500
1681630881461 851000.0 851000
1681630881913 851500.0 851500
1681630882180 852000.0 852000
1681630882764 852500.0 852500
1681630883230 853000.0 853000
1681630883558 853500.0 853500
1681630883807 854000.0 854000
1681630884365 854500.0 854500
1681630885043 855000.0 855000
1681630885310 855500.0 855500
1681630885721 856000.0 856000
1681630886068 856500.0 856500
1681630886910 857000.0 857000
1681630887421 857500.0 857500
1681630887622 858000.0 858000
1681630888032 858500.0 858500
1681630888311 859000.0 859000
1681630888713 859500.0 859500
1681630889132 860000.0 860000
1681630889416 860500.0 860500
1681630889920 861000.0 861000
1681630890351 861500.0 861500
1681630890930 862000.0 862000
1681630891315 862500.0 862500
1681630892045 863000.0 863000
1681630892369 863500.0 863500
1681630892667 864000.0 864000
1681630893518 864500.0 864500
1681630893908 865000.0 865000
1681630894454 865500.0 865500
1681630894868 866000.0 866000
1681630895303 866500.0 866500
1681630895584 867000.0 867000
1681630896082 867500.0 867500
1681630896441 868000.0 868000
1681630897168 868500.0 868500
1681630897444 869000.0 869000
1681630897952 869500.0 869500
1681630898324 870000.0 870000
1681630898874 870500.0 870500
1681630899520 871000.0 871000
1681630900010 871500.0 871500
1681630900641 872000.0 872000
1681630901071 872500.0 872500
1681630901348 873000.0 873000
1681630901714 873500.0 873500
1681630902021 874000.0 874000
1681630902302 874500.0 874500
1681630902843 875000.0 875000
1681630903270 875500.0 875500
1681630903953 876000.0 876000
1681630904478 876500.0 876500
1681630904758 877000.0 877000
1681630905246 877500.0 877500
1681630905503 878000.0 878000
1681630905715 878500.0 878500
1681630906265 879000.0 879000
1681630906672 879500.0 879500
1681630907475 880000.0 880000
1681630907885 880500.0 880500
1681630908272 881000.0 881000
1681630908550 881500.0 881500
1681630908969 882000.0 882000
1681630909197 882500.0 882500
1681630909438 883000.0 883000
1681630909771 883500.0 883500
1681630910806 884000.0 884000
1681630911139 884500.0 884500
1681630911393 885000.0 885000
1681630911945 885500.0 885500
1681630912290 886000.0 886000
1681630912543 886500.0 886500
1681630912887 887000.0 887000
1681630913243 887500.0 887500
1681630913490 888000.0 888000
1681630913725 888500.0 888500
1681630913935 889000.0 889000
1681630914267 889500.0 889500
1681630914612 890000.0 890000
1681630914804 890500.0 890500
1681630915268 891000.0 891000
1681630915607 891500.0 891500
1681630915816 892000.0 892000
1681630916055 892500.0 892500
1681630916368 893000.0 893000
1681630916821 893500.0 893500
1681630917161 894000.0 894000
1681630917729 894500.0 894500
1681630918138 895000.0 895000
1681630918865 895500.0 895500
1681630919425 896000.0 896000
1681630919832 896500.0 896500
1681630920218 897000.0 897000
1681630920698 897500.0 897500
1681630921155 898000.0 898000
1681630921474 898500.0 898500
1681630921728 899000.0 899000
1681630922146 899500.0 899500
1681630922446 900000.0 900000
1681630923029 900500.0 900500
1681630923383 901000.0 901000
1681630924097 901500.0 901500
1681630924369 902000.0 902000
1681630924604 902500.0 902500
1681630925095 903000.0 903000
1681630925443 903500.0 903500
1681630925996 904000.0 904000
1681630926342 904500.0 904500
1681630926986 905000.0 905000
1681630927376 905500.0 905500
1681630928176 906000.0 906000
1681630928580 906500.0 906500
1681630929015 907000.0 907000
1681630929368 907500.0 907500
1681630929827 908000.0 908000
1681630930363 908500.0 908500
1681630930837 909000.0 909000
1681630931328 909500.0 909500
1681630931642 910000.0 910000
1681630932206 910500.0 910500
1681630932544 911000.0 911000
1681630933012 911500.0 911500
1681630933368 912000.0 912000
1681630934049 912500.0 912500
1681630934476 913000.0 913000
1681630935062 913500.0 913500
1681630935425 914000.0 914000
1681630936028 914500.0 914500
1681630936384 915000.0 915000
1681630936674 915500.0 915500
1681630937044 916000.0 916000
1681630937485 916500.0 916500
1681630937751 917000.0 917000
1681630938104 917500.0 917500
1681630938454 918000.0 918000
1681630938814 918500.0 918500
1681630939182 919000.0 919000
1681630939493 919500.0 919500
1681630939814 920000.0 920000
1681630940081 920500.0 920500
1681630940454 921000.0 921000
1681630940867 921500.0 921500
1681630941154 922000.0 922000
1681630941781 922500.0 922500
1681630942182 923000.0 923000
1681630942393 923500.0 923500
1681630942675 924000.0 924000
1681630943000 924500.0 924500
1681630943433 925000.0 925000
1681630943693 925500.0 925500
1681630943992 926000.0 926000
1681630944271 926500.0 926500
1681630944497 927000.0 927000
1681630944831 927500.0 927500
1681630945131 928000.0 928000
1681630945417 928500.0 928500
1681630945778 929000.0 929000
1681630946048 929500.0 929500
1681630946407 930000.0 930000
1681630947105 930500.0 930500
1681630947405 931000.0 931000
1681630947757 931500.0 931500
1681630948094 932000.0 932000
1681630948362 932500.0 932500
1681630948626 933000.0 933000
1681630948862 933500.0 933500
1681630949090 934000.0 934000
1681630949359 934500.0 934500
1681630949645 935000.0 935000
1681630949927 935500.0 935500
1681630950144 936000.0 936000
1681630950420 936500.0 936500
1681630950669 937000.0 937000
1681630950947 937500.0 937500
1681630951241 938000.0 938000
1681630951548 938500.0 938500
1681630951868 939000.0 939000
1681630952096 939500.0 939500
1681630952337 940000.0 940000
1681630952574 940500.0 940500
1681630952929 941000.0 941000
1681630953235 941500.0 941500
1681630953574 942000.0 942000
1681630954201 942500.0 942500
1681630954623 943000.0 943000
1681630954912 943500.0 943500
1681630955492 944000.0 944000
1681630956185 944500.0 944500
1681630956562 945000.0 945000
1681630957059 945500.0 945500
1681630957400 946000.0 946000
1681630957995 946500.0 946500
1681630958469 947000.0 947000
1681630959040 947500.0 947500
1681630959549 948000.0 948000
1681630959783 948500.0 948500
1681630960419 949000.0 949000
1681630960971 949500.0 949500
1681630961204 950000.0 950000
1681630961886 950500.0 950500
1681630962429 951000.0 951000
1681630962811 951500.0 951500
1681630963156 952000.0 952000
1681630963539 952500.0 952500
1681630963890 953000.0 953000
1681630964215 953500.0 953500
1681630964502 954000.0 954000
1681630964812 954500.0 954500
1681630965065 955000.0 955000
1681630965370 955500.0 955500
1681630965625 956000.0 956000
1681630965906 956500.0 956500
1681630966311 957000.0 957000
1681630966567 957500.0 957500
1681630966796 958000.0 958000
1681630967031 958500.0 958500
1681630967363 959000.0 959000
1681630967876 959500.0 959500
1681630968190 960000.0 960000
1681630968510 960500.0 960500
1681630968874 961000.0 961000
1681630969158 961500.0 961500
1681630969373 962000.0 962000
1681630969635 962500.0 962500
1681630969966 963000.0 963000
1681630970400 963500.0 963500
1681630970696 964000.0 964000
1681630971038 964500.0 964500
1681630971265 965000.0 965000
1681630971593 965500.0 965500
1681630971929 966000.0 966000
1681630972259 966500.0 966500
1681630972685 967000.0 967000
1681630973106 967500.0 967500
1681630973507 968000.0 968000
1681630973717 968500.0 968500
1681630973930 969000.0 969000
1681630974550 969500.0 969500
1681630975138 970000.0 970000
1681630975357 970500.0 970500
1681630975561 971000.0 971000
1681630975787 971500.0 971500
1681630976041 972000.0 972000
1681630976428 972500.0 972500
1681630976779 973000.0 973000
1681630977137 973500.0 973500
1681630977876 974000.0 974000
1681630978573 974500.0 974500
1681630978833 975000.0 975000
1681630979243 975500.0 975500
1681630979636 976000.0 976000
1681630979869 976500.0 976500
1681630980148 977000.0 977000
1681630980445 977500.0 977500
1681630980787 978000.0 978000
1681630981485 978500.0 978500
1681630981888 979000.0 979000
1681630982283 979500.0 979500
1681630982534 980000.0 980000
1681630982968 980500.0 980500
1681630983277 981000.0 981000
1681630983532 981500.0 981500
1681630983906 982000.0 982000
1681630984163 982500.0 982500
1681630984429 983000.0 983000
1681630984872 983500.0 983500
1681630985252 984000.0 984000
1681630985757 984500.0 984500
1681630986231 985000.0 985000
1681630986535 985500.0 985500
1681630986899 986000.0 986000
1681630987155 986500.0 986500
1681630987594 987000.0 987000
1681630987972 987500.0 987500
1681630988332 988000.0 988000
1681630988699 988500.0 988500
1681630988964 989000.0 989000
1681630989327 989500.0 989500
1681630989600 990000.0 990000
1681630989851 990500.0 990500
1681630990181 991000.0 991000
1681630990603 991500.0 991500
1681630990881 992000.0 992000
1681630991082 992500.0 992500
1681630991373 993000.0 993000
1681630991794 993500.0 993500
1681630992013 994000.0 994000
1681630992258 994500.0 994500
1681630992499 995000.0 995000
1681630992792 995500.0 995500
1681630993139 996000.0 996000
1681630993339 996500.0 996500
1681630993597 997000.0 997000
1681630993803 997500.0 997500
1681630994060 998000.0 998000
1681630994257 998500.0 998500
1681630994627 999000.0 999000
1681630994858 999500.0 999500
1681630995133 1000000.0 1000000
