1681145966433 2096.0 500
1681145966626 2278.0 1000
1681145966807 2419.0 1500
1681145967038 2349.0 2000
1681145967242 2370.0 2500
1681145967458 2360.0 3000
1681145967693 2324.0 3500
1681145967906 2326.0 4000
1681145968107 2343.0 4500
1681145968349 2312.0 5000
1681145968562 2315.0 5500
1681145968806 2290.0 6000
1681145969086 2242.0 6500
1681145969371 2198.0 7000
1681145969714 2126.0 7500
1681145970472 1866.0 8000
1681145970778 1851.0 8500
1681145970990 1873.0 9000
1681145971624 1747.0 9500
1681145972070 1699.0 10000
1681145972313 2354.0 10500
1681145972541 2269.0 11000
1681145972791 2171.0 11500
1681145972989 2251.0 12000
1681145973216 2241.0 12500
1681145973442 2235.0 13000
1681145973687 2205.0 13500
1681145973925 2191.0 14000
1681145974157 2188.0 14500
1681145974394 2179.0 15000
1681145974660 2148.0 15500
1681145974875 2162.0 16000
1681145975089 2174.0 16500
1681145975314 2178.0 17000
1681145975538 2181.0 17500
1681145975765 2183.0 18000
1681145976008 2175.0 18500
1681145976256 2165.0 19000
1681145976542 2138.0 19500
1681145976742 2154.0 20000
1681145976983 2138.0 20500
1681145977291 1848.0 21000
1681145977550 1873.0 21500
1681145977778 1944.0 22000
1681145977994 2009.0 22500
1681145978190 2082.0 23000
1681145978424 2090.0 23500
1681145978740 2009.0 24000
1681145978980 2017.0 24500
1681145979211 2031.0 25000
1681145979438 2045.0 25500
1681145979739 2006.0 26000
1681145980018 1988.0 26500
1681145980216 2019.0 27000
1681145980478 2011.0 27500
1681145980692 2029.0 28000
1681145980973 2012.0 28500
1681145981203 2020.0 29000
1681145981468 2013.0 29500
1681145981698 2020.0 30000
1681145981933 2205.0 30500
1681145982190 2065.0 31000
1681145982392 2187.0 31500
1681145982615 2199.0 32000
1681145982841 2203.0 32500
1681145983154 2071.0 33000
1681145983403 2062.0 33500
1681145983680 2026.0 34000
1681145983960 1996.0 34500
1681145984253 1963.0 35000
1681145984490 1975.0 35500
1681145984728 1985.0 36000
1681145984986 1981.0 36500
1681145985381 1904.0 37000
1681145985632 1910.0 37500
1681145985996 1864.0 38000
1681145986257 1867.0 38500
1681145986514 1871.0 39000
1681145986770 1875.0 39500
1681145987043 1873.0 40000
1681145987248 2539.0 40500
1681145987491 2273.0 41000
1681145987738 2183.0 41500
1681145987955 2210.0 42000
1681145988219 2139.0 42500
1681145988460 2128.0 43000
1681145988706 2114.0 43500
1681145989019 2032.0 44000
1681145989310 1991.0 44500
1681145989572 1983.0 45000
1681145989834 1975.0 45500
1681145990050 2000.0 46000
1681145990317 1989.0 46500
1681145990584 1980.0 47000
1681145990951 1923.0 47500
1681145991173 1940.0 48000
1681145991419 1945.0 48500
1681145991648 1957.0 49000
1681145992116 1875.0 49500
1681145992415 1864.0 50000
1681145992685 1903.0 50500
1681145992948 1900.0 51000
1681145993218 1883.0 51500
1681145993441 1962.0 52000
1681145993689 1972.0 52500
1681145993956 1955.0 53000
1681145994167 2005.0 53500
1681145994380 2043.0 54000
1681145994655 2015.0 54500
1681145994901 2017.0 55000
1681145995174 1998.0 55500
1681145995402 2013.0 56000
1681145995862 1889.0 56500
1681145996100 1903.0 57000
1681145996382 1894.0 57500
1681145996594 1917.0 58000
1681145996838 1924.0 58500
1681145997071 1935.0 59000
1681145997473 1880.0 59500
1681145997723 1886.0 60000
1681145997953 2256.0 60500
1681145998151 2383.0 61000
1681145998405 2226.0 61500
1681145998658 2157.0 62000
1681145998955 2042.0 62500
1681145999300 1912.0 63000
1681145999528 1947.0 63500
1681145999764 1967.0 64000
1681146000035 1953.0 64500
1681146000276 1964.0 65000
1681146000639 1891.0 65500
1681146000926 1877.0 66000
1681146001147 1902.0 66500
1681146001356 1931.0 67000
1681146001675 1902.0 67500
1681146002030 1861.0 68000
1681146002224 1892.0 68500
1681146002532 1874.0 69000
1681146002781 1881.0 69500
1681146003056 1877.0 70000
1681146003327 1902.0 70500
1681146003771 1415.0 71000
1681146004053 1516.0 71500
1681146004311 1603.0 72000
1681146004692 1535.0 72500
1681146004929 1609.0 73000
1681146005132 1692.0 73500
1681146005396 1715.0 74000
1681146005991 1537.0 74500
1681146006389 1504.0 75000
1681146006752 1491.0 75500
1681146007097 1487.0 76000
1681146007401 1498.0 76500
1681146007647 1527.0 77000
1681146007930 1541.0 77500
1681146008189 1561.0 78000
1681146008442 1580.0 78500
1681146008684 1601.0 79000
1681146008906 1626.0 79500
1681146009124 1650.0 80000
1681146009403 1844.0 80500
1681146009638 1976.0 81000
1681146009885 1992.0 81500
1681146010172 1924.0 82000
1681146010442 1908.0 82500
1681146010641 1988.0 83000
1681146010927 1949.0 83500
1681146011180 1953.0 84000
1681146011427 1961.0 84500
1681146011738 1919.0 85000
1681146011965 1941.0 85500
1681146012313 1886.0 86000
1681146012539 1908.0 86500
1681146012840 1887.0 87000
1681146013129 1876.0 87500
1681146013404 1873.0 88000
1681146013621 1893.0 88500
1681146014124 1802.0 89000
1681146014588 1741.0 89500
1681146015072 1683.0 90000
1681146015315 2121.0 90500
1681146015630 1814.0 91000
1681146015846 1956.0 91500
1681146016129 1904.0 92000
1681146016674 1567.0 92500
1681146016893 1654.0 93000
1681146017123 1712.0 93500
1681146017653 1554.0 94000
1681146018016 1532.0 94500
1681146018293 1556.0 95000
1681146018657 1537.0 95500
1681146018990 1534.0 96000
1681146019290 1543.0 96500
1681146019511 1579.0 97000
1681146019800 1588.0 97500
1681146020004 1624.0 98000
1681146020220 1653.0 98500
1681146020452 1675.0 99000
1681146020681 1695.0 99500
1681146020930 1709.0 100000
1681146021243 1637.0 100500
1681146021554 1625.0 101000
1681146021830 1680.0 101500
1681146022195 1591.0 102000
1681146022407 1701.0 102500
1681146022700 1702.0 103000
1681146023036 1668.0 103500
1681146023424 1609.0 104000
1681146024144 1403.0 104500
1681146024613 1361.0 105000
1681146025438 1222.0 105500
1681146025669 1268.0 106000
1681146026026 1277.0 106500
1681146026586 1239.0 107000
1681146027713 1106.0 107500
1681146027953 1140.0 108000
1681146028238 1164.0 108500
1681146028872 1134.0 109000
1681146029169 1154.0 109500
1681146029692 1142.0 110000
1681146029954 1978.0 110500
1681146030290 1694.0 111000
1681146030646 1586.0 111500
1681146031044 1488.0 112000
1681146031919 1127.0 112500
1681146032468 1083.0 113000
1681146032661 1182.0 113500
1681146033087 1181.0 114000
1681146034301 978.0 114500
1681146034510 1039.0 115000
1681146034987 1040.0 115500
1681146035475 1039.0 116000
1681146035793 1066.0 116500
1681146036095 1094.0 117000
1681146036737 1065.0 117500
1681146037026 1092.0 118000
1681146037313 1116.0 118500
1681146037903 1097.0 119000
1681146038588 1068.0 119500
1681146039102 1063.0 120000
1681146039663 902.0 120500
1681146040225 896.0 121000
1681146040801 886.0 121500
1681146041185 963.0 122000
1681146041795 931.0 122500
1681146042615 855.0 123000
1681146043243 846.0 123500
1681146043962 824.0 124000
1681146044232 878.0 124500
1681146044498 927.0 125000
1681146045178 906.0 125500
1681146045621 921.0 126000
1681146046047 936.0 126500
1681146046441 954.0 127000
1681146047573 886.0 127500
1681146047945 905.0 128000
1681146048347 920.0 128500
1681146049080 902.0 129000
1681146049748 892.0 129500
1681146050096 910.0 130000
1681146050723 806.0 130500
1681146051221 895.0 131000
1681146051479 1090.0 131500
1681146052099 1002.0 132000
1681146052782 933.0 132500
1681146053005 1033.0 133000
1681146053301 1094.0 133500
1681146053840 1070.0 134000
1681146054576 1006.0 134500
1681146054804 1063.0 135000
1681146055390 1040.0 135500
1681146055861 1042.0 136000
1681146056630 995.0 136500
1681146057105 999.0 137000
1681146057364 1033.0 137500
1681146057566 1072.0 138000
1681146057783 1106.0 138500
1681146058011 1138.0 139000
1681146058460 1137.0 139500
1681146058648 1170.0 140000
1681146059050 1268.0 140500
1681146059757 907.0 141000
1681146060231 951.0 141500
1681146061193 788.0 142000
1681146061575 856.0 142500
1681146062238 837.0 143000
1681146062679 869.0 143500
1681146063416 840.0 144000
1681146063817 871.0 144500
1681146064488 857.0 145000
1681146064698 910.0 145500
1681146064998 945.0 146000
1681146065240 987.0 146500
1681146065513 1020.0 147000
1681146065929 1031.0 147500
1681146066371 1036.0 148000
1681146067392 972.0 148500
1681146067628 1003.0 149000
1681146068170 998.0 149500
1681146068645 1001.0 150000
1681146069313 757.0 150500
1681146069890 808.0 151000
1681146070137 1010.0 151500
1681146070623 1015.0 152000
1681146071585 852.0 152500
1681146071908 921.0 153000
1681146072873 829.0 153500
1681146073253 869.0 154000
1681146073646 901.0 154500
1681146074320 882.0 155000
1681146074586 927.0 155500
1681146075271 906.0 156000
1681146076060 877.0 156500
1681146076545 887.0 157000
1681146077063 891.0 157500
1681146077413 913.0 158000
1681146077686 941.0 158500
1681146078242 938.0 159000
1681146079039 914.0 159500
1681146079660 908.0 160000
1681146080552 565.0 160500
1681146080856 840.0 161000
1681146081395 868.0 161500
1681146081978 865.0 162000
1681146082312 945.0 162500
1681146083236 840.0 163000
1681146083885 829.0 163500
1681146084367 851.0 164000
1681146084691 895.0 164500
1681146085347 880.0 165000
1681146085842 891.0 165500
1681146086264 909.0 166000
1681146087328 848.0 166500
1681146087731 868.0 167000
1681146088690 831.0 167500
1681146089053 852.0 168000
1681146089499 864.0 168500
1681146090435 835.0 169000
1681146090851 849.0 169500
1681146091579 839.0 170000
1681146091993 1227.0 170500
1681146092812 816.0 171000
1681146093309 870.0 171500
1681146094355 722.0 172000
1681146094609 826.0 172500
1681146094965 887.0 173000
1681146095846 821.0 173500
1681146096186 869.0 174000
1681146096558 905.0 174500
1681146096894 941.0 175000
1681146097146 989.0 175500
1681146097863 955.0 176000
1681146098395 954.0 176500
1681146098856 962.0 177000
1681146099918 900.0 177500
1681146100325 915.0 178000
1681146101043 898.0 178500
1681146101321 924.0 179000
1681146102001 912.0 179500
1681146102684 901.0 180000
1681146103189 1008.0 180500
1681146103670 1024.0 181000
1681146104149 1031.0 181500
1681146104609 1043.0 182000
1681146105452 906.0 182500
1681146105902 934.0 183000
1681146106734 866.0 183500
1681146106989 931.0 184000
1681146107537 929.0 184500
1681146108107 923.0 185000
1681146108758 906.0 185500
1681146109335 903.0 186000
1681146109664 932.0 186500
1681146109928 967.0 187000
1681146110298 986.0 187500
1681146110861 979.0 188000
1681146111279 989.0 188500
1681146111772 991.0 189000
1681146112575 961.0 189500
1681146113345 938.0 190000
1681146113690 1479.0 190500
1681146114302 1052.0 191000
1681146114713 1102.0 191500
1681146115318 1017.0 192000
1681146115797 1022.0 192500
1681146116163 1067.0 193000
1681146116694 1047.0 193500
1681146117212 1036.0 194000
1681146117686 1038.0 194500
1681146118082 1057.0 195000
1681146118688 1030.0 195500
1681146119059 1051.0 196000
1681146119352 1083.0 196500
1681146119638 1113.0 197000
1681146119938 1138.0 197500
1681146120270 1156.0 198000
1681146120571 1177.0 198500
1681146120819 1205.0 199000
1681146121089 1227.0 199500
1681146121449 1235.0 200000
1681146121779 1550.0 200500
1681146122083 1597.0 201000
1681146122363 1655.0 201500
1681146122686 1627.0 202000
1681146123022 1597.0 202500
1681146123305 1623.0 203000
1681146123651 1595.0 203500
1681146123946 1607.0 204000
1681146124275 1596.0 204500
1681146124697 1543.0 205000
1681146125081 1517.0 205500
1681146125621 1441.0 206000
1681146126130 1391.0 206500
1681146126475 1395.0 207000
1681146126846 1391.0 207500
1681146127362 1354.0 208000
1681146127740 1352.0 208500
1681146128017 1371.0 209000
1681146128337 1380.0 209500
1681146128665 1387.0 210000
1681146129117 1126.0 210500
1681146129643 1030.0 211000
1681146130047 1091.0 211500
1681146130360 1185.0 212000
1681146130765 1194.0 212500
1681146131025 1275.0 213000
1681146131358 1303.0 213500
1681146131723 1311.0 214000
1681146132049 1332.0 214500
1681146132376 1350.0 215000
1681146132616 1394.0 215500
1681146132951 1402.0 216000
1681146133239 1423.0 216500
1681146133672 1400.0 217000
1681146134186 1360.0 217500
1681146134469 1380.0 218000
1681146134776 1392.0 218500
1681146135151 1389.0 219000
1681146135429 1406.0 219500
1681146135866 1390.0 220000
1681146136311 1147.0 220500
1681146136693 1222.0 221000
1681146136964 1377.0 221500
1681146137198 1511.0 222000
1681146137477 1560.0 222500
1681146137833 1532.0 223000
1681146138126 1554.0 223500
1681146138479 1536.0 224000
1681146138789 1544.0 224500
1681146139102 1549.0 225000
1681146139427 1548.0 225500
1681146139770 1540.0 226000
1681146140030 1564.0 226500
1681146140495 1515.0 227000
1681146140828 1514.0 227500
1681146141079 1537.0 228000
1681146141433 1529.0 228500
1681146141801 1518.0 229000
1681146142208 1499.0 229500
1681146142721 1460.0 230000
1681146143105 1325.0 230500
1681146143527 1252.0 231000
1681146144208 1013.0 231500
1681146144584 1077.0 232000
1681146145307 969.0 232500
1681146146258 849.0 233000
1681146146755 869.0 233500
1681146147102 914.0 234000
1681146147433 956.0 234500
1681146147798 986.0 235000
1681146148138 1016.0 235500
1681146148658 1011.0 236000
1681146148926 1048.0 236500
1681146149232 1076.0 237000
1681146149517 1104.0 237500
1681146149730 1142.0 238000
1681146150002 1168.0 238500
1681146150223 1200.0 239000
1681146150438 1232.0 239500
1681146150657 1261.0 240000
1681146150889 2239.0 240500
1681146151087 2373.0 241000
1681146151307 2340.0 241500
1681146151502 2392.0 242000
1681146151700 2416.0 242500
1681146151905 2421.0 243000
1681146152131 2389.0 243500
1681146152374 2341.0 244000
1681146152572 2360.0 244500
1681146152855 2283.0 245000
1681146153110 2250.0 245500
1681146153331 2251.0 246000
1681146153614 2204.0 246500
1681146153984 2109.0 247000
1681146154306 2060.0 247500
1681146154506 2083.0 248000
1681146154750 2081.0 248500
1681146155036 2059.0 249000
1681146155388 2011.0 249500
1681146155636 2012.0 250000
1681146155871 2197.0 250500
1681146156163 1924.0 251000
1681146156532 1688.0 251500
1681146157038 1434.0 252000
1681146157296 1513.0 252500
1681146157531 1590.0 253000
1681146157809 1616.0 253500
1681146158150 1596.0 254000
1681146158511 1569.0 254500
1681146158913 1529.0 255000
1681146159218 1538.0 255500
1681146159452 1575.0 256000
1681146159657 1619.0 256500
1681146159889 1648.0 257000
1681146160363 1589.0 257500
1681146160701 1581.0 258000
1681146161046 1573.0 258500
1681146161401 1563.0 259000
1681146161720 1563.0 259500
1681146161992 1575.0 260000
1681146162243 2048.0 260500
1681146162520 1922.0 261000
1681146162875 1713.0 261500
1681146163244 1607.0 262000
1681146163455 1717.0 262500
1681146163952 1537.0 263000
1681146164206 1585.0 263500
1681146164430 1645.0 264000
1681146164743 1640.0 264500
1681146165215 1554.0 265000
1681146165565 1542.0 265500
1681146165919 1530.0 266000
1681146166159 1562.0 266500
1681146166530 1544.0 267000
1681146166735 1583.0 267500
1681146167003 1598.0 268000
1681146167415 1569.0 268500
1681146167941 1514.0 269000
1681146168485 1465.0 269500
1681146168883 1453.0 270000
1681146169227 1487.0 270500
1681146169481 1694.0 271000
1681146170072 1269.0 271500
1681146170460 1274.0 272000
1681146170992 1190.0 272500
1681146171340 1225.0 273000
1681146172045 1109.0 273500
1681146172330 1163.0 274000
1681146172831 1142.0 274500
1681146173175 1167.0 275000
1681146173581 1172.0 275500
1681146173927 1191.0 276000
1681146174234 1216.0 276500
1681146174506 1246.0 277000
1681146175231 1183.0 277500
1681146175831 1152.0 278000
1681146176369 1136.0 278500
1681146176784 1140.0 279000
1681146177055 1163.0 279500
1681146177298 1189.0 280000
1681146177665 1391.0 280500
1681146178113 1238.0 281000
1681146178909 935.0 281500
1681146179233 1037.0 282000
1681146179682 1051.0 282500
1681146180059 1089.0 283000
1681146180646 1047.0 283500
1681146180895 1114.0 284000
1681146181241 1143.0 284500
1681146181687 1141.0 285000
1681146182204 1123.0 285500
1681146182626 1127.0 286000
1681146183152 1111.0 286500
1681146183602 1111.0 287000
1681146184173 1092.0 287500
1681146184619 1093.0 288000
1681146185231 1072.0 288500
1681146185867 1051.0 289000
1681146187035 976.0 289500
1681146187386 992.0 290000
1681146187850 1097.0 290500
1681146188434 961.0 291000
1681146189428 737.0 291500
1681146189808 828.0 292000
1681146190271 869.0 292500
1681146190771 888.0 293000
1681146191423 868.0 293500
1681146191900 887.0 294000
1681146192675 852.0 294500
1681146193019 888.0 295000
1681146193503 900.0 295500
1681146193983 910.0 296000
1681146194584 904.0 296500
1681146195165 900.0 297000
1681146196075 863.0 297500
1681146196551 873.0 298000
1681146197252 862.0 298500
1681146197694 873.0 299000
1681146198308 870.0 299500
1681146198776 878.0 300000
