1681145966433 100.0 500
1681145966626 200.0 1000
1681145966807 300.0 1500
1681145967039 400.0 2000
1681145967243 500.0 2500
1681145967458 600.0 3000
1681145967693 700.0 3500
1681145967906 800.0 4000
1681145968107 900.0 4500
1681145968350 1000.0 5000
1681145968562 1100.0 5500
1681145968806 1200.0 6000
1681145969086 1300.0 6500
1681145969371 1400.0 7000
1681145969714 1500.0 7500
1681145970473 1600.0 8000
1681145970778 1700.0 8500
1681145970990 1800.0 9000
1681145971625 1900.0 9500
1681145972071 2000.0 10000
1681145972313 100.0 10500
1681145972541 200.0 11000
1681145972792 300.0 11500
1681145972989 400.0 12000
1681145973216 500.0 12500
1681145973443 600.0 13000
1681145973688 700.0 13500
1681145973926 800.0 14000
1681145974157 900.0 14500
1681145974394 1000.0 15000
1681145974660 1100.0 15500
1681145974875 1200.0 16000
1681145975090 1300.0 16500
1681145975314 1400.0 17000
1681145975538 1500.0 17500
1681145975765 1600.0 18000
1681145976008 1700.0 18500
1681145976257 1800.0 19000
1681145976542 1900.0 19500
1681145976743 2000.0 20000
1681145976984 100.0 20500
1681145977291 200.0 21000
1681145977551 300.0 21500
1681145977779 400.0 22000
1681145977994 500.0 22500
1681145978190 600.0 23000
1681145978425 700.0 23500
1681145978741 800.0 24000
1681145978981 900.0 24500
1681145979211 1000.0 25000
1681145979439 1100.0 25500
1681145979740 1200.0 26000
1681145980019 1300.0 26500
1681145980216 1400.0 27000
1681145980479 1500.0 27500
1681145980693 1600.0 28000
1681145980974 1700.0 28500
1681145981203 1800.0 29000
1681145981468 1900.0 29500
1681145981699 2000.0 30000
1681145981933 100.0 30500
1681145982191 200.0 31000
1681145982392 300.0 31500
1681145982616 400.0 32000
1681145982841 500.0 32500
1681145983155 600.0 33000
1681145983403 700.0 33500
1681145983680 800.0 34000
1681145983960 900.0 34500
1681145984254 1000.0 35000
1681145984490 1100.0 35500
1681145984728 1200.0 36000
1681145984986 1300.0 36500
1681145985381 1400.0 37000
1681145985632 1500.0 37500
1681145985997 1600.0 38000
1681145986257 1700.0 38500
1681145986514 1800.0 39000
1681145986771 1900.0 39500
1681145987043 2000.0 40000
1681145987248 100.0 40500
1681145987491 200.0 41000
1681145987738 300.0 41500
1681145987956 400.0 42000
1681145988219 500.0 42500
1681145988460 600.0 43000
1681145988707 700.0 43500
1681145989019 800.0 44000
1681145989310 900.0 44500
1681145989573 1000.0 45000
1681145989835 1100.0 45500
1681145990051 1200.0 46000
1681145990318 1300.0 46500
1681145990585 1400.0 47000
1681145990951 1500.0 47500
1681145991174 1600.0 48000
1681145991420 1700.0 48500
1681145991649 1800.0 49000
1681145992116 1900.0 49500
1681145992415 2000.0 50000
1681145992685 100.0 50500
1681145992949 200.0 51000
1681145993219 300.0 51500
1681145993442 400.0 52000
1681145993690 500.0 52500
1681145993957 600.0 53000
1681145994167 700.0 53500
1681145994380 800.0 54000
1681145994655 900.0 54500
1681145994901 1000.0 55000
1681145995174 1100.0 55500
1681145995403 1200.0 56000
1681145995862 1300.0 56500
1681145996101 1400.0 57000
1681145996382 1500.0 57500
1681145996594 1600.0 58000
1681145996838 1700.0 58500
1681145997072 1800.0 59000
1681145997473 1900.0 59500
1681145997723 2000.0 60000
1681145997953 100.0 60500
1681145998151 200.0 61000
1681145998405 300.0 61500
1681145998659 400.0 62000
1681145998955 500.0 62500
1681145999301 600.0 63000
1681145999528 700.0 63500
1681145999765 800.0 64000
1681146000035 900.0 64500
1681146000276 1000.0 65000
1681146000640 1100.0 65500
1681146000927 1200.0 66000
1681146001148 1300.0 66500
1681146001356 1400.0 67000
1681146001675 1500.0 67500
1681146002030 1600.0 68000
1681146002224 1700.0 68500
1681146002533 1800.0 69000
1681146002782 1900.0 69500
1681146003057 2000.0 70000
1681146003328 100.0 70500
1681146003771 200.0 71000
1681146004054 300.0 71500
1681146004312 400.0 72000
1681146004693 500.0 72500
1681146004929 600.0 73000
1681146005132 700.0 73500
1681146005397 800.0 74000
1681146005992 900.0 74500
1681146006389 1000.0 75000
1681146006752 1100.0 75500
1681146007098 1200.0 76000
1681146007401 1300.0 76500
1681146007648 1400.0 77000
1681146007930 1500.0 77500
1681146008189 1600.0 78000
1681146008443 1700.0 78500
1681146008684 1800.0 79000
1681146008906 1900.0 79500
1681146009125 2000.0 80000
1681146009404 100.0 80500
1681146009639 200.0 81000
1681146009886 300.0 81500
1681146010172 400.0 82000
1681146010443 500.0 82500
1681146010642 600.0 83000
1681146010928 700.0 83500
1681146011181 800.0 84000
1681146011427 900.0 84500
1681146011738 1000.0 85000
1681146011965 1100.0 85500
1681146012314 1200.0 86000
1681146012539 1300.0 86500
1681146012841 1400.0 87000
1681146013130 1500.0 87500
1681146013404 1600.0 88000
1681146013621 1700.0 88500
1681146014125 1800.0 89000
1681146014588 1900.0 89500
1681146015072 2000.0 90000
1681146015315 100.0 90500
1681146015631 200.0 91000
1681146015846 300.0 91500
1681146016130 400.0 92000
1681146016674 500.0 92500
1681146016893 600.0 93000
1681146017123 700.0 93500
1681146017653 800.0 94000
1681146018017 900.0 94500
1681146018293 1000.0 95000
1681146018658 1100.0 95500
1681146018990 1200.0 96000
1681146019291 1300.0 96500
1681146019511 1400.0 97000
1681146019801 1500.0 97500
1681146020004 1600.0 98000
1681146020220 1700.0 98500
1681146020452 1800.0 99000
1681146020682 1900.0 99500
1681146020931 2000.0 100000
1681146021244 100.0 100500
1681146021554 200.0 101000
1681146021831 300.0 101500
1681146022195 400.0 102000
1681146022408 500.0 102500
1681146022701 600.0 103000
1681146023037 700.0 103500
1681146023424 800.0 104000
1681146024144 900.0 104500
1681146024614 1000.0 105000
1681146025439 1100.0 105500
1681146025669 1200.0 106000
1681146026027 1300.0 106500
1681146026587 1400.0 107000
1681146027714 1500.0 107500
1681146027953 1600.0 108000
1681146028238 1700.0 108500
1681146028872 1800.0 109000
1681146029169 1900.0 109500
1681146029692 2000.0 110000
1681146029954 100.0 110500
1681146030291 200.0 111000
1681146030647 300.0 111500
1681146031044 400.0 112000
1681146031919 500.0 112500
1681146032469 600.0 113000
1681146032662 700.0 113500
1681146033087 800.0 114000
1681146034301 900.0 114500
1681146034511 1000.0 115000
1681146034988 1100.0 115500
1681146035476 1200.0 116000
1681146035793 1300.0 116500
1681146036095 1400.0 117000
1681146036738 1500.0 117500
1681146037026 1600.0 118000
1681146037313 1700.0 118500
1681146037904 1800.0 119000
1681146038588 1900.0 119500
1681146039102 2000.0 120000
1681146039664 100.0 120500
1681146040226 200.0 121000
1681146040802 300.0 121500
1681146041186 400.0 122000
1681146041795 500.0 122500
1681146042616 600.0 123000
1681146043243 700.0 123500
1681146043963 800.0 124000
1681146044232 900.0 124500
1681146044498 1000.0 125000
1681146045179 1100.0 125500
1681146045622 1200.0 126000
1681146046048 1300.0 126500
1681146046442 1400.0 127000
1681146047573 1500.0 127500
1681146047946 1600.0 128000
1681146048347 1700.0 128500
1681146049081 1800.0 129000
1681146049748 1900.0 129500
1681146050097 2000.0 130000
1681146050724 100.0 130500
1681146051221 200.0 131000
1681146051479 300.0 131500
1681146052099 400.0 132000
1681146052782 500.0 132500
1681146053005 600.0 133000
1681146053302 700.0 133500
1681146053841 800.0 134000
1681146054577 900.0 134500
1681146054805 1000.0 135000
1681146055390 1100.0 135500
1681146055861 1200.0 136000
1681146056630 1300.0 136500
1681146057105 1400.0 137000
1681146057364 1500.0 137500
1681146057566 1600.0 138000
1681146057784 1700.0 138500
1681146058011 1800.0 139000
1681146058460 1900.0 139500
1681146058648 2000.0 140000
1681146059050 100.0 140500
1681146059757 200.0 141000
1681146060232 300.0 141500
1681146061194 400.0 142000
1681146061575 500.0 142500
1681146062238 600.0 143000
1681146062679 700.0 143500
1681146063417 800.0 144000
1681146063818 900.0 144500
1681146064489 1000.0 145000
1681146064698 1100.0 145500
1681146064998 1200.0 146000
1681146065240 1300.0 146500
1681146065514 1400.0 147000
1681146065929 1500.0 147500
1681146066371 1600.0 148000
1681146067392 1700.0 148500
1681146067628 1800.0 149000
1681146068171 1900.0 149500
1681146068646 2000.0 150000
1681146069314 100.0 150500
1681146069890 200.0 151000
1681146070137 300.0 151500
1681146070623 400.0 152000
1681146071585 500.0 152500
1681146071908 600.0 153000
1681146072874 700.0 153500
1681146073254 800.0 154000
1681146073647 900.0 154500
1681146074321 1000.0 155000
1681146074587 1100.0 155500
1681146075271 1200.0 156000
1681146076060 1300.0 156500
1681146076546 1400.0 157000
1681146077063 1500.0 157500
1681146077413 1600.0 158000
1681146077686 1700.0 158500
1681146078242 1800.0 159000
1681146079039 1900.0 159500
1681146079660 2000.0 160000
1681146080552 100.0 160500
1681146080857 200.0 161000
1681146081395 300.0 161500
1681146081978 400.0 162000
1681146082312 500.0 162500
1681146083236 600.0 163000
1681146083885 700.0 163500
1681146084368 800.0 164000
1681146084692 900.0 164500
1681146085347 1000.0 165000
1681146085842 1100.0 165500
1681146086264 1200.0 166000
1681146087329 1300.0 166500
1681146087732 1400.0 167000
1681146088691 1500.0 167500
1681146089053 1600.0 168000
1681146089499 1700.0 168500
1681146090435 1800.0 169000
1681146090852 1900.0 169500
1681146091579 2000.0 170000
1681146091994 100.0 170500
1681146092812 200.0 171000
1681146093310 300.0 171500
1681146094356 400.0 172000
1681146094610 500.0 172500
1681146094965 600.0 173000
1681146095846 700.0 173500
1681146096187 800.0 174000
1681146096559 900.0 174500
1681146096895 1000.0 175000
1681146097147 1100.0 175500
1681146097863 1200.0 176000
1681146098396 1300.0 176500
1681146098856 1400.0 177000
1681146099918 1500.0 177500
1681146100325 1600.0 178000
1681146101044 1700.0 178500
1681146101321 1800.0 179000
1681146102001 1900.0 179500
1681146102685 2000.0 180000
1681146103190 100.0 180500
1681146103670 200.0 181000
1681146104149 300.0 181500
1681146104610 400.0 182000
1681146105452 500.0 182500
1681146105903 600.0 183000
1681146106734 700.0 183500
1681146106990 800.0 184000
1681146107538 900.0 184500
1681146108107 1000.0 185000
1681146108759 1100.0 185500
1681146109336 1200.0 186000
1681146109665 1300.0 186500
1681146109928 1400.0 187000
1681146110299 1500.0 187500
1681146110862 1600.0 188000
1681146111280 1700.0 188500
1681146111772 1800.0 189000
1681146112576 1900.0 189500
1681146113345 2000.0 190000
1681146113691 100.0 190500
1681146114303 200.0 191000
1681146114713 300.0 191500
1681146115319 400.0 192000
1681146115797 500.0 192500
1681146116163 600.0 193000
1681146116694 700.0 193500
1681146117213 800.0 194000
1681146117687 900.0 194500
1681146118082 1000.0 195000
1681146118689 1100.0 195500
1681146119059 1200.0 196000
1681146119352 1300.0 196500
1681146119639 1400.0 197000
1681146119938 1500.0 197500
1681146120271 1600.0 198000
1681146120571 1700.0 198500
1681146120820 1800.0 199000
1681146121089 1900.0 199500
1681146121450 2000.0 200000
1681146121780 100.0 200500
1681146122083 200.0 201000
1681146122364 300.0 201500
1681146122686 400.0 202000
1681146123022 500.0 202500
1681146123306 600.0 203000
1681146123651 700.0 203500
1681146123946 800.0 204000
1681146124276 900.0 204500
1681146124698 1000.0 205000
1681146125081 1100.0 205500
1681146125621 1200.0 206000
1681146126130 1300.0 206500
1681146126475 1400.0 207000
1681146126847 1500.0 207500
1681146127363 1600.0 208000
1681146127741 1700.0 208500
1681146128018 1800.0 209000
1681146128337 1900.0 209500
1681146128665 2000.0 210000
1681146129117 100.0 210500
1681146129643 200.0 211000
1681146130047 300.0 211500
1681146130360 400.0 212000
1681146130766 500.0 212500
1681146131025 600.0 213000
1681146131358 700.0 213500
1681146131723 800.0 214000
1681146132049 900.0 214500
1681146132376 1000.0 215000
1681146132617 1100.0 215500
1681146132952 1200.0 216000
1681146133240 1300.0 216500
1681146133672 1400.0 217000
1681146134187 1500.0 217500
1681146134469 1600.0 218000
1681146134776 1700.0 218500
1681146135151 1800.0 219000
1681146135430 1900.0 219500
1681146135867 2000.0 220000
1681146136311 100.0 220500
1681146136694 200.0 221000
1681146136964 300.0 221500
1681146137198 400.0 222000
1681146137478 500.0 222500
1681146137833 600.0 223000
1681146138127 700.0 223500
1681146138480 800.0 224000
1681146138790 900.0 224500
1681146139103 1000.0 225000
1681146139428 1100.0 225500
1681146139771 1200.0 226000
1681146140030 1300.0 226500
1681146140495 1400.0 227000
1681146140829 1500.0 227500
1681146141079 1600.0 228000
1681146141434 1700.0 228500
1681146141802 1800.0 229000
1681146142209 1900.0 229500
1681146142721 2000.0 230000
1681146143105 100.0 230500
1681146143527 200.0 231000
1681146144209 300.0 231500
1681146144584 400.0 232000
1681146145307 500.0 232500
1681146146259 600.0 233000
1681146146755 700.0 233500
1681146147102 800.0 234000
1681146147434 900.0 234500
1681146147799 1000.0 235000
1681146148138 1100.0 235500
1681146148658 1200.0 236000
1681146148926 1300.0 236500
1681146149232 1400.0 237000
1681146149517 1500.0 237500
1681146149730 1600.0 238000
1681146150003 1700.0 238500
1681146150224 1800.0 239000
1681146150439 1900.0 239500
1681146150658 2000.0 240000
1681146150890 100.0 240500
1681146151088 200.0 241000
1681146151307 300.0 241500
1681146151502 400.0 242000
1681146151701 500.0 242500
1681146151905 600.0 243000
1681146152131 700.0 243500
1681146152374 800.0 244000
1681146152572 900.0 244500
1681146152856 1000.0 245000
1681146153110 1100.0 245500
1681146153331 1200.0 246000
1681146153614 1300.0 246500
1681146153984 1400.0 247000
1681146154307 1500.0 247500
1681146154507 1600.0 248000
1681146154750 1700.0 248500
1681146155037 1800.0 249000
1681146155388 1900.0 249500
1681146155636 2000.0 250000
1681146155872 100.0 250500
1681146156164 200.0 251000
1681146156532 300.0 251500
1681146157038 400.0 252000
1681146157296 500.0 252500
1681146157531 600.0 253000
1681146157809 700.0 253500
1681146158150 800.0 254000
1681146158511 900.0 254500
1681146158913 1000.0 255000
1681146159218 1100.0 255500
1681146159453 1200.0 256000
1681146159657 1300.0 256500
1681146159889 1400.0 257000
1681146160363 1500.0 257500
1681146160701 1600.0 258000
1681146161046 1700.0 258500
1681146161402 1800.0 259000
1681146161720 1900.0 259500
1681146161992 2000.0 260000
1681146162244 100.0 260500
1681146162520 200.0 261000
1681146162876 300.0 261500
1681146163244 400.0 262000
1681146163455 500.0 262500
1681146163952 600.0 263000
1681146164207 700.0 263500
1681146164430 800.0 264000
1681146164743 900.0 264500
1681146165215 1000.0 265000
1681146165566 1100.0 265500
1681146165920 1200.0 266000
1681146166159 1300.0 266500
1681146166531 1400.0 267000
1681146166736 1500.0 267500
1681146167003 1600.0 268000
1681146167415 1700.0 268500
1681146167942 1800.0 269000
1681146168485 1900.0 269500
1681146168883 2000.0 270000
1681146169227 100.0 270500
1681146169482 200.0 271000
1681146170072 300.0 271500
1681146170461 400.0 272000
1681146170992 500.0 272500
1681146171340 600.0 273000
1681146172045 700.0 273500
1681146172330 800.0 274000
1681146172832 900.0 274500
1681146173175 1000.0 275000
1681146173582 1100.0 275500
1681146173928 1200.0 276000
1681146174235 1300.0 276500
1681146174506 1400.0 277000
1681146175231 1500.0 277500
1681146175832 1600.0 278000
1681146176369 1700.0 278500
1681146176784 1800.0 279000
1681146177055 1900.0 279500
1681146177299 2000.0 280000
1681146177666 100.0 280500
1681146178114 200.0 281000
1681146178909 300.0 281500
1681146179233 400.0 282000
1681146179683 500.0 282500
1681146180059 600.0 283000
1681146180647 700.0 283500
1681146180895 800.0 284000
1681146181241 900.0 284500
1681146181688 1000.0 285000
1681146182204 1100.0 285500
1681146182626 1200.0 286000
1681146183152 1300.0 286500
1681146183605 1400.0 287000
1681146184173 1500.0 287500
1681146184620 1600.0 288000
1681146185232 1700.0 288500
1681146185867 1800.0 289000
1681146187035 1900.0 289500
1681146187387 2000.0 290000
1681146187850 100.0 290500
1681146188434 200.0 291000
1681146189428 300.0 291500
1681146189808 400.0 292000
1681146190271 500.0 292500
1681146190771 600.0 293000
1681146191424 700.0 293500
1681146191900 800.0 294000
1681146192675 900.0 294500
1681146193019 1000.0 295000
1681146193503 1100.0 295500
1681146193983 1200.0 296000
1681146194584 1300.0 296500
1681146195166 1400.0 297000
1681146196075 1500.0 297500
1681146196552 1600.0 298000
1681146197253 1700.0 298500
1681146197695 1800.0 299000
1681146198309 1900.0 299500
1681146198777 2000.0 300000
