1681145966434 0.0 500
1681145966627 0.0 1000
1681145966808 0.0 1500
1681145967039 0.0 2000
1681145967244 1.0 2500
1681145967459 1.0 3000
1681145967694 1.0 3500
1681145967907 1.0 4000
1681145968108 1.0 4500
1681145968350 2.0 5000
1681145968563 2.0 5500
1681145968807 2.0 6000
1681145969087 2.0 6500
1681145969371 3.0 7000
1681145969714 3.0 7500
1681145970473 4.0 8000
1681145970778 4.0 8500
1681145970990 4.0 9000
1681145971625 5.0 9500
1681145972072 5.0 10000
1681145972314 0.0 10500
1681145972542 0.0 11000
1681145972792 0.0 11500
1681145972989 0.0 12000
1681145973216 1.0 12500
1681145973443 1.0 13000
1681145973688 1.0 13500
1681145973926 1.0 14000
1681145974158 2.0 14500
1681145974395 2.0 15000
1681145974661 2.0 15500
1681145974875 2.0 16000
1681145975090 2.0 16500
1681145975315 3.0 17000
1681145975538 3.0 17500
1681145975766 3.0 18000
1681145976009 3.0 18500
1681145976257 4.0 19000
1681145976543 4.0 19500
1681145976743 4.0 20000
1681145976984 0.0 20500
1681145977291 0.0 21000
1681145977551 0.0 21500
1681145977779 1.0 22000
1681145977995 1.0 22500
1681145978191 1.0 23000
1681145978425 1.0 23500
1681145978741 1.0 24000
1681145978981 2.0 24500
1681145979212 2.0 25000
1681145979439 2.0 25500
1681145979740 2.0 26000
1681145980019 3.0 26500
1681145980216 3.0 27000
1681145980479 3.0 27500
1681145980693 3.0 28000
1681145980974 4.0 28500
1681145981204 4.0 29000
1681145981468 4.0 29500
1681145981699 4.0 30000
1681145981933 0.0 30500
1681145982191 0.0 31000
1681145982393 0.0 31500
1681145982616 0.0 32000
1681145982841 1.0 32500
1681145983155 1.0 33000
1681145983404 1.0 33500
1681145983680 1.0 34000
1681145983961 2.0 34500
1681145984254 2.0 35000
1681145984491 2.0 35500
1681145984729 3.0 36000
1681145984986 3.0 36500
1681145985382 3.0 37000
1681145985633 3.0 37500
1681145985997 4.0 38000
1681145986258 4.0 38500
1681145986515 4.0 39000
1681145986771 5.0 39500
1681145987044 5.0 40000
1681145987249 0.0 40500
1681145987491 0.0 41000
1681145987738 0.0 41500
1681145987956 0.0 42000
1681145988220 1.0 42500
1681145988461 1.0 43000
1681145988707 1.0 43500
1681145989019 1.0 44000
1681145989311 2.0 44500
1681145989573 2.0 45000
1681145989835 2.0 45500
1681145990051 2.0 46000
1681145990318 3.0 46500
1681145990585 3.0 47000
1681145990952 3.0 47500
1681145991174 4.0 48000
1681145991420 4.0 48500
1681145991649 4.0 49000
1681145992117 5.0 49500
1681145992415 5.0 50000
1681145992686 0.0 50500
1681145992949 0.0 51000
1681145993219 0.0 51500
1681145993442 1.0 52000
1681145993690 1.0 52500
1681145993957 1.0 53000
1681145994168 1.0 53500
1681145994381 1.0 54000
1681145994656 2.0 54500
1681145994901 2.0 55000
1681145995174 2.0 55500
1681145995403 2.0 56000
1681145995863 3.0 56500
1681145996101 3.0 57000
1681145996383 3.0 57500
1681145996595 4.0 58000
1681145996839 4.0 58500
1681145997072 4.0 59000
1681145997473 5.0 59500
1681145997724 5.0 60000
1681145997954 0.0 60500
1681145998151 0.0 61000
1681145998406 0.0 61500
1681145998659 0.0 62000
1681145998956 1.0 62500
1681145999301 1.0 63000
1681145999529 1.0 63500
1681145999765 2.0 64000
1681146000036 2.0 64500
1681146000277 2.0 65000
1681146000640 2.0 65500
1681146000927 3.0 66000
1681146001148 3.0 66500
1681146001356 3.0 67000
1681146001676 3.0 67500
1681146002030 4.0 68000
1681146002224 4.0 68500
1681146002533 4.0 69000
1681146002782 5.0 69500
1681146003057 5.0 70000
1681146003328 0.0 70500
1681146003772 0.0 71000
1681146004054 0.0 71500
1681146004312 1.0 72000
1681146004693 1.0 72500
1681146004929 1.0 73000
1681146005133 2.0 73500
1681146005397 2.0 74000
1681146005992 2.0 74500
1681146006390 3.0 75000
1681146006753 3.0 75500
1681146007098 4.0 76000
1681146007401 4.0 76500
1681146007649 4.0 77000
1681146007931 4.0 77500
1681146008189 5.0 78000
1681146008443 5.0 78500
1681146008685 5.0 79000
1681146008907 5.0 79500
1681146009125 6.0 80000
1681146009404 0.0 80500
1681146009639 0.0 81000
1681146009886 0.0 81500
1681146010173 1.0 82000
1681146010443 1.0 82500
1681146010642 1.0 83000
1681146010928 1.0 83500
1681146011181 2.0 84000
1681146011428 2.0 84500
1681146011739 2.0 85000
1681146011966 2.0 85500
1681146012314 3.0 86000
1681146012539 3.0 86500
1681146012841 3.0 87000
1681146013130 3.0 87500
1681146013404 4.0 88000
1681146013622 4.0 88500
1681146014125 4.0 89000
1681146014589 5.0 89500
1681146015073 5.0 90000
1681146015316 0.0 90500
1681146015631 0.0 91000
1681146015847 0.0 91500
1681146016130 1.0 92000
1681146016675 1.0 92500
1681146016894 1.0 93000
1681146017123 2.0 93500
1681146017654 2.0 94000
1681146018017 2.0 94500
1681146018293 3.0 95000
1681146018658 3.0 95500
1681146018991 3.0 96000
1681146019291 4.0 96500
1681146019511 4.0 97000
1681146019802 4.0 97500
1681146020005 4.0 98000
1681146020221 5.0 98500
1681146020453 5.0 99000
1681146020682 5.0 99500
1681146020931 5.0 100000
1681146021244 0.0 100500
1681146021554 0.0 101000
1681146021831 0.0 101500
1681146022196 1.0 102000
1681146022408 1.0 102500
1681146022701 1.0 103000
1681146023037 2.0 103500
1681146023424 2.0 104000
1681146024145 3.0 104500
1681146024614 3.0 105000
1681146025440 4.0 105500
1681146025669 4.0 106000
1681146026028 5.0 106500
1681146026587 5.0 107000
1681146027714 6.0 107500
1681146027954 7.0 108000
1681146028239 7.0 108500
1681146028873 7.0 109000
1681146029169 8.0 109500
1681146029692 8.0 110000
1681146029955 0.0 110500
1681146030291 0.0 111000
1681146030647 0.0 111500
1681146031044 1.0 112000
1681146031919 2.0 112500
1681146032469 2.0 113000
1681146032662 2.0 113500
1681146033087 3.0 114000
1681146034302 4.0 114500
1681146034511 4.0 115000
1681146034988 5.0 115500
1681146035476 5.0 116000
1681146035794 6.0 116500
1681146036096 6.0 117000
1681146036738 7.0 117500
1681146037027 7.0 118000
1681146037314 7.0 118500
1681146037904 8.0 119000
1681146038588 8.0 119500
1681146039103 9.0 120000
1681146039664 0.0 120500
1681146040226 1.0 121000
1681146040802 1.0 121500
1681146041186 2.0 122000
1681146041795 2.0 122500
1681146042616 3.0 123000
1681146043243 4.0 123500
1681146043963 4.0 124000
1681146044233 5.0 124500
1681146044499 5.0 125000
1681146045179 6.0 125500
1681146045622 6.0 126000
1681146046048 6.0 126500
1681146046442 7.0 127000
1681146047573 8.0 127500
1681146047946 8.0 128000
1681146048348 9.0 128500
1681146049081 9.0 129000
1681146049749 10.0 129500
1681146050097 10.0 130000
1681146050724 0.0 130500
1681146051222 1.0 131000
1681146051479 1.0 131500
1681146052100 1.0 132000
1681146052783 2.0 132500
1681146053006 2.0 133000
1681146053302 3.0 133500
1681146053841 3.0 134000
1681146054577 4.0 134500
1681146054805 4.0 135000
1681146055390 5.0 135500
1681146055862 5.0 136000
1681146056631 6.0 136500
1681146057105 7.0 137000
1681146057365 7.0 137500
1681146057567 7.0 138000
1681146057784 7.0 138500
1681146058012 7.0 139000
1681146058461 8.0 139500
1681146058648 8.0 140000
1681146059050 0.0 140500
1681146059758 1.0 141000
1681146060232 1.0 141500
1681146061194 2.0 142000
1681146061575 2.0 142500
1681146062239 3.0 143000
1681146062680 4.0 143500
1681146063417 4.0 144000
1681146063818 5.0 144500
1681146064489 5.0 145000
1681146064698 6.0 145500
1681146064999 6.0 146000
1681146065241 6.0 146500
1681146065514 6.0 147000
1681146065930 7.0 147500
1681146066372 7.0 148000
1681146067392 8.0 148500
1681146067629 8.0 149000
1681146068171 9.0 149500
1681146068646 9.0 150000
1681146069314 0.0 150500
1681146069890 1.0 151000
1681146070138 1.0 151500
1681146070624 1.0 152000
1681146071586 2.0 152500
1681146071908 3.0 153000
1681146072874 4.0 153500
1681146073254 4.0 154000
1681146073647 4.0 154500
1681146074321 5.0 155000
1681146074587 5.0 155500
1681146075271 6.0 156000
1681146076060 7.0 156500
1681146076546 7.0 157000
1681146077064 8.0 157500
1681146077414 8.0 158000
1681146077686 9.0 158500
1681146078242 9.0 159000
1681146079039 10.0 159500
1681146079660 11.0 160000
1681146080553 0.0 160500
1681146080857 1.0 161000
1681146081396 1.0 161500
1681146081978 2.0 162000
1681146082313 2.0 162500
1681146083237 3.0 163000
1681146083886 4.0 163500
1681146084368 4.0 164000
1681146084692 5.0 164500
1681146085348 5.0 165000
1681146085843 6.0 165500
1681146086264 6.0 166000
1681146087329 7.0 166500
1681146087732 8.0 167000
1681146088691 9.0 167500
1681146089054 9.0 168000
1681146089499 9.0 168500
1681146090436 10.0 169000
1681146090852 11.0 169500
1681146091579 11.0 170000
1681146091994 0.0 170500
1681146092812 1.0 171000
1681146093310 1.0 171500
1681146094356 2.0 172000
1681146094610 3.0 172500
1681146094965 3.0 173000
1681146095847 4.0 173500
1681146096187 4.0 174000
1681146096559 4.0 174500
1681146096895 5.0 175000
1681146097147 5.0 175500
1681146097864 6.0 176000
1681146098396 6.0 176500
1681146098857 7.0 177000
1681146099919 8.0 177500
1681146100326 8.0 178000
1681146101044 9.0 178500
1681146101322 9.0 179000
1681146102001 10.0 179500
1681146102685 11.0 180000
1681146103190 0.0 180500
1681146103671 0.0 181000
1681146104150 1.0 181500
1681146104610 1.0 182000
1681146105453 2.0 182500
1681146105903 3.0 183000
1681146106735 4.0 183500
1681146106990 4.0 184000
1681146107538 4.0 184500
1681146108107 5.0 185000
1681146108759 6.0 185500
1681146109336 6.0 186000
1681146109665 6.0 186500
1681146109929 7.0 187000
1681146110299 7.0 187500
1681146110862 8.0 188000
1681146111280 8.0 188500
1681146111773 9.0 189000
1681146112577 9.0 189500
1681146113346 10.0 190000
1681146113691 0.0 190500
1681146114303 0.0 191000
1681146114714 1.0 191500
1681146115319 1.0 192000
1681146115798 2.0 192500
1681146116164 2.0 193000
1681146116695 3.0 193500
1681146117213 3.0 194000
1681146117687 4.0 194500
1681146118083 4.0 195000
1681146118689 5.0 195500
1681146119060 5.0 196000
1681146119353 5.0 196500
1681146119639 6.0 197000
1681146119939 6.0 197500
1681146120272 6.0 198000
1681146120572 7.0 198500
1681146120820 7.0 199000
1681146121090 7.0 199500
1681146121450 8.0 200000
1681146121780 0.0 200500
1681146122084 0.0 201000
1681146122364 0.0 201500
1681146122687 1.0 202000
1681146123023 1.0 202500
1681146123306 1.0 203000
1681146123652 2.0 203500
1681146123947 2.0 204000
1681146124276 2.0 204500
1681146124698 3.0 205000
1681146125082 3.0 205500
1681146125622 4.0 206000
1681146126130 4.0 206500
1681146126475 5.0 207000
1681146126847 5.0 207500
1681146127363 5.0 208000
1681146127741 6.0 208500
1681146128018 6.0 209000
1681146128337 6.0 209500
1681146128666 7.0 210000
1681146129117 0.0 210500
1681146129643 0.0 211000
1681146130048 1.0 211500
1681146130360 1.0 212000
1681146130766 2.0 212500
1681146131025 2.0 213000
1681146131359 2.0 213500
1681146131724 3.0 214000
1681146132050 3.0 214500
1681146132377 3.0 215000
1681146132617 3.0 215500
1681146132952 4.0 216000
1681146133240 4.0 216500
1681146133673 4.0 217000
1681146134187 5.0 217500
1681146134470 5.0 218000
1681146134777 6.0 218500
1681146135152 6.0 219000
1681146135430 6.0 219500
1681146135868 7.0 220000
1681146136312 0.0 220500
1681146136694 0.0 221000
1681146136964 1.0 221500
1681146137199 1.0 222000
1681146137478 1.0 222500
1681146137834 1.0 223000
1681146138127 2.0 223500
1681146138480 2.0 224000
1681146138790 2.0 224500
1681146139103 3.0 225000
1681146139428 3.0 225500
1681146139771 3.0 226000
1681146140030 4.0 226500
1681146140495 4.0 227000
1681146140829 4.0 227500
1681146141080 5.0 228000
1681146141434 5.0 228500
1681146141802 5.0 229000
1681146142209 6.0 229500
1681146142721 6.0 230000
1681146143106 0.0 230500
1681146143528 0.0 231000
1681146144209 1.0 231500
1681146144585 1.0 232000
1681146145308 2.0 232500
1681146146259 3.0 233000
1681146146756 4.0 233500
1681146147103 4.0 234000
1681146147434 4.0 234500
1681146147799 5.0 235000
1681146148139 5.0 235500
1681146148658 5.0 236000
1681146148927 6.0 236500
1681146149233 6.0 237000
1681146149518 6.0 237500
1681146149730 7.0 238000
1681146150003 7.0 238500
1681146150224 7.0 239000
1681146150439 7.0 239500
1681146150658 7.0 240000
1681146150890 0.0 240500
1681146151088 0.0 241000
1681146151308 0.0 241500
1681146151503 0.0 242000
1681146151701 1.0 242500
1681146151906 1.0 243000
1681146152132 1.0 243500
1681146152375 1.0 244000
1681146152573 1.0 244500
1681146152856 2.0 245000
1681146153111 2.0 245500
1681146153332 2.0 246000
1681146153615 2.0 246500
1681146153985 3.0 247000
1681146154307 3.0 247500
1681146154507 3.0 248000
1681146154751 4.0 248500
1681146155037 4.0 249000
1681146155389 4.0 249500
1681146155636 4.0 250000
1681146155872 0.0 250500
1681146156164 0.0 251000
1681146156533 0.0 251500
1681146157039 1.0 252000
1681146157297 1.0 252500
1681146157532 1.0 253000
1681146157810 2.0 253500
1681146158151 2.0 254000
1681146158512 2.0 254500
1681146158914 3.0 255000
1681146159219 3.0 255500
1681146159453 3.0 256000
1681146159658 4.0 256500
1681146159890 4.0 257000
1681146160364 4.0 257500
1681146160702 5.0 258000
1681146161047 5.0 258500
1681146161402 5.0 259000
1681146161721 6.0 259500
1681146161993 6.0 260000
1681146162244 0.0 260500
1681146162520 0.0 261000
1681146162876 0.0 261500
1681146163245 1.0 262000
1681146163456 1.0 262500
1681146163953 1.0 263000
1681146164207 2.0 263500
1681146164431 2.0 264000
1681146164744 2.0 264500
1681146165216 3.0 265000
1681146165566 3.0 265500
1681146165920 3.0 266000
1681146166160 4.0 266500
1681146166531 4.0 267000
1681146166736 4.0 267500
1681146167004 5.0 268000
1681146167416 5.0 268500
1681146167942 5.0 269000
1681146168486 6.0 269500
1681146168883 6.0 270000
1681146169228 0.0 270500
1681146169482 0.0 271000
1681146170073 1.0 271500
1681146170461 1.0 272000
1681146170992 2.0 272500
1681146171340 2.0 273000
1681146172046 3.0 273500
1681146172330 3.0 274000
1681146172832 3.0 274500
1681146173176 4.0 275000
1681146173582 4.0 275500
1681146173928 5.0 276000
1681146174235 5.0 276500
1681146174507 5.0 277000
1681146175231 6.0 277500
1681146175833 6.0 278000
1681146176370 7.0 278500
1681146176784 7.0 279000
1681146177056 8.0 279500
1681146177299 8.0 280000
1681146177666 0.0 280500
1681146178114 0.0 281000
1681146178909 1.0 281500
1681146179234 1.0 282000
1681146179683 2.0 282500
1681146180060 2.0 283000
1681146180647 3.0 283500
1681146180896 3.0 284000
1681146181242 3.0 284500
1681146181688 4.0 285000
1681146182204 4.0 285500
1681146182627 5.0 286000
1681146183153 5.0 286500
1681146183606 6.0 287000
1681146184173 6.0 287500
1681146184620 7.0 288000
1681146185232 7.0 288500
1681146185868 8.0 289000
1681146187036 9.0 289500
1681146187387 10.0 290000
1681146187851 0.0 290500
1681146188435 1.0 291000
1681146189429 2.0 291500
1681146189808 2.0 292000
1681146190272 2.0 292500
1681146190772 3.0 293000
1681146191424 4.0 293500
1681146191900 4.0 294000
1681146192676 5.0 294500
1681146193020 5.0 295000
1681146193504 6.0 295500
1681146193984 6.0 296000
1681146194585 7.0 296500
1681146195166 7.0 297000
1681146196076 8.0 297500
1681146196552 9.0 298000
1681146197253 9.0 298500
1681146197695 10.0 299000
1681146198309 10.0 299500
1681146198777 11.0 300000
