1681145966434 500.0 500
1681145966627 1000.0 1000
1681145966808 1500.0 1500
1681145967040 2000.0 2000
1681145967245 2500.0 2500
1681145967459 3000.0 3000
1681145967694 3500.0 3500
1681145967907 4000.0 4000
1681145968108 4500.0 4500
1681145968350 5000.0 5000
1681145968563 5500.0 5500
1681145968807 6000.0 6000
1681145969087 6500.0 6500
1681145969372 7000.0 7000
1681145969715 7500.0 7500
1681145970473 8000.0 8000
1681145970779 8500.0 8500
1681145970991 9000.0 9000
1681145971626 9500.0 9500
1681145972072 10000.0 10000
1681145972314 10500.0 10500
1681145972542 11000.0 11000
1681145972792 11500.0 11500
1681145972990 12000.0 12000
1681145973217 12500.0 12500
1681145973444 13000.0 13000
1681145973688 13500.0 13500
1681145973926 14000.0 14000
1681145974158 14500.0 14500
1681145974395 15000.0 15000
1681145974661 15500.0 15500
1681145974876 16000.0 16000
1681145975091 16500.0 16500
1681145975315 17000.0 17000
1681145975539 17500.0 17500
1681145975766 18000.0 18000
1681145976009 18500.0 18500
1681145976257 19000.0 19000
1681145976543 19500.0 19500
1681145976743 20000.0 20000
1681145976984 20500.0 20500
1681145977292 21000.0 21000
1681145977552 21500.0 21500
1681145977779 22000.0 22000
1681145977995 22500.0 22500
1681145978191 23000.0 23000
1681145978425 23500.0 23500
1681145978741 24000.0 24000
1681145978981 24500.0 24500
1681145979212 25000.0 25000
1681145979439 25500.0 25500
1681145979740 26000.0 26000
1681145980019 26500.0 26500
1681145980217 27000.0 27000
1681145980480 27500.0 27500
1681145980693 28000.0 28000
1681145980975 28500.0 28500
1681145981204 29000.0 29000
1681145981469 29500.0 29500
1681145981700 30000.0 30000
1681145981934 30500.0 30500
1681145982191 31000.0 31000
1681145982393 31500.0 31500
1681145982616 32000.0 32000
1681145982842 32500.0 32500
1681145983156 33000.0 33000
1681145983404 33500.0 33500
1681145983681 34000.0 34000
1681145983961 34500.0 34500
1681145984255 35000.0 35000
1681145984491 35500.0 35500
1681145984729 36000.0 36000
1681145984987 36500.0 36500
1681145985382 37000.0 37000
1681145985633 37500.0 37500
1681145985998 38000.0 38000
1681145986258 38500.0 38500
1681145986515 39000.0 39000
1681145986771 39500.0 39500
1681145987044 40000.0 40000
1681145987249 40500.0 40500
1681145987492 41000.0 41000
1681145987739 41500.0 41500
1681145987957 42000.0 42000
1681145988220 42500.0 42500
1681145988461 43000.0 43000
1681145988708 43500.0 43500
1681145989020 44000.0 44000
1681145989311 44500.0 44500
1681145989573 45000.0 45000
1681145989835 45500.0 45500
1681145990052 46000.0 46000
1681145990319 46500.0 46500
1681145990585 47000.0 47000
1681145990952 47500.0 47500
1681145991175 48000.0 48000
1681145991421 48500.0 48500
1681145991650 49000.0 49000
1681145992117 49500.0 49500
1681145992416 50000.0 50000
1681145992686 50500.0 50500
1681145992949 51000.0 51000
1681145993219 51500.0 51500
1681145993442 52000.0 52000
1681145993691 52500.0 52500
1681145993957 53000.0 53000
1681145994168 53500.0 53500
1681145994381 54000.0 54000
1681145994656 54500.0 54500
1681145994902 55000.0 55000
1681145995175 55500.0 55500
1681145995403 56000.0 56000
1681145995863 56500.0 56500
1681145996102 57000.0 57000
1681145996383 57500.0 57500
1681145996595 58000.0 58000
1681145996839 58500.0 58500
1681145997073 59000.0 59000
1681145997474 59500.0 59500
1681145997724 60000.0 60000
1681145997954 60500.0 60500
1681145998152 61000.0 61000
1681145998406 61500.0 61500
1681145998659 62000.0 62000
1681145998956 62500.0 62500
1681145999302 63000.0 63000
1681145999529 63500.0 63500
1681145999766 64000.0 64000
1681146000036 64500.0 64500
1681146000277 65000.0 65000
1681146000641 65500.0 65500
1681146000927 66000.0 66000
1681146001148 66500.0 66500
1681146001357 67000.0 67000
1681146001676 67500.0 67500
1681146002031 68000.0 68000
1681146002225 68500.0 68500
1681146002533 69000.0 69000
1681146002783 69500.0 69500
1681146003058 70000.0 70000
1681146003329 70500.0 70500
1681146003772 71000.0 71000
1681146004055 71500.0 71500
1681146004313 72000.0 72000
1681146004693 72500.0 72500
1681146004930 73000.0 73000
1681146005133 73500.0 73500
1681146005398 74000.0 74000
1681146005992 74500.0 74500
1681146006390 75000.0 75000
1681146006753 75500.0 75500
1681146007099 76000.0 76000
1681146007402 76500.0 76500
1681146007649 77000.0 77000
1681146007931 77500.0 77500
1681146008190 78000.0 78000
1681146008444 78500.0 78500
1681146008685 79000.0 79000
1681146008907 79500.0 79500
1681146009125 80000.0 80000
1681146009405 80500.0 80500
1681146009640 81000.0 81000
1681146009887 81500.0 81500
1681146010173 82000.0 82000
1681146010443 82500.0 82500
1681146010642 83000.0 83000
1681146010929 83500.0 83500
1681146011182 84000.0 84000
1681146011428 84500.0 84500
1681146011739 85000.0 85000
1681146011966 85500.0 85500
1681146012315 86000.0 86000
1681146012540 86500.0 86500
1681146012841 87000.0 87000
1681146013131 87500.0 87500
1681146013405 88000.0 88000
1681146013622 88500.0 88500
1681146014126 89000.0 89000
1681146014589 89500.0 89500
1681146015073 90000.0 90000
1681146015316 90500.0 90500
1681146015631 91000.0 91000
1681146015847 91500.0 91500
1681146016131 92000.0 92000
1681146016675 92500.0 92500
1681146016894 93000.0 93000
1681146017124 93500.0 93500
1681146017654 94000.0 94000
1681146018018 94500.0 94500
1681146018294 95000.0 95000
1681146018658 95500.0 95500
1681146018991 96000.0 96000
1681146019291 96500.0 96500
1681146019512 97000.0 97000
1681146019802 97500.0 97500
1681146020005 98000.0 98000
1681146020221 98500.0 98500
1681146020453 99000.0 99000
1681146020683 99500.0 99500
1681146020931 100000.0 100000
1681146021245 100500.0 100500
1681146021555 101000.0 101000
1681146021832 101500.0 101500
1681146022196 102000.0 102000
1681146022409 102500.0 102500
1681146022702 103000.0 103000
1681146023038 103500.0 103500
1681146023425 104000.0 104000
1681146024145 104500.0 104500
1681146024614 105000.0 105000
1681146025440 105500.0 105500
1681146025670 106000.0 106000
1681146026028 106500.0 106500
1681146026587 107000.0 107000
1681146027714 107500.0 107500
1681146027954 108000.0 108000
1681146028239 108500.0 108500
1681146028873 109000.0 109000
1681146029170 109500.0 109500
1681146029693 110000.0 110000
1681146029955 110500.0 110500
1681146030292 111000.0 111000
1681146030647 111500.0 111500
1681146031045 112000.0 112000
1681146031920 112500.0 112500
1681146032470 113000.0 113000
1681146032662 113500.0 113500
1681146033088 114000.0 114000
1681146034302 114500.0 114500
1681146034512 115000.0 115000
1681146034988 115500.0 115500
1681146035476 116000.0 116000
1681146035794 116500.0 116500
1681146036096 117000.0 117000
1681146036739 117500.0 117500
1681146037027 118000.0 118000
1681146037314 118500.0 118500
1681146037904 119000.0 119000
1681146038589 119500.0 119500
1681146039103 120000.0 120000
1681146039665 120500.0 120500
1681146040227 121000.0 121000
1681146040803 121500.0 121500
1681146041187 122000.0 122000
1681146041796 122500.0 122500
1681146042616 123000.0 123000
1681146043244 123500.0 123500
1681146043964 124000.0 124000
1681146044233 124500.0 124500
1681146044499 125000.0 125000
1681146045179 125500.0 125500
1681146045623 126000.0 126000
1681146046049 126500.0 126500
1681146046442 127000.0 127000
1681146047574 127500.0 127500
1681146047946 128000.0 128000
1681146048348 128500.0 128500
1681146049082 129000.0 129000
1681146049749 129500.0 129500
1681146050097 130000.0 130000
1681146050725 130500.0 130500
1681146051223 131000.0 131000
1681146051480 131500.0 131500
1681146052100 132000.0 132000
1681146052783 132500.0 132500
1681146053006 133000.0 133000
1681146053302 133500.0 133500
1681146053841 134000.0 134000
1681146054578 134500.0 134500
1681146054806 135000.0 135000
1681146055391 135500.0 135500
1681146055862 136000.0 136000
1681146056631 136500.0 136500
1681146057106 137000.0 137000
1681146057365 137500.0 137500
1681146057567 138000.0 138000
1681146057785 138500.0 138500
1681146058012 139000.0 139000
1681146058461 139500.0 139500
1681146058649 140000.0 140000
1681146059051 140500.0 140500
1681146059758 141000.0 141000
1681146060232 141500.0 141500
1681146061195 142000.0 142000
1681146061576 142500.0 142500
1681146062239 143000.0 143000
1681146062680 143500.0 143500
1681146063418 144000.0 144000
1681146063819 144500.0 144500
1681146064490 145000.0 145000
1681146064699 145500.0 145500
1681146064999 146000.0 146000
1681146065241 146500.0 146500
1681146065515 147000.0 147000
1681146065930 147500.0 147500
1681146066372 148000.0 148000
1681146067393 148500.0 148500
1681146067629 149000.0 149000
1681146068172 149500.0 149500
1681146068646 150000.0 150000
1681146069314 150500.0 150500
1681146069891 151000.0 151000
1681146070138 151500.0 151500
1681146070624 152000.0 152000
1681146071586 152500.0 152500
1681146071909 153000.0 153000
1681146072875 153500.0 153500
1681146073254 154000.0 154000
1681146073647 154500.0 154500
1681146074322 155000.0 155000
1681146074587 155500.0 155500
1681146075272 156000.0 156000
1681146076061 156500.0 156500
1681146076547 157000.0 157000
1681146077064 157500.0 157500
1681146077414 158000.0 158000
1681146077687 158500.0 158500
1681146078243 159000.0 159000
1681146079040 159500.0 159500
1681146079661 160000.0 160000
1681146080553 160500.0 160500
1681146080858 161000.0 161000
1681146081396 161500.0 161500
1681146081979 162000.0 162000
1681146082313 162500.0 162500
1681146083237 163000.0 163000
1681146083886 163500.0 163500
1681146084368 164000.0 164000
1681146084692 164500.0 164500
1681146085348 165000.0 165000
1681146085843 165500.0 165500
1681146086265 166000.0 166000
1681146087329 166500.0 166500
1681146087733 167000.0 167000
1681146088691 167500.0 167500
1681146089054 168000.0 168000
1681146089500 168500.0 168500
1681146090436 169000.0 169000
1681146090853 169500.0 169500
1681146091580 170000.0 170000
1681146091995 170500.0 170500
1681146092813 171000.0 171000
1681146093311 171500.0 171500
1681146094357 172000.0 172000
1681146094611 172500.0 172500
1681146094966 173000.0 173000
1681146095847 173500.0 173500
1681146096188 174000.0 174000
1681146096559 174500.0 174500
1681146096896 175000.0 175000
1681146097148 175500.0 175500
1681146097864 176000.0 176000
1681146098396 176500.0 176500
1681146098857 177000.0 177000
1681146099919 177500.0 177500
1681146100326 178000.0 178000
1681146101045 178500.0 178500
1681146101322 179000.0 179000
1681146102002 179500.0 179500
1681146102686 180000.0 180000
1681146103191 180500.0 180500
1681146103671 181000.0 181000
1681146104150 181500.0 181500
1681146104611 182000.0 182000
1681146105453 182500.0 182500
1681146105903 183000.0 183000
1681146106735 183500.0 183500
1681146106990 184000.0 184000
1681146107539 184500.0 184500
1681146108108 185000.0 185000
1681146108759 185500.0 185500
1681146109336 186000.0 186000
1681146109666 186500.0 186500
1681146109929 187000.0 187000
1681146110299 187500.0 187500
1681146110863 188000.0 188000
1681146111281 188500.0 188500
1681146111773 189000.0 189000
1681146112577 189500.0 189500
1681146113346 190000.0 190000
1681146113692 190500.0 190500
1681146114304 191000.0 191000
1681146114714 191500.0 191500
1681146115319 192000.0 192000
1681146115798 192500.0 192500
1681146116164 193000.0 193000
1681146116695 193500.0 193500
1681146117213 194000.0 194000
1681146117687 194500.0 194500
1681146118083 195000.0 195000
1681146118690 195500.0 195500
1681146119060 196000.0 196000
1681146119353 196500.0 196500
1681146119640 197000.0 197000
1681146119939 197500.0 197500
1681146120272 198000.0 198000
1681146120572 198500.0 198500
1681146120821 199000.0 199000
1681146121090 199500.0 199500
1681146121450 200000.0 200000
1681146121781 200500.0 200500
1681146122084 201000.0 201000
1681146122364 201500.0 201500
1681146122687 202000.0 202000
1681146123023 202500.0 202500
1681146123306 203000.0 203000
1681146123652 203500.0 203500
1681146123947 204000.0 204000
1681146124277 204500.0 204500
1681146124698 205000.0 205000
1681146125082 205500.0 205500
1681146125622 206000.0 206000
1681146126131 206500.0 206500
1681146126476 207000.0 207000
1681146126847 207500.0 207500
1681146127364 208000.0 208000
1681146127741 208500.0 208500
1681146128019 209000.0 209000
1681146128338 209500.0 209500
1681146128666 210000.0 210000
1681146129118 210500.0 210500
1681146129644 211000.0 211000
1681146130048 211500.0 211500
1681146130361 212000.0 212000
1681146130767 212500.0 212500
1681146131026 213000.0 213000
1681146131359 213500.0 213500
1681146131724 214000.0 214000
1681146132050 214500.0 214500
1681146132377 215000.0 215000
1681146132618 215500.0 215500
1681146132953 216000.0 216000
1681146133241 216500.0 216500
1681146133673 217000.0 217000
1681146134187 217500.0 217500
1681146134470 218000.0 218000
1681146134777 218500.0 218500
1681146135152 219000.0 219000
1681146135431 219500.0 219500
1681146135868 220000.0 220000
1681146136312 220500.0 220500
1681146136695 221000.0 221000
1681146136965 221500.0 221500
1681146137199 222000.0 222000
1681146137478 222500.0 222500
1681146137834 223000.0 223000
1681146138128 223500.0 223500
1681146138480 224000.0 224000
1681146138791 224500.0 224500
1681146139103 225000.0 225000
1681146139428 225500.0 225500
1681146139772 226000.0 226000
1681146140031 226500.0 226500
1681146140496 227000.0 227000
1681146140830 227500.0 227500
1681146141080 228000.0 228000
1681146141434 228500.0 228500
1681146141802 229000.0 229000
1681146142210 229500.0 229500
1681146142722 230000.0 230000
1681146143106 230500.0 230500
1681146143528 231000.0 231000
1681146144210 231500.0 231500
1681146144585 232000.0 232000
1681146145308 232500.0 232500
1681146146259 233000.0 233000
1681146146756 233500.0 233500
1681146147103 234000.0 234000
1681146147435 234500.0 234500
1681146147799 235000.0 235000
1681146148139 235500.0 235500
1681146148659 236000.0 236000
1681146148927 236500.0 236500
1681146149233 237000.0 237000
1681146149518 237500.0 237500
1681146149731 238000.0 238000
1681146150004 238500.0 238500
1681146150224 239000.0 239000
1681146150440 239500.0 239500
1681146150659 240000.0 240000
1681146150890 240500.0 240500
1681146151088 241000.0 241000
1681146151308 241500.0 241500
1681146151503 242000.0 242000
1681146151701 242500.0 242500
1681146151906 243000.0 243000
1681146152132 243500.0 243500
1681146152375 244000.0 244000
1681146152573 244500.0 244500
1681146152857 245000.0 245000
1681146153111 245500.0 245500
1681146153332 246000.0 246000
1681146153615 246500.0 246500
1681146153985 247000.0 247000
1681146154308 247500.0 247500
1681146154508 248000.0 248000
1681146154751 248500.0 248500
1681146155038 249000.0 249000
1681146155389 249500.0 249500
1681146155637 250000.0 250000
1681146155872 250500.0 250500
1681146156164 251000.0 251000
1681146156533 251500.0 251500
1681146157039 252000.0 252000
1681146157297 252500.0 252500
1681146157533 253000.0 253000
1681146157810 253500.0 253500
1681146158151 254000.0 254000
1681146158512 254500.0 254500
1681146158914 255000.0 255000
1681146159219 255500.0 255500
1681146159453 256000.0 256000
1681146159658 256500.0 256500
1681146159890 257000.0 257000
1681146160364 257500.0 257500
1681146160702 258000.0 258000
1681146161047 258500.0 258500
1681146161403 259000.0 259000
1681146161721 259500.0 259500
1681146161993 260000.0 260000
1681146162245 260500.0 260500
1681146162521 261000.0 261000
1681146162877 261500.0 261500
1681146163245 262000.0 262000
1681146163456 262500.0 262500
1681146163953 263000.0 263000
1681146164208 263500.0 263500
1681146164431 264000.0 264000
1681146164744 264500.0 264500
1681146165216 265000.0 265000
1681146165567 265500.0 265500
1681146165920 266000.0 266000
1681146166160 266500.0 266500
1681146166532 267000.0 267000
1681146166736 267500.0 267500
1681146167004 268000.0 268000
1681146167416 268500.0 268500
1681146167942 269000.0 269000
1681146168487 269500.0 269500
1681146168884 270000.0 270000
1681146169228 270500.0 270500
1681146169482 271000.0 271000
1681146170073 271500.0 271500
1681146170462 272000.0 272000
1681146170993 272500.0 272500
1681146171341 273000.0 273000
1681146172046 273500.0 273500
1681146172331 274000.0 274000
1681146172832 274500.0 274500
1681146173176 275000.0 275000
1681146173583 275500.0 275500
1681146173929 276000.0 276000
1681146174236 276500.0 276500
1681146174507 277000.0 277000
1681146175232 277500.0 277500
1681146175833 278000.0 278000
1681146176370 278500.0 278500
1681146176785 279000.0 279000
1681146177056 279500.0 279500
1681146177300 280000.0 280000
1681146177667 280500.0 280500
1681146178115 281000.0 281000
1681146178910 281500.0 281500
1681146179234 282000.0 282000
1681146179684 282500.0 282500
1681146180060 283000.0 283000
1681146180647 283500.0 283500
1681146180896 284000.0 284000
1681146181242 284500.0 284500
1681146181689 285000.0 285000
1681146182205 285500.0 285500
1681146182627 286000.0 286000
1681146183153 286500.0 286500
1681146183606 287000.0 287000
1681146184174 287500.0 287500
1681146184621 288000.0 288000
1681146185233 288500.0 288500
1681146185868 289000.0 289000
1681146187036 289500.0 289500
1681146187388 290000.0 290000
1681146187851 290500.0 290500
1681146188435 291000.0 291000
1681146189429 291500.0 291500
1681146189809 292000.0 292000
1681146190273 292500.0 292500
1681146190772 293000.0 293000
1681146191425 293500.0 293500
1681146191901 294000.0 294000
1681146192676 294500.0 294500
1681146193020 295000.0 295000
1681146193504 295500.0 295500
1681146193984 296000.0 296000
1681146194585 296500.0 296500
1681146195167 297000.0 297000
1681146196076 297500.0 297500
1681146196553 298000.0 298000
1681146197253 298500.0 298500
1681146197696 299000.0 299000
1681146198310 299500.0 299500
1681146198777 300000.0 300000
