1681549354436 2153.0 500
1681549354630 2308.0 1000
1681549354809 2447.0 1500
1681549355160 2076.0 2000
1681549355664 1703.0 2500
1681549355868 1795.0 3000
1681549356077 1861.0 3500
1681549356402 1813.0 4000
1681549356628 1851.0 4500
1681549356835 1894.0 5000
1681549357048 1928.0 5500
1681549357264 1955.0 6000
1681549357511 1960.0 6500
1681549357753 1967.0 7000
1681549357989 1977.0 7500
1681549358198 1999.0 8000
1681549358418 2013.0 8500
1681549358667 2013.0 9000
1681549358870 2032.0 9500
1681549359119 2031.0 10000
