1681549354436 100.0 500
1681549354630 200.0 1000
1681549354810 300.0 1500
1681549355160 400.0 2000
1681549355665 500.0 2500
1681549355868 600.0 3000
1681549356078 700.0 3500
1681549356403 800.0 4000
1681549356628 900.0 4500
1681549356836 1000.0 5000
1681549357048 1100.0 5500
1681549357265 1200.0 6000
1681549357512 1300.0 6500
1681549357754 1400.0 7000
1681549357989 1500.0 7500
1681549358198 1600.0 8000
1681549358419 1700.0 8500
1681549358667 1800.0 9000
1681549358871 1900.0 9500
1681549359120 2000.0 10000
