1681549354437 500.0 500
1681549354631 1000.0 1000
1681549354811 1500.0 1500
1681549355161 2000.0 2000
1681549355666 2500.0 2500
1681549355869 3000.0 3000
1681549356078 3500.0 3500
1681549356404 4000.0 4000
1681549356629 4500.0 4500
1681549356836 5000.0 5000
1681549357049 5500.0 5500
1681549357266 6000.0 6000
1681549357513 6500.0 6500
1681549357755 7000.0 7000
1681549357990 7500.0 7500
1681549358199 8000.0 8000
1681549358420 8500.0 8500
1681549358668 9000.0 9000
1681549358871 9500.0 9500
1681549359121 10000.0 10000
